0.4118004616611093
0.4117321428457407
0.4116941714437174
0.4116854779397894
0.41170874004911984
0.41176208386354257
0.41184564457809764
0.4119590964784652
0.41210209512711865
0.41227423728551893
0.41247507547343076
0.41270411348896185
0.41296081060299267
0.41324457259122943
0.41355476868968866
0.41389072432447993
0.4142517259037411
0.414637026019447
0.41504583638316267
0.4154773450560034
0.4159307102928409
0.4164050659756075
0.41689952493864335
0.41741318241656666
0.4179451196103706
0.4184944073668696
0.41906010996624754
0.4196412890116535
0.42023700983865947
0.4208463361960387
0.4214683480670856
0.42210213948866965
0.42274681545057985
0.42340151019225625
0.4240653824892496
0.42473762483863925
0.42541745799707775
0.4261041496923326
0.4267970098227264
0.42749539705237705
0.42819872313630825
0.4289064571822459
0.42961812983174325
0.4303333373426555
0.43105174555456094
0.4317730937184203
0.43249719817139587
0.4332239583211715
0.43395335025538717
0.434685444055094
0.4354203998849456
0.4361584631134255
0.43689998092960125
0.43764539510945955
0.4383952460239915
0.43915017405585033
0.4399109206722742
0.4406783291371724
0.44145334484583726
0.4422370152663411
0.4430304919752454
0.4438350199807975
0.44465195076452213
0.4454827311245953
0.4463289032409567
0.4471921043185565
0.4480740542089364
0.44897656525981355
0.4499015293192666
0.4508509152487972
0.451826763772799
0.45283118183215837
0.453866338863826
0.4549344507138237
0.45603778641960696
0.45717865392788093
0.45835938504170864
0.45958234054397434
0.4608498924364978
0.4621644168437674
0.46352828437413984
0.46494385014644474
0.46641344595768347
0.4679393601265431
0.46952384094834587
0.4711690764160906
0.4728771854486466
0.47465020673320496
0.47649008753429944
0.4783986749314267
0.4803776952727721
0.48242875711426886
0.48455333134022094
0.48675274286082476
0.4890281603764283
0.49138058881382907
0.4938108507559481
0.49631959086726585
0.4989072586062561
0.5015741024736045
0.5043201627083282
0.5071452646403674
0.5100490127393115
0.5130307853951841
0.5160897304629097
0.5192247615978682
0.5224345554053095
0.5257175518348935
0.5290719435219194
0.5324956894594304
0.5359865063592406
0.5395418723070594
0.5431590290105596
0.5468349848896522
0.550566521405533
0.5543501882897554
0.558182323108348
0.5620590483089222
0.5659762805147796
0.5699297382459283
0.5739149503107013
0.5779272671907596
0.5819618613641532
0.5860137512481098
0.5900778053267877
0.5941487458375954
0.5982211746448768
0.6022895759266845
0.6063483307986792
0.6103917299636431
0.6144139890611611
0.618409252228386
0.6223716195181337
0.6262951511085758
0.6301738855113292
0.6340018438178444
0.6377730571540865
0.6414815712519124
0.6451214645650908
0.6486868527242315
0.6521719152911474
0.655570900256745
0.6588781392917027
0.6620880606463975
0.6651952018316785
0.668194224375904
0.6710799168290676
0.6738472202354618
0.6764912307603544
0.6790072131527931
0.6813906139714324
0.6836370630158914
0.6857423969577363
0.6877026602942219
0.6895141169032453
0.6911732590089081
0.6926768157192241
0.6940217611246176
0.6952053243886457
0.6962249873235997
0.6970785053008582
0.6977639065554702
0.6982794908259675
0.6986238484930796
0.69879585855514
0.698794685761128
0.6986197981034603
0.6982709608848168
0.6977482415535401
0.6970520140451907
0.6961829511294657
0.6951420387791759
0.6939305675603809
0.6925501344899673
0.6910026420739507
0.6892902967066535
0.6874156064164805
0.6853813779438283
0.6831907155208928
0.6808470071519186
0.6783539358898839
0.6757154557043267
0.6729358009042562
0.6700194699584625
0.6669712197338243
0.6637960567605237
0.6604992277316201
0.6570862092365763
0.6535626990759068
0.6499345951985073
0.6462079969469733
0.6423891827174601
0.6384845982512057
0.6345008420023014
0.6304446498632664
0.6263228792871507
0.6221424952432567
0.6179105438219108
0.613634148814825
0.6093204870845375
0.604976763312934
0.6006102053928815
0.596228036724745
0.5918374596500703
0.5874456365747872
0.5830596734903731
0.5786865915943418
0.5743333226976002
0.5700066813774424
0.5657133513307139
0.5614598581240644
0.5572525653929795
0.5530976486064105
0.5490010807064769
0.544968616082216
0.5410057751996811
0.5371178299574259
0.5333097898364553
0.5295863912989845
0.5259520763057909
0.5224109952309793
0.5189669876611168
0.515623575797982
0.5123839567672762
0.5092509961602866
0.5062272251627965
0.5033148275707657
0.5005156508074374
0.4978311958722677
0.49526261979483494
0.49281073727680125
0.4904760237189426
0.4882586196166656
0.4861583362967998
0.4841746629581803
0.4823067749683616
0.4805535433592678
0.47891354545548714
0.4773850789370121
0.4759661651366158
0.4746545764472924
0.47344784154676806
0.47234326506878377
0.4713379338411355
0.47042874697564513
0.4696124231809262
0.4688855198527161
0.46824445007058896
0.46768550201775894
0.46720484677153346
0.4667985691134177
0.46646267514881834
0.4661931110996003
0.4659857794737207
0.4658365548190399
0.46574129899774636
0.4656958783059823
0.46569616819129483
0.4657380830965947
0.4658175709216796
0.4659306410429378
0.4660733667853808
0.4662418983327408
0.46643247266416404
0.4666414227284821
0.4668651858532554
0.4671003113902699
0.4673434676034142
0.4675914478086885
0.4678411757795722
0.4680897104340185
0.46833424982217
0.46857213443622986
0.4688008498659811
0.46901802882530963
0.4692214525764526
0.4694090517799605
0.4695789067993203
0.4697292474898096
0.4698584525017702
0.4699650481287132
0.47004770673078494
0.47010524476405896
0.47013662044595367
0.4701409310867097
0.47011741011635355
0.47006542383603933
0.4699844679220124
0.46987416370953355
0.4697342542834291
0.46956460040086084
0.4693651762710379
0.4691360652154767
0.4688774552313941
0.46858963447961277
0.46827298671735684
0.4679279866949466
0.4675551955343508
0.4671552561062219
0.46672888842091215
0.46627688504764453
0.46580010657484844
0.4652994771234105
0.46477597992333686
0.4642306529631749
0.4636645847203388
0.46307890997926554
0.4624748057432549
0.4618534872447077
0.46121620405742947
0.46056423631358745
0.45989889102697673
0.45922149852334077
0.45853340897752315
0.45783598905651507
0.4571306186666575
0.4564186878025939
0.4557015934949709
0.45498073685335017
0.4542575202004126
0.45353334429307407
0.4528096056260036
0.4520876938127862
0.4513689890399873
0.45065485958927093
0.44994665942308554
0.4492457258294089
0.448553377121608
0.44787091038972615
0.4471995993001157
0.4465406919409112
0.44589540871144995
0.4452649402545697
0.4446504454314052
0.4440530493391728
0.443473841373229
0.4429138733355599
0.4423741575926675
0.44185566528661013
0.4413593246037015
0.44088601910609865
0.4404365861320512
0.4400118152711364
0.43961244692122503
0.4392391709341613
0.4388926253573685
0.4385733952785891
0.4382820117809284
0.4380189510150971
0.4377846333955617
0.43757942292668467
0.43740362666463456
0.43725749432011635
0.43714121800630396
0.43705493213580876
0.43699871346958974
0.43697258132020794
0.43697649791093407
0.43701036889169775
0.43707404401216177
0.4371673179516337
0.4372899313051184
0.4374415717243284
0.4376218752121345
0.4378304275687196
0.4380667659874789
0.43833038079857056
0.43862071735802954
0.43893717808024374
0.43927912461163054
0.43964588014338474
0.44003673186118936
0.4404509335297753
0.4408877082101316
0.44134625110726095
0.4418257325460079
0.44232530107255497
0.44284408667870434
0.44338120414584536
0.443935756505047
0.4445068386092102
0.445093540812575
0.445694952752322
0.44631016722615147
0.4469382841590033
0.4475784146511663
0.44822968509916056
0.44889124137981434
0.4495622530869933
0.4502419178095274
0.45092946543781137
0.45162416248574777
0.45232531641366563
0.45303227993700496
0.45374445530481267
0.4544612985312071
0.455182323562394
0.4559071063611259
0.4566352888900525
0.45736658297485466
0.4581007740278762
0.45883772461256656
0.4595773778289734
0.46031976050044116
0.4610649861416987
0.46181325768863357
0.46256486997021984
0.4633202119033794
0.4640797683918896
0.46484412191081387
0.46561395375850806
0.4663900449587579
0.4671732767961814
0.46796463096882646
0.46876518934254224
0.4695761332925886
0.4703987426188762
0.47123439402221484
0.47208455913004393
0.47295080206136736
0.4738347765219645
0.47473822242234714
0.4756629620126258
0.4766108955301907
0.47758399635799703
0.47858430569338706
0.4796139267296232
0.4806750183547138
0.481769788374713
0.48290048627145454
0.4840693955075284
0.4852788253943181
0.4865311025421476
0.48782856191462076
0.4891735375126872
0.4905683527170925
0.49201531032129264
0.4935166822899615
0.495074699281519
0.49669153997595006
0.4983693202520811
0.5001100822610772
0.501915783445158
0.5037882855527195
0.5057293437026225
0.5077405955517779
0.509823550621135
0.5119795798356649
0.5142099053340019
0.5165155906030979
0.5188975309923445
0.5213564446604503
0.5238928640065584
0.5265071276349572
0.5291993729002484
0.5319695290767934
0.5348173111929836
0.5377422145672724
0.5407435100790231
0.5438202402029793
0.5469712158319504
0.5501950139076739
0.5534899758754152
0.5568542069730277
0.560285576360696
0.563781718092965
0.5673400329300881
0.5709576909814544
0.5746316351695022
0.5783585854986655
0.5821350441100102
0.5859573010987134
0.5898214410683601
0.5937233503929001
0.5976587251546519
0.6016230797242705
0.6056117559465738
0.6096199328944772
0.6136426371517789
0.6176747535844866
0.621711036559529
0.6257461215692167
0.6297745372194158
0.6337907175394601
0.6377890145719939
0.6417637112012844
0.6457090341792158
0.6496191673088011
0.6534882647461083
0.6573104643823355
0.6610799012691091
0.6647907210510916
0.6684370933714958
0.6720132252172711
0.6755133741722839
0.6789318615480897
0.6822630853634641
0.6855015331451896
0.6886417945241022
0.6916785736017604
0.6946067010644813
0.6974211460228055
0.7001170275558016
0.7026896259408061
0.7051343935503349
0.70744696539912
0.7096231693251394
0.7116590357895667
0.7135508072813506
0.7152949473130341
0.7168881489950074
0.718327343176127
0.7196097061390234
0.7207326668389711
0.7216939136753742
0.7224914007853823
0.7231233538490422
0.7235882753957489
0.7238849496015568
0.7240124465670111
0.7239701260650158
0.7237576407481144
0.7233749388044055
0.7228222660511557
0.7221001674548592
0.7212094880663836
0.7201513733595499
0.7189272689612382
0.7175389197610416
0.7159883683883186
0.7142779530444131
0.7124103046781
0.71038834349242
0.7082152747716693
0.7058945840179953
0.7034300313880767
0.7008256454216695
0.6980857160553604
0.695214786916931
0.6922176468978795
0.6890993210044108
0.6858650604900086
0.6825203322760074
0.6790708076700676
0.6755223503961206
0.6718810039532574
0.6681529783249889
0.6643446360643194
0.6604624777840538
0.6565131270856502
0.6525033149636703
0.6484398637263727
0.644329670476283
0.6401796901975657
0.6359969184996924
0.631788374069304
0.6275610808842911
0.6233220502459748
0.6190782626869269
0.6148366498134944
0.6106040761434726
0.6063873210005984
0.6021930605290429
0.5980278498920728
0.593898105720542
0.5898100888780348
0.5857698876107563
0.5817834011513657
0.5778563238469372
0.5739941298820587
0.5702020586684731
0.5664851009726616
0.56284798585241
0.5592951684722048
0.5558308188656091
0.552458811710261
0.5491827171777067
0.5460057929161652
0.5429309772192032
0.539960883427362
0.5370977956029681
0.5343436655107938
0.5317001109290054
0.5291684153058049
0.5267495287679593
0.5244440704775302
0.5222523323232593
0.5201742839230151
0.5182095789037556
0.5163575624159396
0.5146172798299147
0.512987486553312
0.5114666589002933
0.5100530059364363
0.5087444822167028
0.5075388013285735
0.5064334501482114
0.5054257037141668
0.504512640621124
0.5036911588349872
0.5029579918305721
0.5023097249541595
0.5017428119149666
0.5012535913123636
0.5008383031091435
0.5004931049653601
0.5002140883519762
0.4999972943688739
0.49983872919735634
0.49973437912329877
0.49968022507312987
0.499672256611174
0.4997064853530733
0.4997789577563509
0.4998857672551625
0.5000230657123499
0.5001870741676437
0.5003740928662498
0.5005805105574219
0.5008028130573579
0.5010375910753568
0.5012815473064494
0.5015315027975065
0.5017844025973246
0.5020373207044683
0.5022874643293426
0.5025321774895591
0.5027689439598264
0.5029953895994549
0.5032092840821476
0.5034085420541823
0.5035912237480111
0.5037555350792259
0.5038998272554989
0.5040225959264342
0.5041224799035711
0.5041982594797702
0.5042488543772112
0.5042733213529609
0.5042708514906299
0.5042407672063199
0.5041825189963247
0.5040956819535037
0.5039799520783882
0.5038351424103439
0.5036611790031601
0.5034580967685016
0.5032260352097023
0.5029652340673041
0.5026760288966334
0.5023588465967183
0.5020142009086122
0.5016426879000991
0.50124498145256
0.5008218287646123
0.5003740458859665
0.49990251329375873
0.4994081715224223
0.4988920168569726
0.4983550970984204
0.49779850740897663
0.49722338624339235
0.49663091137183735
0.49602229599863373
0.49539878498005
0.4947616511434628
0.49411219170922976
0.4934517248157204
0.4927815861471723
0.49210312566323255
0.491417704428442
0.49072669153922166
0.49003146114551577
0.4893333895636936
0.48863385247705166
0.48793422221994853
0.48723586514148337
0.4865401390445511
0.4858483906961272
0.4851619534048015
0.4844821446617306
0.48381026384153997
0.4831475899600941
0.4824953794864458
0.48185486420686485
0.4812272491394269
0.4806137104981939
0.4800153937067566
0.47943341146151824
0.4788688418458303
0.4783227264967004
0.47779606882649783
0.47728983230266075
0.4768049387890048
0.4763422669526968
0.4759026507414607
0.47548687793592265
0.47509568878228775
0.4747297747107888
0.47438977714543773
0.47407628641071453
0.47378984074077646
0.4735309253967016
0.47329997189707373
0.4730973573670875
0.47292340401100186
0.47277837871245126
0.47266249276672684
0.47257590174877645
0.47251870552012565
0.4724909483774246
0.4724926193448236
0.47252365261184126
0.4725839281178049
0.47267327228346356
0.47279145888986507
0.4729382101041505
0.4731131976515415
0.47331604413250206
0.47354632448377537
0.4738035675818854
0.47408725798755735
0.47439683782949105
0.4747317088258669
0.4750912344420742
0.47547474218304964
0.47588152601869016
0.47631084894075987
0.47676194564955193
0.47723402536850795
0.4777262747846344
0.47823786111237987
0.47876793527815553
0.4793156352222032
0.47988008931401704
0.4804604198769134
0.4810557468165581
0.48166519134763564
0.4822878798119745
0.48292294758061527
0.48356954303149
0.48422683159338814
0.48489399984605575
0.4855702596653498
0.48625485240144956
0.4869470530772878
0.4876461745934597
0.48835157192510054
0.4890626462954825
0.48977884931033916
0.49049968703625724
0.4912247240059968
0.49195358713293674
0.4926859695166045
0.4934216341206204
0.494160417304427
0.4949022321896614
0.49564707184210227
0.49639501225006943
0.4971462150800942
0.4979009301909468
0.4986594978872448
0.49942235089410975
0.5001900160348316
0.5009631155937575
0.5017423683473013
0.5025285902463715
0.5033226947342215
0.5041256926844339
0.5049386919444618
0.505762896471073
0.5065996050448949
0.507450209552382
0.5083161928245735
0.5091991260233685
0.5101006655673324
0.5110225495906577
0.5119665939304926
0.5129346876397433
0.513928788024356
0.5149509152062627
0.5160031462154343
0.517087608616908
0.5182064736813136
0.5193619491099838
0.5205562713287477
0.5217916973673421
0.5230704963444398
0.524394940581404
0.5257672963710304
0.5271898144306044
0.5286647200718408
0.5301942031232119
0.5317804076431912
0.5334254214657423
0.5351312656219503
0.5368998836842717
0.538733131081764
0.5406327644367613
0.5426004309748027
0.5446376580607808
0.5467458429150678
0.5489262425636043
0.5511799640758875
0.5535079551441204
0.5559109950558804
0.5583896861110212
0.5609444455318352
0.5635754979130154
0.5662828682554053
0.5690663756244005
0.5719256274706185
0.5748600146467009
0.5778687071504243
0.5809506506200295
0.5841045636036377
0.5873289356201867
0.5906220260249728
0.5939818636883827
0.5974062474920753
0.6008927476423975
0.604438707796623
0.6080412479934773
0.611697268375334
0.6154034536858204
0.6191562785229424
0.6229520133245304
0.626786731059824
0.6306563145981962
0.6345564647235855
0.6384827087610286
0.6424304097798464
0.6463947763363677
0.6503708727179408
0.6543536296488407
0.6583378554180506
0.6623182473884272
0.6662894038464728
0.6702458361520341
0.674181981147419
0.6780922137858513
0.6819708599397856
0.6858122093503324
0.6896105286799454
0.6933600746314905
0.6970551070980323
0.7006899023086729
0.7042587659372347
0.7077560461417527
0.7111761465041772
0.7145135388409976
0.7177627758568882
0.7209185036149457
0.7239754737982689
0.7269285557392112
0.7297727481937359
0.7325031908397431
0.7351151754793057
0.7376041569260204
0.7399657635597116
0.742195807531768
0.7442902946053223
0.7462454336152822
0.7480576455340683
0.7497235721295021
0.75124008420185
0.7526042893875267
0.7538135395172952
0.7548654375171301
0.7557578438399913
0.7564888824170798
0.75705694611714
0.7574607017023969
0.7576990942699974
0.7577713511677665
0.7576769853734212
0.7574157983265216
0.756987882202894
0.7563936216216232
0.7556336947750901
0.7547090739731073
0.7536210255925878
0.752371109424491
0.7509611774100171
0.7493933717581229
0.7476701224362231
0.7457941440257457
0.7437684319337841
0.7415962579516738
0.739281165151003
0.7368269621073317
0.7342377164420822
0.7315177476735507
0.728671619369286
0.7257041305938193
0.722620306648496
0.719425389103603
0.7161248251273971
0.7127242561215922
0.7092295056784012
0.7056465668799621
0.7019815889664736
0.6982408634045426
0.6944308093915967
0.690557958835683
0.6866289408527779
0.6826504658254795
0.6786293090684417
0.6745722941469017
0.6704862758957311
0.6663781231874757
0.6622547014992236
0.6581228553297124
0.653989390519857
0.6498610565318302
0.6457445287439514
0.6416463908207406
0.6375731172195414
0.6335310558972155
0.6295264112823266
0.6255652275799809
0.6216533724781225
0.6177965213253814
0.6140001418516196
0.6102694795029485
0.6066095434631373
0.6030250934330389
0.5995206272385804
0.5961003693362567
0.5927682602826267
0.5895279472310345
0.5863827755147628
0.5833357813709553
0.5803896858538066
0.5775468899791262
0.5748094711349897
0.5721791807853176
0.5696574434846423
0.5672453572133282
0.5649436950331618
0.562752908053581
0.5606731296892172
0.5587041811797574
0.5568455783337293
0.5550965394488451
0.5534559943528744
0.5519225945011542
0.550494724059579
0.5491705118955617
0.5479478443939151
0.546824379010148
0.5457975584700857
0.5448646255222421
0.544022638147885
0.5432684851332689
0.5425989019089854
0.5420104865627182
0.5414997159340658
0.5410629617029595
0.5406965063870184
0.5403965591674151
0.5401592714677241
0.539980752215363
0.5398570827208733
0.5397843311160426
0.5397585662977576
0.5397758713306207
0.5398323562672398
0.5399241703511081
0.5400475135727587
0.5401986475555788
0.5403739057530169
0.5405697029441021
0.5407825440190406
0.5410090320512959
0.5412458756566956
0.5414898956440997
0.541738030965699
0.541987343978331
0.5422350250299562
0.5424783963881799
0.5427149155299104
0.542942177813174
0.543157918553839
0.5433600145314155
0.543546484949155
0.5437154918747307
0.543865340188382
0.5439944770658519
0.5441014910239222
0.5441851105563016
0.5442442023877744
0.5442777693742953
0.5442849480764945
0.5442650060336915
0.5442173387651136
0.5441414665244422
0.5440370308332446
0.543903790818221
0.5437416193764776
0.5435504991922652
0.5433305186278142
0.5430818675100842
0.5428048328342382
0.5424997944038112
0.5421672204264254
0.541807663082911
0.5414217540865285
0.541010200247876
0.5405737790598625
0.5401133343158356
0.5396297717728793
0.5391240548708259
0.5385972005164695
0.5380502749410899
0.5374843896383001
0.536900697387924
0.5363003883705862
0.5356846863765116
0.5350548451111286
0.5344121445989392
0.5337578876864022
0.5330933966435817
0.5324200098637425
0.53173907865921
0.5310519641513929
0.5303600342522592
0.5296646607341624
0.5289672163845778
0.5282690722420728
0.5275715949096069
0.5268761439412594
0.5261840692984167
0.5254967088716408
0.5248153860644786
0.5241414074359243
0.5234760603984159
0.5228206109687812
0.5221763015700402
0.5215443488824504
0.5209259417429211
0.5203222390924839
0.5197343679723042
0.5191634215693868
0.5186104573138929
0.5180764950307298
0.517562515148808
0.5170694569720318
0.5165982170167
0.516149647420615
0.5157245544296098
0.5153236969676108
0.5149477852966685
0.5145974797733875
0.5142733897083654
0.5139760723350103
0.5137060318938673
0.5134637188382152
0.5132495291661449
0.5130638038837704
0.512906828603408
0.5127788332798913
0.512679992087358
0.5126104234380155
0.5125701901436892
0.5125592997202955
0.5125777048347412
0.5126253038934206
0.5127019417711622
0.5128074106794079
0.5129414511724343
0.5131037532906407
0.5132939578401907
0.5135116578086015
0.5137563999162543
0.5140276863039709
0.5143249763570379
0.5146476886660397
0.5149952031246979
0.5153668631647007
0.5157619781269862
0.5161798257684687
0.5166196549025346
0.5170806881709753
0.5175621249443982
0.5180631443473936
0.5185829084042434
0.5191205653003411
0.5196752527539071
0.520246101492221
0.52083223882603
0.5214327923154731
0.5220468935203089
0.5226736818268626
0.5233123083436467
0.5239619398569679
0.5246217628374161
0.5252909874874054
0.5259688518192799
0.5266546257527679
0.5273476152197949
0.528047166263906
0.5287526691205924
0.5294635622642583
0.5301793364064865
0.5308995384298046
0.5316237752401969
0.5323517175212484
0.5330831033721416
0.5338177418113108
0.5345555161273585
0.5352963870585024
0.5360403957817689
0.5367876666931847
0.5375384099602182
0.5382929238280735
0.5390515966615052
0.5398149087043651
0.5405834335393408
0.5413578392310134
0.5421388891357456
0.5429274423625873
0.5437244538700752
0.5445309741844757
0.5453481487258701
0.5461772167292583
0.5470195097489224
0.5478764497352463
0.5487495466743323
0.5496403957820416
0.5505506742454506
0.5514821375061929
0.5524366150818151
0.5534160059231051
0.5544222733072524
0.5554574392688003
0.5565235785726494
0.5576228122356496
0.558757300606003
0.5599292360121885
0.561140834996008
0.5623943301471606
0.5636919615596804
0.5650359679335881
0.5664285773481886
0.5678719977364294
0.5693684070928963
0.5709199434510154
0.5725286946680206
0.5741966880592976
0.5759258799263356
0.5777181450253217
0.5795752660257234
0.5814989230102399
0.5834906830693442
0.5855519900445862
0.5876841544757813
0.5898883438070683
0.5921655729063362
0.5945166949513794
0.5969423927344623
0.5994431704346959
0.6020193459050417
0.60467104351774
0.6073981876088425
0.6102004965589308
0.6130774775437435
0.6160284219846278
0.6190524017250417
0.6221482659554545
0.6253146389051596
0.628549918315541
0.631852274705246
0.6352196514338734
0.6386497655666002
0.6421401095381497
0.6456879536107342
0.6492903491164498
0.6529441324710902
0.656645929942605
0.6603921631540399
0.664179055297558
0.6680026380332481
0.6718587590435716
0.6757430902119804
0.6796511363920873
0.6835782447318178
0.6875196145155947
0.6914703074862057
0.6954252586071463
0.6993792872256154
0.7033271085957974
0.7072633457220453
0.7111825414816413
0.7150791709871104
0.7189476541484573
0.7227823683965839
0.7265776615296792
0.7303278646454926
0.7340273051233905
0.7376703196212137
0.7412512670531707
0.744764541516223
0.7482045851338124
0.7515659007869979
0.7548430647044893
0.7580307388843599
0.7611236833216009
0.7641167680169594
0.7670049847438309
0.7697834585512305
0.7724474589820761
0.7749924109872125
0.777413905516684
0.779707709770888
0.7818697770952403
0.7838962565028591
0.7857835018107523
0.7875280803756689
0.7891267814166009
0.7905766239115691
0.7918748640568622
0.7930190022774031
0.7940067897773868
0.794836234620665
0.7955056073306042
0.7960134459993959
0.7963585608969306
0.7965400385693784
0.7965572454177308
0.7964098307465418
0.7960977292728993
0.7956211630858355
0.7949806430460897
0.794176969616175
0.793211233110605
0.7920848133561447
0.7907993787519796
0.7893568847198116
0.7877595715342062
0.7860099615236955
0.7841108556337688
0.7820653293434311
0.7798767279278355
0.7775486610604376
0.7750849967492864
0.7724898546034266
0.7697675984269162
0.7669228281397247
0.7639603710266727
0.7608852723177982
0.7577027851058309
0.7544183596089561
0.7510376317898406
0.7475664113446921
0.7440106690792337
0.7403765236916832
0.7366702279859911
0.7328981545421531
0.7290667808737469
0.7251826741063515
0.7212524752139268
0.7172828828536095
0.7132806368426812
0.7092525013246131
0.7052052476740717
0.7011456371935872
0.6970804036572913
0.6930162357594888
0.6889597595282214
0.6849175207661031
0.6808959675825632
0.676901433083606
0.6729401182867768
0.6690180753304689
0.665141191048035
0.6613151709782364
0.6575455238841509
0.6538375468532092
0.6501963110508062
0.6466266481995284
0.6431331378547973
0.639720095546091
0.6363915618503657
0.6331512924612785
0.6300027493137965
0.6269490928191476
0.6239931752596838
0.6211375353869744
0.6183843942596033
0.615735652349701
0.6131928879389916
0.6107573568166883
0.6084299932825473
0.6062114124491402
0.6041019138280084
0.6021014861750272
0.60020981356094
0.5984262826240062
0.5967499909532114
0.5951797565422192
0.5937141282470314
0.5923513971735306
0.5910896089153275
0.5899265765575084
0.5888598943579989
0.587886952015358
0.5870049494299958
0.5862109118650027
0.5855017054128013
0.5848740526749517
0.584324548564375
0.5838496761418324
0.5834458224019641
0.5831092939281982
0.5828363323403488
0.5826231294636524
0.5824658421533808
0.5823606067146716
0.5823035528629468
0.5822908171761962
0.5823185559961932
0.5823829577415575
0.5824802546012857
0.5826067335829193
0.5827587468949029
0.5829327216478397
0.5831251688641755
0.5833326917904379
0.5835519935104816
0.5837798838620958
0.584013285663055
0.5842492402559459
0.5844849123841471
0.584717594414058
0.5849447099210074
0.5851638166584193
0.585372608931569
0.5855689193988569
0.5857507203247576
0.5859161243097671
0.5860633845232823
0.5861908944661857
0.5862971872902172
0.5863809347014579
0.5864409454753832
0.5864761636108663
0.586485666150324
0.5864686606928848
0.5864244826270354
0.5863525921086928
0.5862525708100779
0.5861241184640378
0.5859670492277189
0.5857812878887599
0.5855668659362038
0.5853239175174771
0.5850526753018285
0.5847534662695801
0.5844267074455848
0.5840729015941799
0.583692632891893
0.5832865625931509
0.5828554247029969
0.5824000216698845
0.5819212201105365
0.5814199465776976
0.5808971833806122
0.5803539644669868
0.579791371374157
0.5792105292561771
0.5786126029924555
0.5779987933826104
0.5773703334312129
0.5767284847251927
0.5760745339056275
0.5754097892347927
0.5747355772585733
0.5740532395633996
0.5733641296261953
0.5726696097552011
0.5719710481188698
0.5712698158595452
0.5705672842882686
0.5698648221567145
0.5691637930020654
0.568465552560543
0.5677714462453862
0.5670828066850364
0.5664009513177356
0.5657271800389361
0.5650627728983815
0.5644089878442923
0.563767058512598
0.5631381920599676
0.5625235670400008
0.5619243313227275
0.5613416000584845
0.5607764536878869
0.5602299360005948
0.5597030522462177
0.5591967673015956
0.558712003899338
0.558249640923116
0.5578105117758856
0.5573954028275191
0.557005051948837
0.5566401471392126
0.5563013252549914
0.5559891708461123
0.5557042151080345
0.5554469349559565
0.5552177522278859
0.5550170330226849
0.5548450871785822
0.5547021678971512
0.5545884715168805
0.55450413743976
0.5544492482135791
0.554423829771736
0.5544278518316593
0.5544612284520191
0.5545238187483853
0.5546154277661682
0.5547358075091117
0.5548846581211409
0.5550616292188678
0.5552663213718254
0.5554982877271333
0.5557570357753305
0.5560420292539058
0.5563526901851635
0.5566884010451473
0.5570485070604794
0.5574323186300841
0.5578391138690452
0.5582681412718686
0.5587186224926219
0.5591897552394471
0.5596807162809238
0.5601906645616163
0.5607187444239796
0.5612640889334364
0.5618258233030144
0.5624030684134621
0.5629949444239846
0.5636005744682568
0.5642190884293522
0.5648496267865791
0.5654913445262368
0.5661434151073659
0.5668050344727863
0.5674754250946528
0.5681538400429617
0.5688395670645351
0.5695319326592285
0.5702303061392995
0.5709341036571824
0.571642792186281
0.5723558934387769
0.5730729877040408
0.5737937175906616
0.574517791654925
0.575244987898159
0.5759751571152922
0.5767082260767132
0.5774442005255794
0.5781831679727092
0.5789253002712135
0.5796708559532835
0.5804201823116327
0.5811737172084596
0.5819319905951063
0.5826956257259434
0.5834653400505133
0.5842419457684309
0.5850263500321896
0.5858195547836119
0.5866226562104339
0.5874368438103494
0.5882633990506967
0.5891036936129751
0.5899591872124279
0.5908314249842059
0.5917220344288443
0.5926327219112835
0.5935652687091322
0.594521526607739
0.5955034130412284
0.5965129057808742
0.5975520371741986
0.5986228879404376
0.5997275805304924
0.6008682720619851
0.6020471468427431
0.6032664084988009
0.6045282717257876
0.6058349536856453
0.6071886650734591
0.6085916008822172
0.6100459308962214
0.6115537899468151
0.6131172679668406
0.614738399883008
0.6164191553877169
0.6181614286343703
0.6199670279022002
0.6218376652784814
0.623774946407523
0.62578036035706
0.6278552696534698
0.6300009005377246
0.6322183334940938
0.634508494103119
0.6368721442697307
0.639309873876074
0.6418220929068915
0.6444090240932704
0.6470706961179825
0.6498069374227696
0.6526173706546279
0.6555014077844845
0.6584582459280064
0.661486863893925
0.6645860194812736
0.6677542475424157
0.6709898588245025
0.6742909395974698
0.6776553520724107
0.6810807356100047
0.6845645087144385
0.6881038718044881
0.6916958107496356
0.6953371011556918
0.6990243133810992
0.7027538182621694
0.7065217935227676
0.7103242308415625
0.7141569435476017
0.7180155749133393
0.7218956070121367
0.7257923701060907
0.7297010525286425
0.7336167110253631
0.7375342815154448
0.7414485902359257
0.7453543652299611
0.7492462481404012
0.7531188062697556
0.7569665448677376
0.7607839196079127
0.7645653492154142
0.7683052282082434
0.7719979397156059
0.7756378683374991
0.7792194130108856
0.7827369998488912
0.7861850949207413
0.7895582169413824
0.7928509498411248
0.7960579551869574
0.7991739844286831
0.8021938909442349
0.8051126418600639
0.8079253296237159
0.8106271833070888
0.8132135796200617
0.8156800536154064
0.8180223090670179
0.8202362285045937
0.8223178828888607
0.8242635409124167
0.8260696779120711
0.8277329843793125
0.8292503740563587
0.8306189916056579
0.8318362198414535
0.8328996865123066
0.8338072706239676
0.8345571082922113
0.8351475981155217
0.8355774060576217
0.8358454698299834
0.8359510027644095
0.835893497165846
0.8356727271354438
0.8352887508538209
0.8347419123144451
0.8340328424968526
0.8331624599694162
0.8321319709113268
0.8309428685434866
0.8295969319581231
0.8280962243371818
0.826443090549836
0.8246401541199609
0.8226903135551402
0.8205967380293921
0.8183628624129279
0.8159923816433947
0.8134892444342747
0.8108576463177181
0.8081020220207058
0.8052270371753518
0.8022375793659652
0.7991387485177721
0.7959358466344221
0.7926343668937067
0.7892399821134779
0.7857585326023361
0.7821960134123593
0.7785585610139726
0.7748524394158895
0.7710840257561657
0.7672597953934003
0.7633863065303486
0.7594701844054044
0.7555181050907799
0.7515367789395181
0.7475329337268832
0.7435132975350816
0.7394845814335248
0.7354534620102854
0.7314265638134929
0.7274104417644742
0.7234115636073634
0.7194362924625544
0.7154908695536415
0.7115813971797378
0.7077138220065865
0.7038939187513312
0.7001272743366166
0.6964192725900487
0.6927750795650468
0.6891996295581893
0.6856976118971116
0.6822734585708183
0.6789313327718669
0.6756751184163678
0.6725084107038228
0.6694345077739762
0.6664564035123527
0.6635767815499943
0.6607980104959643
0.6581221404337255
0.6555509007044585
0.6530856989918374
0.650727621713977
0.648477435719093
0.6463355912721916
0.6443022263108317
0.6423771719388432
0.6405599591180952
0.6388498265097943
0.6372457294088628
0.6357463497075128
0.6343501068174376
0.6330551694741045
0.6318594683416345
0.6307607093325056
0.6297563875531077
0.6288438017839655
0.6280200694020419
0.6272821416521972
0.6266268191754071
0.6260507677027276
0.6255505338261961
0.6251225607607807
0.6247632040151033
0.6244687468928474
0.6242354157514359
0.6240593949495864
0.6239368414208999
0.6238638988160184
0.623836711161947
0.6238514359926904
0.6239042569114406
0.6239913955501588
0.6241091228980851
0.624253769976202
0.6244217378399263
0.6246095068972823
0.6248136455345727
0.6250308180459268
0.6252577918673426
0.6254914441195236
0.6257287674673809
0.6259668753071032
0.6262030062947155
0.6264345282324046
0.626658941331197
0.6268738808705807
0.6270771192771202
0.627266567645792
0.6274402767287022
0.6275964374169003
0.6277333807416845
0.6278495774223312
0.6279436369874302
0.628014306497333
0.6280604688950652
0.6280811410129675
0.6280754712621306
0.6280427370312073
0.6279823418207112
0.6278938121383352
0.6277767941801239
0.6276310503215491
0.6274564554417218
0.6272529931030534
0.627020751607781
0.626759919951687
0.6264707836944059
0.6261537207646166
0.6258091972172871
0.6254377629591952
0.6250400474577265
0.6246167554469175
0.6241686626436701
0.6236966114859152
0.6232015069035458
0.6226843121318573
0.6221460445762409
0.6215877717359406
0.6210106071936705
0.6204157066769772
0.6198042641964376
0.6191775082646498
0.618536698199477
0.617883120513901
0.6172180853941523
0.6165429232670799
0.6158589814569179
0.6151676209309886
0.6144702131331805
0.6137681369034884
0.6130627754814493
0.6123555135907323
0.6116477346018776
0.6109408177698114
0.6102361355426198
0.6095350509379238
0.6088389149832557
0.6081490642168722
0.6074668182457097
0.6067934773574518
0.6061303201841559
0.6054786014153246
0.6048395495589254
0.604214364749513
0.6036042166033612
0.6030102421212241
0.6024335436401899
0.6018751868368326
0.6013361987847778
0.600817566070406
0.6003202329713644
0.5998450997030008
0.5993930207385949
0.5989648032097566
0.5985612053936701
0.5981829352942423
0.5978306493243732
0.5975049510965974
0.5972063903292901
0.5969354618754064
0.5966926048805042
0.5964782020762204
0.5962925792150172
0.5961360046513045
0.5960086890734617
0.5959107853904463
0.5958423887760632
0.5958035368730775
0.5957942101586056
0.5958143324714966
0.5958637717016287
0.5959423406403648
0.5960497979907596
0.5961858495355025
0.5963501494601292
0.5965423018284611
0.5967618622069543
0.5970083394342859
0.5972811975322123
0.5975798577537135
0.5979037007641625
0.5982520689512895
0.5986242688597844
0.5990195737462634
0.5994372262506202
0.5998764411796903
0.6003364083994195
0.6008162958317697
0.6013152525527499
0.6018324119879441
0.6023668952019631
0.6029178142782007
0.6034842757851302
0.6040653843250725
0.6046602461611679
0.6052679729176794
0.6058876853483688
0.6065185171668782
0.6071596189324079
0.6078101619830598
0.6084693424083395
0.6091363850513782
0.6098105475304093
0.6104911242679872
0.6111774505156023
0.6118689063601839
0.6125649206983392
0.6132649751630113
0.6139686079869023
0.6146754177859688
0.6153850672459511
0.6160972866944366
0.6168118775405147
0.6175287155639084
0.6182477540352832
0.6189690266493905
0.6196926502527496
0.6204188273476772
0.6211478483546076
0.6218800936150325
0.6226160351176431
0.6233562379305612
0.6241013613231592
0.6248521595613626
0.625609482360895
0.6263742749835673
0.6271475779623796
0.6279305264419985
0.6287243491219475
0.6295303667908656
0.6303499904410577
0.631184718953881
0.6320361363476107
0.6329059085808693
0.6337957799061833
0.6347075687699291
0.6356431632566266
0.6366045160775807
0.6375936391059239
0.6386125974623243
0.6396635031580308
0.6407485083044023
0.6418697979007326
0.643029582214872
0.6442300887739817
0.6454735539856216
0.6467622144122964
0.6480982977255015
0.6494840133682962
0.6509215429581913
0.6524130304650191
0.6539605722011003
0.6555662066635678
0.6572319042710992
0.6589595570393403
0.6607509682414081
0.6626078421013847
0.6645317735700013
0.6665242382329619
0.6685865824028504
0.6707200134459637
0.6729255903954778
0.6752042149018045
0.6775566225702324
0.6799833747348182
0.6824848507156914
0.6850612406050695
0.6877125386247889
0.6904385370952848
0.6932388210528512
0.6961127635484505
0.6990595216574819
0.7020780332258576
0.7051670143734075
0.7083249577712021
0.7115501317047953
0.7148405799309131
0.7181941223303604
0.7216083563556954
0.7250806592676691
0.7286081911504609
0.7321878986916905
0.7358165197096306
0.7394905884066109
0.7432064413244841
0.7469602239754781
0.7507478981190276
0.7545652496533118
0.758407897088399
0.7622713005663408
0.7661507713924168
0.7700414820409891
0.7739384765984968
0.7778366816059606
0.7817309172630956
0.7856159089560134
0.78948629907078
0.7933366590551932
0.7971615016916002
0.8009552935440682
0.8047124675436746
0.8084274356763423
0.8120946017383507
0.8157083741253968
0.8192631786219532
0.8227534711584837
0.8261737505051137
0.8295185708714665
0.832782554383208
0.8359604034073942
0.8390469126995475
0.8420369813467969
0.8449256244827722
0.8477079847509277
0.8503793434945152
0.8529351316525263
0.8553709403421222
0.8576825311093769
0.8598658458310792
0.8619170162516211
0.8638323731398057
0.8656084550514571
0.8672420166845268
0.8687300368141041
0.8700697257955154
0.8712585326242406
0.872294151541937
0.8731745281782665
0.8738978652185903
0.8744626275879291
0.8748675471417611
0.8751116268543537
0.8751941444954713
0.8751146557863817
0.8748729970258422
0.8744692871769792
0.8739039294058208
0.8731776120620826
0.8722913090928832
0.8712462798799394
0.870044068490936
0.8686865023357115
0.8671756902182606
0.8655140197756913
0.863704154295857
0.8617490289057844
0.8596518461239799
0.8574160707703855
0.8550454242290011
0.8525438780593685
0.8499156469546458
0.8471651810455634
0.8442971575512866
0.8413164717802979
0.8382282274863337
0.8350377265866991
0.8317504582525073
0.8283720873828596
0.8249084424773966
0.8213655029242767
0.8177493857231772
0.8140663316657054
0.8103226909983333
0.8065249085958479
0.802679508676177
0.7987930790905952
0.794872255226293
0.7909237035615745
0.7869541049171864
0.7829701374506186
0.7789784594437081
0.7749856919372006
0.770998401269507
0.7670230815802132
0.763066137342226
0.7591338659897332
0.7552324407120246
0.751367893485979
0.7475460984223575
0.7437727555029646
0.7400533747871523
0.7363932611669428
0.732797499750177
0.7292709419505761
0.7258181923622645
0.7224435964940981
0.7191512294362171
0.7159448855274173
0.7128280690872276
0.7098039862711872
0.7068755381015054
0.704045314718376
0.7013155908895825
0.6986883228078296
0.696165146196588
0.6937473757361742
0.6914360058124345
0.689231712580945
0.6871348573301309
0.6851454911171941
0.6832633606415932
0.6814879153119136
0.6798183154534706
0.6782534415961723
0.67679190477492
0.6754320577683685
0.674172007196239
0.6730096263906287
0.6719425689529805
0.6709682829054644
0.6700840253437995
0.669286877497535
0.6685737601039301
0.6679414490025527
0.6673865908595152
0.6669057189329144
0.6664952687944814
0.6661515939262401
0.6658709811156918
0.6656496655779303
0.6654838457384911
0.665369697616358
0.6653033887523383
0.6652810916339207
0.6652989965737144
0.6653533240043936
0.6654403361588265
0.6655563481097777
0.665697738148811
0.6658609574893416
0.6660425392834607
0.6662391069468628
0.6664473817904529
0.6666641899609889
0.6668864686968908
0.6671112719085098
0.6673357750951057
0.667557279613436
0.6677732163151933
0.6679811485725515
0.6681787747128156
0.6683639298847713
0.6685345873805009
0.6686888594374732
0.6688249975466322
0.6689413922926788
0.6690365727533478
0.6691092054845766
0.6691580931187292
0.6691821726029404
0.6691805131045366
0.6691523136100475
0.6690969002442305
0.6690137233347734
0.6689023542478646
0.6687624820192241
0.6685939098043346
0.6683965511709277
0.6681704262558416
0.6679156578075607
0.6676324671346431
0.6673211699793663
0.6669821723349209
0.666615966223276
0.6662231254498937
0.6658043013503555
0.6653602185427321
0.6648916706985855
0.6643995163441319
0.6638846747022161
0.6633481215843626
0.6627908853412362
0.6622140428786226
0.6616187157450355
0.6610060662958531
0.6603772939380379
0.6597336314583231
0.6590763414368842
0.6584067127476135
0.6577260571452047
0.6570357059385173
0.6563370067489691
0.655631320352049
0.6549200175995074
0.6542044764192337
0.6534860788895812
0.6527662083844723
0.6520462467854988
0.6513275717571431
0.6506115540812276
0.6498995550468077
0.6491929238919906
0.6484929952943418
0.6478010869070756
0.647118496938641
0.6464465017738725
0.6457863536355284
0.6451392782857833
0.6445064727678713
0.6438891031890167
0.6432883025465062
0.6427051685996052
0.6421407617908631
0.6415961032211451
0.6410721726834351
0.6405699067612837
0.6400901969982818
0.6396338881455791
0.6392017764948501
0.6387946083045659
0.6384130783275265
0.6380578284477972
0.637729446435129
0.637428464824862
0.6371553599309393
0.6369105509993045
0.6366943995085149
0.6365072086237384
0.6363492228096751
0.6362206276071029
0.6361215495771141
0.6360520564160993
0.6360121572438108
0.6360018030658854
0.6360208874113926
0.6360692471451151
0.6361466634534997
0.6362528630023304
0.6363875192635892
0.6365502540081364
0.6367406389603062
0.6369581976098623
0.637202407176283
0.6374727007198143
0.6377684693933868
0.6380890648291432
0.6384338016530535
0.6388019601209746
0.6391927888693616
0.6396055077739691
0.6400393109098976
0.6404933696066138
0.64096683559186
0.6414588442188087
0.641968517771107
0.6424949688410768
0.6430373037766761
0.6435946261932676
0.6441660405465136
0.6447506557629479
0.6453475889247128
0.645955969004844
0.646574940649056
0.6472036679994101
0.6478413385544335
0.6484871670593614
0.6491403994189217
0.6498003166240056
0.6504662386821405
0.6511375285405399
0.6518135959890761
0.6524939015294348
0.6531779601954886
0.6538653453090681
0.6545556921543865
0.6552487015537429
0.6559441433265418
0.6566418596133722
0.6573417680465973
0.6580438647488285
0.6587482271406775
0.6594550165393454
0.6601644805297279
0.6608769550901441
0.6615928664550277
0.6623127326973884
0.663037165014362
0.6637668686995072
0.664502643786242
0.6652453853472019
0.6659960834351222
0.6667558226512736
0.6675257813284194
0.6683072303159849
0.6691015313559234
0.6699101350389164
0.6707345783314564
0.6715764816656674
0.6724375455850505
0.673319546940805
0.6742243346350713
0.6751538249091982
0.6761099961772471
0.6770948834069439
0.6781105720526961
0.6791591915478213
0.6802429083656496
0.6813639186620005
0.6825244405143644
0.6837267057760466
0.6849729515666055
0.6862654114229769
0.6876063061385677
0.6889978343208055
0.6904421627004836
0.6919414162291039
0.6934976680030798
0.6951129290562933
0.6967891380647705
0.6985281510092952
0.7003317308436932
0.7022015372179229
0.7041391163064107
0.7061458907928151
0.7082231500628969
0.7103720406573025
0.7125935570356137
0.7148885327024206
0.7172576317449841
0.7197013408303579
0.722219961708167
0.7248136042625988
0.7274821801546484
0.7302253970924589
0.7330427537643296
0.7359335354652766
0.7388968104440152
0.7419314269933075
0.7450360113022684
0.7482089660848544
0.7514484699943244
0.7547524778291741
0.758118721531395
0.7615447119739188
0.7650277415296685
0.7685648874107863
0.7721530157628453
0.7757887864952367
0.7794686588256443
0.7831888975136593
0.786945579755856
0.7907346027122981
0.7945516916324418
0.7983924085467613
0.8022521614890006
0.8061262142128871
0.8100096963662821
0.8138976140852238
0.8177848609700659
0.8216662294056025
0.8255364221872666
0.829390064415577
0.8332217156212796
0.837025882084162
0.8407970293089122
0.8445295946220323
0.8482179998544476
0.8518566640752215
0.8554400163426299
0.8589625084397156
0.8624186275624124
0.8658029089294212
0.8691099482840717
0.8723344142596238
0.8754710605806937
0.8785147380746995
0.8814604064685201
0.8843031459469113
0.8870381684504545
0.8896608286920618
0.8921666348724293
0.8945512590758672
0.8968105473292255
0.8989405293076376
0.9009374276718671
0.902797667022961
0.9045178824608138
0.9060949277340209
0.9075258829691241
0.9088080619679495
0.9099390190622847
0.9109165555156823
0.9117387254623514
0.9124038413736679
0.9129104790427901
0.9132574820781438
0.9134439658966357
0.9134693212072409
0.9133332169758849
0.9130356028620262
0.9125767111175771
0.9119570579383095
0.9111774442578415
0.9102389559741326
0.9091429635981488
0.9078911213143296
0.9064853654424627
0.904927912290651
0.903221255389266
0.9013681620961987
0.89937166956432
0.8972350800628549
0.894961955645486
0.892556112159248
0.890021612589872
0.8873627597410977
0.8845840882474454
0.8816903559222967
0.8786865344455412
0.8755777993976884
0.8723695196500282
0.8690672461232882
0.8656766999299403
0.8622037599182485
0.8586544496388373
0.8550349237574136
0.8513514539398785
0.8476104142387771
0.8438182660126009
0.8399815424120535
0.8361068324700902
0.832200764834947
0.8282699911883393
0.8243211693935212
0.8203609464208814
0.8163959411016599
0.8124327267633948
0.8084778138038237
0.8045376322631479
0.8006185144576959
0.7967266777411927
0.7928682074628489
0.7890490401942583
0.7852749472997095
0.7815515189266723
0.777884148494916
0.7742780177638307
0.770738082557981
0.7672690592305831
0.7638754119434029
0.7605613408394613
0.757330771181769
0.7541873435273305
0.7511344050004533
0.7481750017234641
0.7453118724558228
0.7425474434849475
0.7398838248035389
0.7373228075990237
0.7348658630711963
0.7325141425842359
0.7302684791492088
0.7281293902230568
0.7260970818001348
0.724171453762672
0.7223521064472168
0.7206383483754224
0.7190292050894129
0.7175234290244841
0.716119510345534
0.7148156886677746
0.7136099655776287
0.7125001178658575
0.711483711382251
0.7105581154193367
0.7097205175317411
0.7089679386977932
0.7082972487310272
0.7077051818509875
0.7071883523251372
0.706743270097039
0.7063663563196847
0.7060539587172145
0.7058023667030269
0.7056078261874024
0.7054665540131665
0.7053747519633917
0.705328620290993
0.70532437072569
0.7053582389195043
0.7054264962976913
0.70552546128741
0.7056515099018685
0.7058010856626571
0.7059707088480409
0.7061569850594398
0.7063566131027197
0.7065663921849722
0.7067832284310112
0.7070041407275061
0.7072262659054206
0.7074468632744189
0.7076633185253607
0.7078731470190092
0.7080739964812196
0.7082636491262694
0.7084400232314961
0.7086011741874535
0.7087452950487694
0.7088707166115003
0.708975907043346
0.7090594710933452
0.7091201489078892
0.7091568144798519
0.709168473757511
0.7091542624397363
0.7091134434834766
0.7090454043491937
0.7089496540092691
0.7088258197437575
0.7086736437472632
0.7084929795697906
0.7082837884136345
0.708046135307521
0.7077801851782162
0.707486198838831
0.707164528912042
0.7068156157054771
0.7064399830553154
0.7060382341531355
0.7056110473700098
0.7051591720905974
0.7046834245690058
0.7041846838170255
0.7036638875342539
0.7031220280886125
0.7025601485545755
0.7019793388155207
0.7013807317355094
0.7007654994048201
0.7001348494626733
0.699490021499629
0.698832283541236
0.6981629286137648
0.6974832713919683
0.6967946449282488
0.6960983974618019
0.695395889305791
0.6946884898100809
0.6939775743966541
0.6932645216643829
0.6925507105596536
0.6918375176091502
0.6911263142110662
0.6904184639809211
0.6897153201485288
0.6890182230026852
0.6883284973806365
0.6876474501997619
0.6869763680294769
0.6863165147020092
0.6856691289613376
0.685035422150435
0.6844165759376778
0.683813740084171
0.6832280302546282
0.6826605258752273
0.6821122680428034
0.6815842574904404
0.6810774526153309
0.6805927675754291
0.680131070462005
0.6796931815556533
0.6792798716737602
0.6788918606175489
0.678529815727039
0.6781943505521674
0.6778860236481674
0.6776053375030512
0.677352737604551
0.6771286116534744
0.6769332889296941
0.6767670398163429
0.676630075487066
0.676522547760279
0.6764445491236222
0.6763961129309631
0.6763772137733731
0.6763877680248461
0.6764276345626025
0.6764966156612124
0.6765944580590528
0.6767208541950648
0.6768754436131695
0.677057814531287
0.677267505571498
0.677504007647465
0.6777667660050223
0.6780551824114502
0.6783686174887911
0.6787063931863804
0.6790677953874235
0.6794520766443928
0.679858459037703
0.6802861371520388
0.6807342811643836
0.6812020400376454
0.6816885448136009
0.6821929119985883
0.6827142470352648
0.6832516478534447
0.6838042084930441
0.6843710227917891
0.6849511881303905
0.6855438092276506
0.6861480019779106
0.6867628973232155
0.6873876451522499
0.6880214182181944
0.688663416067333
0.6893128689700359
0.6899690418454688
0.6906312381709453
0.6912988038664799
0.6919711311444061
0.692647662313439
0.6933278935257672
0.6940113784550765
0.6946977318925902
0.6953866332474062
0.6960778299366697
0.6967711406503359
0.6974664584746062
0.6981637538575208
0.6988630773996786
0.6995645624526098
0.7002684275071426
0.7009749783537523
0.7016846099970926
0.7023978083067484
0.7031151513865358
0.7038373106450161
0.7045650515501938
0.7052992340519969
0.706040812656639
0.7067908361376615
0.7075504468694014
0.7083208797693069
0.7091034608366565
0.7098996052763347
0.710710815197441
0.7115386768779417
0.7123848575879446
0.7132511019658839
0.7141392279434956
0.7150511222174466
0.7159887352674832
0.7169540759230911
0.717949205483021
0.7189762313944965
0.7200373005014423
0.7211345918738007
0.7222703092327937
0.7234466729898201
0.7246659119197013
0.7259302544917003
0.7272419198850046
0.7286031087179337
0.7300159935232885
0.7314827090047354
0.7330053421119306
0.7345859219744277
0.7362264097367479
0.7379286883389272
0.7396945522887195
0.74152569747306
0.7434237110575498
0.7453900615237091
0.7474260888940404
0.7495329951952737
0.7517118352098652
0.7539635075651422
0.7562887462087331
0.7586881123172804
0.7611619866840005
0.763710562628405
0.7663338394691186
0.7690316165981101
0.7718034881914584
0.7746488385885496
0.7775668383680765
0.7805564411453704
0.7836163811116952
0.7867451713319701
0.7899411028132745
0.7932022443522209
0.7965264431648675
0.799911326298768
0.8033543028224749
0.8068525667837029
0.8104031009234903
0.8140026811298912
0.8176478816112395
0.8213350807656326
0.8250604677204468
0.8288200495126338
0.8326096588784805
0.8364249626191459
0.8402614705065597
0.8441145446928952
0.8479794095855975
0.851851162149265
0.8557247825951569
0.8595951454190718
0.8634570307484106
0.8673051359598151
0.8711340875294279
0.8749384530787601
0.8787127535803192
0.8824514756883312
0.8861490841612307
0.8898000343439438
0.8933987846793032
0.8969398092191516
0.9004176101068483
0.9038267300038688
0.9071617644342416
0.9104173740210896
0.9135882965904385
0.9166693591179189
0.9196554894945819
0.9225417280886439
0.9253232390804678
0.9279953215487465
0.9305534202865983
0.9329931363269615
0.935310237157623
0.937500666607047
0.9395605543832007
0.9414862252485545
0.943274207815469
0.9449212429471453
0.9464242917503751
0.9477805431471121
0.9489874210128644
0.9500425908706217
0.9509439661296321
0.951689713859083
0.9522782600869927
0.9527082946152243
0.9529787753415555
0.9530889320801418
0.9530382698716456
0.9528265717743537
0.9524539011275486
0.951920603278304
0.9512273067626775
0.9503749239320696
0.9493646510153742
0.9481979676073468
0.9468766355733558
0.9454026973607698
0.9437784737070726
0.9420065607348675
0.9400898264242838
0.9380314064535431
0.9358346993990998
0.933503361287492
0.9310412994920729
0.9284526659690616
0.9257418498288328
0.9229134692400947
0.9199723626667737
0.916923579439499
0.9137723696662542
0.910524173489412
0.9071846096992252
0.9037594637170048
0.9002546749642903
0.896676323637675
0.8930306169121788
0.8893238745995563
0.8855625142911554
0.8817530360184512
0.8779020064677004
0.8740160427884224
0.8701017960388754
0.866165934314789
0.8622151256110157
0.8582560204688638
0.8542952344650647
0.8503393306014418
0.8463948016573474
0.8424680525698305
0.8385653829094325
0.8346929695218813
0.8308568494086095
0.8270629029209917
0.8233168373450156
0.8196241709545056
0.8159902176118915
0.8124200719958903
0.8089185955351644
0.8054904031261004
0.8021398507110692
0.7988710237910737
0.7956877269431618
0.7925934744089006
0.7895914818148723
0.7866846590801064
0.7838756045585886
0.7811666004571362
0.7785596095605017
0.7760562732866141
0.7736579110851378
0.7713655211827405
0.7691797826681512
0.7671010588999727
0.7651294022099613
0.7632645598646746
0.7615059812388604
0.7598528261449596
0.7583039742550178
0.7568580355435542
0.7555133616736655
0.7542680582428251
0.7531199978002444
0.7520668335442229
0.7511060136052954
0.7502347958196006
0.7494502628963926
0.7487493378842144
0.7481287998416214
0.747585299620702
0.7471153756746423
0.7467154698043192
0.7463819427632346
0.7461110896449507
0.7458991549822851
0.7457423474932225
0.7456368544140881
0.7455788553665059
0.7455645357105931
0.745590099342788
0.7456517809025943
0.7457458573581843
0.7458686589465106
0.7460165794487837
0.746186085787312
0.7463737269345379
0.7465761421295538
0.7467900684016678
0.7470123474043524
0.7472399315665276
0.7474698895713491
0.7476994111755246
0.7479258113848228
0.748146534003713
0.7483591545789738
0.7485613827589523
0.7487510640914969
0.7489261812848691
0.7490848549568102
0.7492253438977484
0.7493460448747059
0.749445492002785
0.7495223557113194
0.7495754413318452
0.7496036873349354
0.7496061632427725
0.7495820672438952
0.7495307235362417
0.7494515794239971
0.7493442021932094
0.7492082757903064
0.7490435973271828
0.7488500734353237
0.7486277164908677
0.748376640731425
0.7480970582845767
0.7477892751268748
0.7474536869912553
0.7470907752395095
0.7467011027155795
0.746285309594083
0.7458441092374496
0.7453782840738864
0.7448886815071779
0.7443762098681652
0.7438418344165054
0.7432865734003148
0.7427114941799244
0.7421177094210605
0.7415063733614803
0.7408786781541661
0.7402358502891059
0.7395791470947582
0.7389098533193117
0.7382292777911741
0.7375387501572285
0.7368396176968033
0.7361332422086901
0.7354209969680445
0.7347042637496177
0.7339844299135322
0.7332628855494899
0.7325410206753488
0.7318202224859872
0.731101872648427
0.7303873446395376
0.7296780011229101
0.7289751913619137
0.7282802486665683
0.7275944878723468
0.7269192028498744
0.7262556640452206
0.7256051160512338
0.7249687752113946
0.7243478272584737
0.7237434249912419
0.7231566859934532
0.7225886904000454
0.7220404787165431
0.7215130496982882
0.7210073582968752
0.7205243136816674
0.7200647773448134
0.7196295612984652
0.7192194263730688
0.7188350806256766
0.7184771778671213
0.7181463163165961
0.717843037391891
0.7175678246429104
0.7173211028356874
0.7171032371931229
0.7169145327981533
0.7167552341641137
0.7166255249761848
0.7165255280069083
0.7164553052080155
0.7164148579798941
0.7164041276191107
0.7164229959439078
0.7164712860967051
0.7165487635221257
0.7166551371185369
0.7167900605607092
0.7169531337906976
0.717143904673895
0.7173618708169105
0.717606481543757
0.7178771400267581
0.718173205568345
0.7184939960300576
0.7188387904046706
0.7192068315275737
0.719597328923226
0.7200094617824471
0.7204423820660436
0.7208952177300711
0.7213670760677854
0.721857047162908
0.7223642074484407
0.7228876233648097
0.7234263551107614
0.7239794604795711
0.7245459987728734
0.7251250347836173
0.7257156428391173
0.7263169108945199
0.7269279446663762
0.7275478717954983
0.7281758460275936
0.7288110513996904
0.7294527064198966
0.7301000682275771
0.7307524367205082
0.7314091586354053
0.7320696315677436
0.7327333079165833
0.7333996987399034
0.7340683775056628
0.7347389837237973
0.7354112264440419
0.7360848876045635
0.7367598252161818
0.7374359763669482
0.7381133600318539
0.7387920796724889
0.7394723256114282
0.7401543771662396
0.7408386045281549
0.7415254703706323
0.7422155311730795
0.7429094382454595
0.7436079384395952
0.7443118745335346
0.7450221852755632
0.7457399050750066
0.7464661633275279
0.7472021833631347
0.7479492810058874
0.748708862735037
0.7494824234382486
0.7502715437485038
0.7510778869574212
0.7519031954990223
0.7527492869992735
0.7536180498883901
0.7545114385744915
0.7554314681791346
0.7563802088372255
0.7573597795660888
0.7583723417106565
0.7594200919745067
0.7605052550488391
0.7616300758543829
0.7627968114140932
0.7640077223773839
0.7652650642195354
0.7665710781430835
0.767927981710724
0.7693379592424189
0.7708031520119706
0.7723256482811232
0.7739074732117267
0.7755505786987876
0.7772568331692499
0.7790280113931216
0.7808657843551163
0.7827717092359185
0.7847472195530983
0.786793615512103
0.7889120546176278
0.7911035425954129
0.7933689246736816
0.7957088772722529
0.7981239001457657
0.8006143090256502
0.8031802288029045
0.8058215872913853
0.808538109608156
0.8113293132043422
0.8141945035763004
0.8171327706832988
0.8201429860939382
0.82322380087957
0.8263736442687456
0.8295907230725557
0.8328730218865124
0.8362183040703748
0.8396241135031863
0.8430877771067791
0.8466064081271094
0.8501769101588954
0.8537959818957819
0.857460122584671
0.8611656381600128
0.8649086480309386
0.8686850924917406
0.872490740723877
0.8763211993559311
0.8801719215463316
0.8840382165522525
0.8879152597472991
0.8917981030498967
0.8956816857237089
0.899560845511574
0.9034303300643246
0.9072848086264029
0.911118883940603
0.9149271043350801
0.9187039759567132
0.9224439751158054
0.9261415607082836
0.929791186682821
0.9333873145212856
0.9369244257024272
0.9403970341196901
0.9437996984252851
0.9471270342739124
0.9503737264404045
0.9535345407867392
0.9566043360548326
0.9595780754624806
0.9624508380806002
0.9652178299710077
0.967874395064665
0.9704160257611633
0.9728383732312451
0.9751372574047095
0.9773086766271311
0.9793488169695184
0.9812540611758476
0.9830209972342817
0.98464642655869
0.9861273717676439
0.9874610840490484
0.9886450500990253
0.9896769986243211
0.9905549063981705
0.9912770038598285
0.9918417802485486
0.9922479882630013
