0.007226539629462932
0.007499656838694568
0.007817003969797535
0.008176371404955118
0.008575885823227809
0.009013753431088503
0.009488208412548042
0.009997495909527516
0.010539864910236214
0.011113564334331737
0.011716840097422203
0.012347932390927116
0.013005072943675621
0.01368648223279323
0.014390366684373945
0.015114915925659365
0.015858300151271095
0.01661866765962117
0.017394142607590944
0.018182823024037235
0.018982779116459937
0.01979205190023692
0.020608652176141714
0.021430559879071703
0.022255723818905854
0.023082061832882143
0.023907461367779534
0.024729780509296976
0.02554684947530698
0.026356472589050394
0.027156430747775274
0.027944487150329884
0.028718380434068727
0.029475843455049975
0.03021459854237475
0.03093236488740109
0.031626864283937836
0.032295827459007234
0.03293700100625297
0.03354815493393219
0.03412709083949814
0.03467165072301859
0.03517972645217656
0.035649269892384525
0.0360783037166763
0.0364649329116514
0.036807356997940445
0.03710388537106593
0.03735294185465372
0.03755309246891742
0.03770305223779426
0.03780170349200927
0.037848113056843505
0.037841550474086584
0.03778150735824664
0.037667718008982734
0.03750018142866396
0.037279184927771845
0.037005329542754
0.03667955754104652
0.03630318234472508
0.03587792126302969
0.0354059314749781
0.03488984972644424
0.03433283616489345
0.03373862256643794
0.03311156481511234
0.03245669873557332
0.03177979710404441
0.031087423777334203
0.030386978524922097
0.029686723926719845
0.028995784805581494
0.0283241125612258
0.0276824121417369
0.027082036861550605
0.0265348624111539
0.026053152882694722
0.02564942807508533
0.025336335682771823
0.025126527859013276
0.025032540690955854
0.025066676543174803
0.025240891278756644
0.025566689738903227
0.026055033097821357
0.026716260979005653
0.027560029943856427
0.028595268563091185
0.029830148058443987
0.03127206662051117
0.0329276475334358
0.03480273390619289
0.036902413202110546
0.039231023335067595
0.041792172249715535
0.04458875657675952
0.047622980554210013
0.05089637460619989
0.05440981323287234
0.05816353206258062
0.062157144057801504
0.06638965495833288
0.07085947809978942
0.07556444877163654
0.08050183828546335
0.08566836791714309
0.09106022287148001
0.0966730663982582
0.10250205416720902
0.10854184898786322
0.11478663593980093
0.1212301379600834
0.1278656319178978
0.13468596519190817
0.14168357275328672
0.14885049714792403
0.15617839717006718
0.16365858017209842
0.17128201200806292
0.17903933859113538
0.1869209056017603
0.19491677851659936
0.20301676291754606
0.2112104250390984
0.21948711251192135
0.22783597526039726
0.2362459865123743
0.24470596387993085
0.253204590470948
0.26173043599232354
0.27027197780695605
0.27881762190799436
0.28735572377525004
0.2958746090802327
0.30436259420779405
0.3128080065639125
0.32119920464072443
0.3295245978114943
0.33777266582970167
0.3459319780079699
0.35399121205404877
0.36193917254243263
0.3697648090016537
0.37745723359859956
0.3850057384024494
0.39239981221209774
0.39962915693209855
0.40668370348323
0.41355362723486333
0.420229362947312
0.4267016192132589
0.43296139238821874
0.4389999800008761
0.44480899363481674
0.45038037127394226
0.45570638910450695
0.46077967276731063
0.4655932080541708
0.470140351043284
0.4744148376685759
0.47841079271858467
0.4821227382607884
0.48554560148764636
0.48867472198099066
0.49150586072716995
0.49403519697710696
0.49625934743721234
0.4981753621542383
0.49978073106099075
0.5010733876936643
0.5020517123104374
0.5027145344095619
0.5030611346454015
0.5030912461409287
0.5028050551954165
0.5022032013861047
0.5012867770628083
0.5000573262344264
0.49851684284656
0.49666777075938884
0.4945129918052889
0.4920558353725833
0.489300065728979
0.48624987932200975
0.4829098994003183
0.47928517002741294
0.47538114948926485
0.4712037030976408
0.46675909776564956
0.4620539843783812
0.45709540226121287
0.45189076086027974
0.44644783169391505
0.44077473759568775
0.434879941380864
0.4287722339429462
0.4224607217878515
0.4159548140140916
0.4092642087483041
0.4023988790464005
0.39536905827160485
0.38818522496172475
0.38085808719895387
0.37339856649670305
0.3658177812189238
0.3581270295485222
0.3503377720224524
0.3424616136520666
0.3345102856482228
0.3264956267714496
0.3184295643280621
0.3103240948336559
0.30219126436550964
0.29404314862537206
0.2858918327335685
0.27774939077429994
0.2696278651104591
0.2615392454838878
0.25349544791380674
0.24550829340187466
0.23758948644692418
0.22975059336552137
0.22200302040608016
0.2143579916340315
0.20682652655334352
0.19941941741545327
0.1921472061502439
0.18502016083527484
0.17804825159920873
0.17124112583390486
0.16460808256771506
0.15815804583167947
0.15189953683231722
0.14584064473237343
0.13998899583768845
0.13435172099855236
0.12893542337340427
0.12374613273827931
0.1187892802047637
0.11406964875518039
0.10959133300215664
0.1053576955152742
0.10137132258130349
0.09763398037639442
0.09414657281962129
0.09090910266165236
0.08792063760991164
0.08517928346739129
0.08268216633011441
0.08042542581614813
0.07840422106559924
0.07661275085112172
0.07504428858732631
0.0736912323619308
0.07254516938623018
0.07159695354399327
0.07083679407428235
0.07025435291484364
0.06983884790133119
0.06957915888382644
0.06946393388245564
0.06948169263385634
0.06962092524073268
0.06987018408086708
0.07021816761278332
0.07065379519099355
0.07116627244195321
0.07174514713039233
0.07238035575299472
0.07306226132948268
0.07378168302377469
0.07452991832809003
0.07529875859103857
0.07608049867792223
0.07686794152825169
0.07765439833134094
0.07843368498353148
0.07920011542650887
0.07994849239993534
0.08067409607670742
0.08137267098771953
0.08204041158654721
0.08267394675357523
0.0832703234940527
0.08382699239890443
0.0843417810074271
0.08481289013928071
0.08523886700935081
0.08561858979864984
0.08595125000790238
0.08623633495298946
0.0864736104655468
0.08666310385206719
0.08680508715655252
0.08690006076493845
0.08694873738371905
0.08695202642039564
0.08691101878923363
0.08682697216228803
0.0867012966825372
0.08653554115315841
0.08633137971447948
0.08609059901769765
0.08581508590222321
0.08550681558119881
0.08516784033755113
0.08480027873059413
0.08440630531086331
0.0839881408383835
0.08354804299700708
0.08308829759474927
0.08261121023723567
0.0821191007784669
0.08161428675562502
0.08109908987217207
0.0805758205061672
0.08004677364108681
0.07951422294407048
0.07898041514746292
0.07844756470051344
0.07791784865748236
0.07739340176874021
0.07687631174291171
0.07636861465087307
0.07587229044657906
0.07538925858536068
0.07492137372751287
0.07447042152351098
0.07403811448689204
0.07362608797125403
0.07323589627843102
0.07286900893503835
0.07252680953707051
0.07221058328018448
0.07192152762313846
0.07166074086245137
0.07142922221773257
0.07122787021817516
0.07105748161199937
0.07091875082382271
0.0708122723029202
0.07073853194887668
0.07069792164397831
0.07069073205885981
0.07071715683423141
0.0707772949890916
0.07087115364009267
0.07099865095914058
0.0711596192952207
0.07135380838819792
0.07158088860659831
0.07184045414751893
0.07213202860476976
0.07245505833247075
0.07280892931974894
0.07319296060563243
0.0736064088968569
0.07404847070803268
0.07451828426654838
0.07501493118564456
0.07553744028440196
0.07608477943455692
0.07665587058992046
0.07724958143065573
0.07786472839973944
0.0785000773325781
0.07915434400104701
0.07982619460221745
0.08051424622290658
0.08121706731162377
0.08193317818973418
0.08266105163358152
0.0833991135590907
0.08414574383994669
0.08489927728988393
0.0856580048389503
0.08642017493282526
0.08718399518343845
0.08794763429815249
0.08870922431381308
0.08946686316090098
0.09021861758191903
0.09096252642701474
0.09169660434865988
0.09241884591604187
0.0931272325821001
0.09381972819660714
0.09449429852384611
0.09514890799696318
0.09578152847497882
0.09639014624644707
0.0969727695684404
0.09752743675522335
0.09805222483139615
0.09854525876517443
0.09900472129878252
0.09942886578687399
0.09981601780247143
0.10016460095532044
0.10047314002312209
0.10074027638495034
0.10096478188908498
0.10114557348182802
0.10128172862254485
0.10137250150844307
0.10141734013015934
0.1014159041759139
0.10136808379792793
0.1012740192495699
0.1011341213948929
0.10094909308314481
0.10071995136847109
0.10044805053797184
0.10013510588801004
0.09978321815689967
0.09939489847971093
0.09897309367496096
0.09852121160065891
0.09804314622569396
0.09754330194938897
0.09702661656573482
0.09649858210971463
0.09596526264429152
0.0954333078554703
0.09490996113225306
0.09440306063817298
0.09392103175891112
0.0934728692707799
0.09306810765675376
0.09271677823875607
0.09242935222681059
0.09221666941862855
0.09208985309864474
0.09206021262819221
0.09213913619488452
0.09233797707692049
0.09266793744461317
0.09313995405217178
0.09376459009765904
0.09455193704322283
0.09551153172190899
0.09665227662582142
0.09798239871184349
0.09950940092815125
0.10124003901897154
0.10318031088984873
0.1053354445068831
0.10770991702923068
0.11030745707016815
0.11313106239296565
0.11618301799527292
0.119464915618984
0.12297767381037401
0.12672155793436427
0.13069619977612312
0.1349006188445546
0.13933323161701863
0.14399188270592722
0.1488738531727378
0.1539758794438224
0.15929416974446947
0.164824420360199
0.1705618318439613
0.1765011252739869
0.18263655865065154
0.18896194350377093
0.1954706617650936
0.202155682945279
0.20900958401800204
0.216024557885286
0.22319244546990327
0.23050474509810187
0.23795263361806065
0.24552698556255623
0.253218392591167
0.26101718318325323
0.2689134425501127
0.2768970327325972
0.28495761284914495
0.2930846594582825
0.30126748699933836
0.30949526827513396
0.31775705494079026
0.3260417979633628
0.33433836801790606
0.34263557578649
0.35092219212791453
0.3591869680869658
0.3674186547134406
0.37560602266245136
0.38373788154888544
0.3918030990302761
0.39979061959373174
0.4076894830238755
0.415488842530173
0.4231779825132753
0.43074633595132333
0.4381835013884175
0.4454792618223152
0.4526235916394109
0.45960668606771216
0.46641896728981275
0.47305110148788243
0.4794940131330364
0.48573889878257515
0.49177724268349704
0.4976008203991712
0.5032017247405832
0.5085723684685538
0.5137054977498945
0.5185942028328111
0.5232319281788037
0.527612482046023
0.5317300455195602
0.5355791809845853
0.5391548400385691
0.542452370839281
0.5454675272051565
0.5481964656858809
0.5506357647166356
0.5527824207935308
0.5546338551524312
0.5561879176765211
0.5574428902236795
0.5583974893722253
0.5590508685836678
0.5594026197810916
0.5594527766630552
0.5592018059344901
0.5586506207296198
0.5578005708783378
0.5566534437633041
0.5552114623732343
0.5534772827669521
0.551453990948194
0.5491451015314186
0.5465545440007026
0.5436866718555771
0.54054624785114
0.5371384402342687
0.533468816093303
0.5295433341244083
0.525368336816631
0.5209505420580474
0.516297034165779
0.5114152543430258
0.506312990566697
0.5009983669096622
0.4954798346964283
0.48976615124444983
0.48386638154781875
0.4777898761408073
0.47154625995264365
0.4651454183439646
0.4585974826166173
0.4519128150033675
0.44510199314412846
0.4381757940551372
0.4311451775973226
0.424021269449488
0.4168153435913259
0.40953880670074955
0.40220317018362184
0.39482004526189773
0.38740111425802387
0.3799581129467778
0.37250281012490083
0.3650469866794064
0.35760241414173705
0.35018083271085354
0.3427939311033322
0.33545331406557466
0.32817049253094693
0.32095685012896275
0.3138236203861868
0.30678186094172655
0.2998424269805091
0.2930159438330055
0.28631277869015587
0.2797430137023318
0.27331640658324274
0.26704237311770057
0.26092994587569335
0.2549877432447503
0.24922393525449887
0.24364620853541186
0.23826173292832037
0.2330771158287642
0.22809837962912688
0.22333091617511236
0.21877945566228849
0.21444802276947428
0.21033991785452685
0.2064576776445
0.20280305081107408
0.1993769755471437
0.19617956231476283
0.19321008263575026
0.19046696473310404
0.18794779672124973
0.18564933788670684
0.18356753840230566
0.1816975675860109
0.18003385056173957
0.1785701129187333
0.1772994327139789
0.17621429893448998
0.1753066753467555
0.17456806852010043
0.17398959872567632
0.1735620723853665
0.17327605711935817
0.17312194418333954
0.1730900319500159
0.17317058340089317
0.17335389120774264
0.1736303361133577
0.17399044279672982
0.17442491886750372
0.17492471177277458
0.17548103739076243
0.17608541482960605
0.17672969629589433
0.17740608049779558
0.1781071448502565
0.17882585039002452
0.1795555544019934
0.18029001730416705
0.18102340873314418
0.18175029934594755
0.18246567310348602
0.18316491450889566
0.1838438053636038
0.18449851760688837
0.18512560474686143
0.185721992094621
0.1862849659898507
0.18681216218461447
0.18730155353604264
0.18775143945701123
0.1881604234164401
0.18852741305126702
0.18885159720019457
0.18913243416999873
0.18936963766447504
0.1895631650135421
0.1897131940289139
0.1898201226547188
0.18988454625901993
0.1899072462946671
0.1898891769771912
0.1898314522293916
0.18973533292105213
0.18960221442844719
0.18943361690701044
0.1892311641394525
0.1889965861738706
0.18873169908145185
0.18843839666834186
0.1881186402923217
0.187774449084992
0.18740789058065035
0.1870210741490987
0.18661613294361074
0.18619522980906342
0.18576054021566546
0.1853142471504088
0.18485853407571665
0.18439558057391803
0.1839275467302209
0.18345658085519495
0.1829848046540744
0.18251431241986757
0.18204715634495322
0.181585355649615
0.18113088258395385
0.1806856602207008
0.1802515581577846
0.1798303884163185
0.1794239015283575
0.17903378281252091
0.17866164883953675
0.17830904409384185
0.1779774378412825
0.17766822121651776
0.17738270693008504
0.17712211742966666
0.17688759671467402
0.17668019928450973
0.1765008908763403
0.17635054961699864
0.1762299558396008
0.1761398053900389
0.17608070036848752
0.1760531515720844
0.17605757902992344
0.17609431286215718
0.17616359444047852
0.17626557782173244
0.17640033373202743
0.17656784226978364
0.17676800861051725
0.177000656129141
0.17726553089610347
0.1775623039729751
0.17789057371621284
0.17824987037500478
0.178639649080351
0.17905930577226928
0.17950817009046194
0.1799855095729502
0.18049053382424038
0.18102238675740093
0.18158016210882397
0.18216289558326706
0.1827695684052784
0.18339910846587332
0.18405039136814472
0.18472224138892185
0.18541343237602248
0.1861226886028262
0.18684868560351267
0.18759005101377293
0.18834536544276276
0.18911316340282744
0.18989193664685616
0.1906801261212438
0.19147613682681436
0.19227833265897715
0.19308503086859372
0.19389451782254885
0.1947050419109725
0.1955148181718651
0.19632203093694908
0.19712483679146467
0.19792136786920628
0.19870973550296783
0.1994880342494079
0.20025434868168984
0.2010067488023432
0.20174330928160344
0.2024621059105222
0.20316122403252182
0.20383876515415122
0.2044928563469101
0.2051216486998742
0.205723338940419
0.2062961691260435
0.20683843798743176
0.20734851061414103
0.2078248310177769
0.20826592375749323
0.2086704190381628
0.20903705567448244
0.20936469597254662
0.20965233899791072
0.20989913448644415
0.21010439740580736
0.21026762317153755
0.21038850351667046
0.21046694300755675
0.21050307852368266
0.2104972878068532
0.21045022143000308
0.21036281499885548
0.21023630123639367
0.21007224369644936
0.20987254971517189
0.20963948332226376
0.20937569908682918
0.20908425242782994
0.20876862083722017
0.20843272183256567
0.20808092950694107
0.20771808917044943
0.20734952949287122
0.2069810714703418
0.20661903583284505
0.20627023388632545
0.20594197614286897
0.20564205113363732
0.20537870837227176
0.20516063083827243
0.20499689866362103
0.20489694365013503
0.20487049687906553
0.20492751596579675
0.2050781269437433
0.20533253672890348
0.20570095155213464
0.20619349000137394
0.20682009518070843
0.2075904483860108
0.20851388897032447
0.20959932865563513
0.2108551964596472
0.21228937000028594
0.21390912785514352
0.21572110977063744
0.21773128673223238
0.21994494028792638
0.2223666502291624
0.22500028955441892
0.22784902556403527
0.2309153259442825
0.23420096877357674
0.23770705785192756
0.2414340285432743
0.2453816782497873
0.24954917732297252
0.2539350800942604
0.25853735750055906
0.2633534065508891
0.2683800713599818
0.2736136618670716
0.2790499725043405
0.2846843008206307
0.29051146608207634
0.29652582787981796
0.3027213047777264
0.3090913930319876
0.3156291854106077
0.32232739013556944
0.3291783499642922
0.33617406142063005
0.3433061941794149
0.35056611293981743
0.35794488783924316
0.36543332805507306
0.37302199261375846
0.3807012126839031
0.3884611116815653
0.3962916254278112
0.4041825223329734
0.41212342358082255
0.4201038232851489
0.42811310859083856
0.43614057969143116
0.44417546973532074
0.4522069645931292
0.46022422245935884
0.46821639326211195
0.4761726378555188
0.48408214697039625
0.49193415989964906
0.49971798289599556
0.5074230072605822
0.5150387271021957
0.5225547567478686
0.5299608477867209
0.5372469057299913
0.5444030062712149
0.5514194111316207
0.5582865834767281
0.5649952028911263
0.5715361798993942
0.5779006700219137
0.5840800873552567
0.5900661176676342
0.5958507310005817
0.6014261937688798
0.6067850803513195
0.6119202841655915
0.6168250282211459
0.6214928751444948
0.625917736671804
0.630093882604266
0.6340159492220775
0.6376789471532512
0.6410782686939362
0.6442096945771698
0.6470694001873419
0.6496539612179322
0.6519603587703433
0.6539859838918075
0.6557286415506848
0.6571865540475393
0.6583583638605999
0.6592431359243982
0.6598403593404262
0.6601499485189363
0.6601722437509329
0.6599080112097052
0.6593584423812315
0.6585251529229654
0.6574101809505615
0.6560159847522391
0.6543454399305706
0.6524018359715638
0.6501888722410547
0.6477106534084928
0.6449716842983229
0.6419768641693202
0.6387314804222864
0.6352412017366774
0.6315120706368679
0.6275504954888081
0.6233632419280214
0.6189574237199802
0.6143404930539688
0.6095202302716042
0.6045047330313643
0.5993024049103514
0.593921943444574
0.5883723276089958
0.5826628047384746
0.5768028768904292
0.5708022866499545
0.564671002377571
0.5584192028994315
0.5520572616390951
0.5455957301892557
0.5390453213208787
0.5324168914261699
0.5257214223903899
0.5189700028862689
0.5121738090830611
0.5053440847605113
0.4984921208161548
0.49162923415230686
0.484766745927227
0.4779159591528336
0.4710881356196825
0.4642944721284943
0.45754607600656827
0.4508539398873689
0.44422891573247814
0.43768168807751495
0.4312227464878389
0.42486235721635424
0.4186105340650475
0.41247700846452723
0.40647119880240823
0.40060217905235274
0.3948786467814647
0.3893088906447782
0.3839007575121027
0.37866161941432974
0.3735983405428425
0.36871724458636623
0.3640240827429061
0.3595240027984134
0.3552215197162764
0.35112048822955544
0.34722407796778926
0.34353475167849723
0.3400542471168117
0.33678356317119845
0.3337229507665891
0.3308719090363256
0.3282291871805634
0.32579279233204705
0.32356000363280774
0.32152739259152646
0.3196908496463077
0.3180456167080835
0.31658632531290565
0.31530703987412445
0.31420130540469615
0.3132621989812509
0.3124823841491523
0.31185416742428174
0.31136955603319477
0.31102031604736574
0.3107980301070926
0.3106941539920449
0.3107000713740115
0.3108071461778493
0.3110067720741128
0.31129041872646523
0.3116496745148348
0.3120762855477629
0.31256219086224685
0.3130995537846006
0.3136807894906212
0.3142985888573573
0.3149459387420497
0.3156161388572166
0.31630281543504846
0.31699993189042824
0.31770179670118337
0.3184030687276535
0.31909876019243455
0.31978423753638124
0.32045522035921986
0.3211077786436411
0.32173832845071954
0.32234362626284696
0.3229207621383328
0.32346715182972324
0.32398052800609645
0.32445893070826326
0.32490069715491615
0.32530445100770145
0.3256690911935632
0.3259937803740368
0.32627793314295706
0.32652120402657514
0.32672347535324503
0.3268848450535457
0.3270056144458299
0.32708627605700374
0.32712750152334696
0.3271301296117057
0.3270951543971845
0.327023713629546
0.32691707731688596
0.3267766365517138
0.32660389260132366
0.32640044628130177
0.3261679876280761
0.3259082858836227
0.3256231798028477
0.3253145682915794
0.32498440138077156
0.3246346715401601
0.3242674053325659
0.32388465540796746
0.3234884928346091
0.32308099976285337
0.32266426241587987
0.3222403644001028
0.3218113803271647
0.3213793697385534
0.32094637132335907
0.32051439741940596
0.3200854287880719
0.3196614096534326
0.31924424299695037
0.3188357860998191
0.3184378463262277
0.31805217714212647
0.31768047436557834
0.3173243726464262
0.31698544217458297
0.31666518561794255
0.3163650352923386
0.3160863505673505
0.3158304155127018
0.3155984367907905
0.3153915418011038
0.31521077708214323
0.31505710697586037
0.3149314125584191
0.3148344908395441
0.31476705423059287
0.3147297302790843
0.3147230616645823
0.31474750644793376
0.3148034385627909
0.31489114853526223
0.31501084441479976
0.3151626528967461
0.3153466206148196
0.3155627155801343
0.3158108287421189
0.3160907756461817
0.316402298162993
0.3167450662648142
0.317118679825602
0.31752267042321886
0.3179565031243192
0.3184195782349745
0.3189112330029931
0.3194307432609174
0.31997732500182496
0.3205501358834317
0.3211482766590906
0.3217707925375222
0.3224166744760994
0.32308486041536644
0.3237742364650878
0.3244836380545557
0.32521185106197303
0.3259576129396318
0.326719613853184
0.3274964978546114
0.3282868641095416
0.3290892682004107
0.3299022235274344
0.33072420282975856
0.3315536398492304
0.3323889311592786
0.33322843818108855
0.3340704894090398
0.33491338286677624
0.3357553888147901
0.33659475272964656
0.3374296985741667
0.3382584323770437
0.33907914613945234
0.33989002208528235
0.34068923727086275
0.3414749685691447
0.34224539804273674
0.3429987187195821
0.3437331407846096
0.34444689820032115
0.34513825576891
0.34580551664826764
0.34644703033381236
0.3470612011176471
0.34764649703597533
0.34820145931493024
0.3487247123238656
0.34921497404381485
0.3496710670570854
0.350091930061825
0.35047662991267986
0.3508243741855691
0.3511345242607874
0.35140660891419057
0.35164033840097647
0.3518356190102343
0.3519925680612707
0.35211152930393846
0.3521930886750212
0.3522380903506188
0.35224765302022315
0.35222318629137545
0.3521664071139802
0.3520793560903788
0.3519644135104295
0.3518243149201671
0.3516621659977294
0.35148145647126916
0.3512860727708965
0.3510803090611467
0.35086887625319185
0.35065690854920634
0.35044996702764075
0.3502540397412573
0.35007553777422146
0.3499212866956279
0.34979851286014874
0.3497148240483455
0.34967818401458844
0.349696880624032
0.34977948741305587
0.34993481859936715
0.35017187779254255
0.3504998009039415
0.3509277940119396
0.3514650671867924
0.3521207654987908
0.3529038986040071
0.35382327040625905
0.3548874103199974
0.3561045076012291
0.35748235007596973
0.35902826838877144
0.3607490866357722
0.36265107995956486
0.36473993939012284
0.36702074393925643
0.3694979397133364
0.3721753256125849
0.37505604504161083
0.37814258296560954
0.3814367676054396
0.38493977606584123
0.3886521432245777
0.3925737732672982
0.39670395332394676
0.4010413687402083
0.4055841195952395
0.4103297381507513
0.41527520698295833
0.4204169776068668
0.42575098945089307
0.4312726890793202
0.43697704959112554
0.4428585901474333
0.4489113955970614
0.45512913618172834
0.4615050873104021
0.46803214939687493
0.474702867756858
0.48150945256133393
0.48844379884212547
0.4954975065440391
0.5026619006159361
0.5099280511308358
0.517286793422984
0.5247287482275388
0.5322443418067395
0.5398238260446531
0.5474572984911978
0.5551347223350042
0.5628459462838953
0.57058072433115
0.578328735385401
0.5860796027419377
0.5938229133733157
0.6015482370173137
0.6092451450408342
0.6169032290586848
0.6245121192868583
0.6320615026104686
0.6395411403472381
0.6469408856881353
0.6542507007974913
0.6614606735556853
0.6685610339283511
0.6755421699468142
0.682394643285352
0.6891092044217062
0.6956768073681271
0.7020886239611492
0.7083360576989678
0.714410757116339
0.7203046286874994
0.726009849248442
0.7315188779306382
0.7368244675988611
0.7419196757864405
0.7467978751218731
0.7514527632411995
0.7558783721810852
0.7600690772479484
0.7640196053589354
0.7677250428509091
0.7711808427539237
0.7743828315260048
0.7773272152463782
0.78001058526447
0.782429923302319
0.784582606008248
0.7864664089598353
0.7880795101144168
0.7894204927055412
0.7904883475839527
0.7912824750018023
0.7918026858389969
0.792049202270624
0.7920226578746068
0.7917240971788219
0.7911549746470246
0.7903171531030139
0.7892129015926606
0.787844892683392
0.7862161992009408
0.7843302904031955
0.7821910275911351
0.7798026591568245
0.7771698150686581
0.7742975007939967
0.7711910906594642
0.7678563206492396
0.7642992806416244
0.7605264060843104
0.7565444691086533
0.7523605690832227
0.7479821226069086
0.7434168529416348
0.7386727788845463
0.7337582030794145
0.728681699766525
0.723452101970009
0.7180784881211099
0.7125701681152201
0.7069366687999462
0.7011877188905645
0.6953332333084203
0.6893832969369188
0.6833481477885359
0.6772381595752525
0.6710638236737104
0.6648357304751416
0.6585645501090099
0.6522610125284188
0.6459358869443773
0.6395999605954982
0.6332640168396835
0.6269388125545015
0.6206350548341758
0.6143633769728806
0.6081343137270323
0.6019582758534233
0.5958455239258141
0.589806141439961
0.583850007226678
0.5779867672042927
0.5722258055162607
0.5665762151170739
0.5610467678898399
0.5556458844025409
0.5503816034367379
0.5452615514524354
0.5402929121853753
0.5354823966078935
0.5308362135206744
0.5263600410788344
0.5220589995908441
0.5179376259605561
0.5139998501693879
0.5102489742152969
0.5066876539353694
0.5033178841375607
0.500140987452757
0.4971576072893222
0.4943677052281193
0.4917705631367655
0.4893647902083705
0.487148335044444
0.48511850280639995
0.4832719773589423
0.48160484822542843
0.4801126420744116
0.4787903583622388
0.4776325086727857
0.47663315922546395
0.4757859759691678
0.47508427164446926
0.47452105417958806
0.4740890757873651
0.47378088214911285
0.47358886110514187
0.47350529031800564
0.4735223834307156
0.4736323343049593
0.47382735899107437
0.4740997351492839
0.47444183870826223
0.47484617761054077
0.47530542255291425
0.47581243468295936
0.47636029025934123
0.47694230232325824
0.4775520394616903
0.47818334176959426
0.47883033413892573
0.4794874370176099
0.4801493747918519
0.48081118195147193
0.48146820720059985
0.48211611567577195
0.4827508894310516
0.48336882634529976
0.483966537601086
0.4845409438779921
0.4850892703957365
0.48560904093491364
0.4860980709551611
0.4865544599228619
0.48697658295271457
0.487363081860101
0.48771285571402917
0.4880250509736247
0.4882990512847557
0.4885344670072871
0.48873112453784273
0.4888890554876309
0.4890084857698492
0.48908982464668094
0.4891336537814128
0.4891407163371901
0.48911190616004185
0.48904825708021904
0.48895093236237536
0.4888212143319956
0.4886604942022378
0.48847026212248057
0.4882520974670138
0.48800765937960144
0.48773867758703804
0.48744694349238893
0.48713430155615267
0.48680264097140113
0.4864538876367834
0.48608999642922357
0.4857129437763632
0.4853247205270264
0.48492732511644837
0.4845227570217028
0.4841130105016697
0.4837000686150352
0.48328589750929873
0.48287244097347054
0.48246161524735487
0.4820553040806567
0.4816553540360409
0.4812635700312725
0.4808817111168953
0.48051148648746944
0.4801545517258486
0.47981250528147495
0.47948688518495947
0.4791791660022714
0.478890756032484
0.4786229947532288
0.4783771505178253
0.4781544185074068
0.4779559189403582
0.4777826955400867
0.4776357142605917
0.4775158622675917
0.4774239471711048
0.477360696503639
0.4773267574361641
0.4773226967222317
0.4773490008589072
0.47740607645140193
0.4774942507667984
0.4776137724609625
0.47776481246149494
0.4779474649887818
0.47816174869658273
0.478407607913291
0.4786849139651609
0.478993466563288
0.47933299523673767
0.4797031607955081
0.48010355680835015
0.48053371108216814
0.48099308713158573
0.4814810856293443
0.48199704583036346
0.48254024696444436
0.48310990959486827
0.483705196942414
0.4843252161763488
0.4849690196760858
0.4856356062692042
0.48632392245333095
0.4870328636112112
0.48776127522983337
0.4885079541360666
0.4892716497625749
0.4900510654590976
0.49084485986525733
0.49165164836204356
0.49247000461998686
0.4932984622627678
0.4941355166655243
0.49497962690760705
0.4958292178997864
0.4966826827060298
0.4975383850799765
0.49839466223597717
0.4992498278742996
0.5001021754794334
0.5009499819097435
0.5017915112956748
0.5026250192625615
0.5034487574925165
0.5042609786381825
0.5050599415991281
0.5058439171694141
0.5066111940626103
0.5073600853181083
0.5080889350904243
0.5087961258214247
0.5094800857941939
0.5101392970669034
0.5107723037857202
0.5113777208773531
0.5119542431244035
0.5125006546295461
0.5130158386774719
0.5134987880056368
0.513948615495449
0.5143645652941432
0.5147460243737063
0.515092534527019
0.5154038047928202
0.515679724290984
0.5159203754380356
0.5161260475007506
0.5162972504331607
0.5164347289293875
0.516539476611774
0.5166127502598421
0.5166560839710898
0.516671303128357
0.5166605380307143
0.5166262370247607
0.5165711789509012
0.5164984846946236
0.5164116276059941
0.5163144425223465
0.5162111331000859
0.5161062771327856
0.5160048295061921
0.5159121224183211
0.5158338624769498
0.5157761242806468
0.5157453400958801
0.5157482852653407
0.5157920590240739
0.5158840604633284
0.5160319594683755
0.5162436625664367
0.5165272737525968
0.516891050511545
0.5173433554150983
0.5178926038418278
0.5185472085257511
0.5193155217851382
0.5202057763992256
0.5212260261800191
0.522384087321481
0.5236874815944305
0.5251433823928501
0.5267585645295979
0.5285393585342971
0.5304916100346888
0.5326206446160938
0.5349312383656513
0.5374275941293442
0.5401133233507524
0.5429914332276008
0.5460643188194727
0.5493337596686928
0.5528009204549342
0.5564663551891512
0.5603300144597052
0.5643912552680113
0.568648853027527
0.5731010153437612
0.577745397240693
0.582579117546569
0.5875987761979954
0.5928004722632195
0.598179822523062
0.6037319804802692
0.609451655695412
0.6153331333698651
0.6213702941143444
0.6275566338556221
0.6338852838447221
0.6403490307377485
0.6469403367262445
0.6536513596976692
0.6604739734090936
0.667399787658433
0.6744201684382265
0.6815262580568746
0.6887089952119566
0.6959591349996748
0.7032672688437911
0.7106238443267375
0.7180191849048779
0.7254435094894066
0.7328869518737915
0.7403395799883766
0.7477914149625472
0.7552324499748085
0.7626526688711254
0.7700420645321947
0.77739065697061
0.784688511139395
0.7919257544339162
0.7990925938699805
0.8061793329215843
0.8131763880027597
0.8200743045788165
0.8268637728931363
0.8335356432968253
0.8400809411691534
0.8464908814179106
0.8527568825494272
0.8588705802989014
0.8648238408122814
0.8706087733716282
0.8762177426564167
0.8816433805336316
0.8868785973699793
0.8919165928599043
0.8967508663633725
0.9013752267476686
0.9057838017277808
0.9099710467002463
0.9139317530654687
0.9176610560340314
0.9211544419125962
0.924407754865349
0.9274172031472613
0.9301793648057014
0.9326911928470594
0.9349500198655822
0.9369535621315878
0.938699923136615
0.9401875965932988
0.9414154688879486
0.9423828209840419
0.9430893297750765
0.9435350688854468
0.9437205089181837
0.9436465171487018
0.9433143566637812
0.9427256849453127
0.9418825518984236
0.9407873973238755
0.9394430478346271
0.9378527132166651
0.9360199822341989
0.9339488178794191
0.9316435520669094
0.9291088797729111
0.9263498526194028
0.923371871902942
0.9201806810680621
0.916782357624898
0.9131833045105268
0.9093902408933376
0.9054101924195449
0.9012504809008841
0.8969187134421657
0.8924227710072441
0.8877707964216606
0.8829711818099786
0.8780325554654875
0.8729637681495553
0.8677738788175099
0.8624721397674188
0.8570679812076165
0.8515709952381781
0.8459909192409247
0.8403376186718491
0.8346210692491681
0.8288513385295815
0.8230385668648122
0.817192947730103
0.811324707416478
0.8054440840787576
0.7995613061322915
0.7936865699930945
0.7878300171584866
0.7820017106290006
0.7762116106770929
0.770469549974496
0.7647852080979969
0.7591680854430126
0.7536274765859343
0.748172443149811
0.7428117862437162
0.7375540185639327
0.732407336265088
0.7273795907315279
0.7224782604029083
0.7177104228334527
0.7130827271906384
0.7086013674257648
0.7042720563750431
0.7001000010743968
0.6960898795929434
0.6922458197076681
0.6885713797537792
0.6850695319899296
0.681742648813852
0.6785924921506143
0.675620206311813
0.6728263145893383
0.6702107198018831
0.6677727089568084
0.6655109621258876
0.663423565562375
0.6615080290114964
0.6597613070894088
0.6581798245299327
0.6567595050267244
0.6554958033341661
0.6543837402350281
0.6534179399390977
0.6525926694455875
0.6519018793838347
0.6513392458413605
0.6508982126951017
0.6505720339792671
0.6503538158500354
0.6502365577418231
0.6502131923495443
0.650276624115218
0.6504197659430943
0.6506355739142177
0.6509170798174911
0.6512574213591096
0.6516498699546531
0.6520878560473783
0.6525649919322235
0.6530750920968947
0.6536121911192628
0.6541705591839142
0.6547447153002461
0.6553294383200198
0.6559197758641792
0.6565110512772573
0.657098868733195
0.6576791166194237
0.6582479693267521
0.6588018875715618
0.6593376173744542
0.6598521878156558
0.660342907683133
0.6608073611242883
0.661243402406477
0.6616491498859094
0.6620229792785611
0.6623635163208171
0.6626696289016979
0.6629404187427685
0.6631752126962791
0.6633735537266168
0.6635351916350417
0.6636600735826409
0.6637483344616996
0.6638002871613192
0.6638164127689563
0.6637973507455432
0.6637438891085465
0.6636569546540719
0.6635376032463721
0.6633870102007384
0.6632064607836733
0.6629973408526921
0.662761127656467
0.6624993808148854
0.662213733497359
0.6619058838163749
0.6615775864519562
0.6612306445208564
0.6608669017022555
0.6604882346294794
0.6600965455543327
0.6596937552877908
0.6592817964177647
0.6588626068016828
0.6584381233289553
0.6580102759462186
0.6575809819366703
0.6571521404440511
0.6567256272318702
0.6563032896694003
0.6558869419375871
0.6554783604503144
0.655079279489226
0.6546913870530321
0.654316320924949
0.6539556649642287
0.6536109456294772
0.6532836287423215
0.652975116500135
0.6526867447458826
0.6524197805018966
0.6521754197724305
0.6519547856177488
0.6517589265001876
0.6515888149003222
0.6514453461992318
0.6513293378207268
0.6512415286259201
0.6511825785507254
0.6511530684755353
0.6511535003152502
0.6511842973164929
0.6512458045479681
0.6513382895688926
0.6514619432595418
0.651616880797354
0.6518031427612114
0.6520206963463703
0.652269436672233
0.6525491881652175
0.6528597059995181
0.6532006775790519
0.6535717240449984
0.653972401794596
0.6544022039982972
0.6548605621042334
0.6553468473208272
0.6558603720705739
0.6564003914101191
0.6569661044141025
0.6575566555224832
0.6581711358533956
0.6588085844856426
0.6594679897172007
0.6601482903079685
0.6608483767169208
0.6615670923453785
0.662303234799736
0.663055557188287
0.6638227694678457
0.6646035398569562
0.6653964963332142
0.6662002282328328
0.6670132879711753
0.6678341929031762
0.6686614273429884
0.6694934447620483
0.6703286701849153
0.6711655028020431
0.6720023188184668
0.6728374745570433
0.6736693098344645
0.674496151627875
0.6753163180491287
0.6761281226432199
0.6769298790264363
0.677719905878852
0.6784965323046489
0.6792581035723824
0.680002987245826
0.6807295797142111
0.6814363131286857
0.6821216627494808
0.6827841547057071
0.6834223741668406
0.6840349739217111
0.6846206833575567
0.6851783178277855
0.6857067883934795
0.6862051119196902
0.686672421503537
0.6871079772073886
0.6875111770665264
0.6878815683373208
0.6882188589486445
0.6885229291164713
0.6887938430787941
0.6890318609056271
0.6892374503361243
0.6894112985920534
0.6895543241129747
0.6896676881536086
0.68975280617694
0.6898113589676985
0.6898453033787865
0.6898568826083676
0.689848635887025
0.6898234074332261
0.6897843545115137
0.6897349544021207
0.6896790100645257
0.689620654251626
0.6895643518077446
0.6895148998639397
0.689477425630324
0.6894573814786261
0.6894605370116205
0.6894929678304714
0.6895610407388082
0.689671395164044
0.6898309206335174
0.6900467302150656
0.6903261299180552
0.6906765841499243
0.6911056774315422
0.6916210726885677
0.6922304665497636
0.6929415421913256
0.6937619203624102
0.6946991093047841
0.6957604543337034
0.6969530878734445
0.6982838807370491
0.6997593954051665
0.7013858419955946
0.7031690375267877
0.7051143689708957
0.7072267604713677
0.7095106449742424
0.7119699403977693
0.7146080303482111
0.717427749285977
0.720431371958786
0.7236206068496851
0.7269965933378981
0.7305599022388807
0.7343105393749081
0.7382479518265765
0.7423710365260034
0.7466781508715601
0.7511671250688288
0.7558352759306115
0.7606794218988944
0.765695899081056
0.7708805781210119
0.7762288817523458
0.7817358029037865
0.7873959232483198
0.7932034321050203
0.7991521456177885
0.8052355261476319
0.8114467018254256
0.8177784862202617
0.824223398084994
0.8307736811456158
0.8374213239050249
0.8441580794346034
0.8509754851291658
0.8578648824025152
0.8648174363018974
0.8718241550204214
0.8788759092871669
0.8859634516151149
0.8930774353873777
0.9002084337625254
0.9073469583800979
0.9144834778478328
0.9216084359925734
0.9287122698572281
0.9357854274269362
0.9428183850682389
0.9498016646658517
0.9567258504426008
0.9635816054489913
0.9703596877099288
0.9770509660169344
0.9836464353554139
0.9901372319570881
0.9965146479686827
1.0027701457284004
1.0088953716422706
1.014882169652631
1.0207225942912386
1.0264089233094846
1.031933669878032
1.037289594348284
1.0424697155677292
1.047467321741156
1.0522759808298803
1.0568895504809048
1.0613021874783233
1.0655083567093562
1.0695028396378536
1.0732807422785182
1.076837502665555
1.0801688978100616
1.0832710501409388
1.0861404334247458
1.0887738781603973
1.09116857644515
1.0933220863087636
1.0952323355131754
1.0968976248154048
1.0983166306917673
1.0994884075217215
1.1004123892300406
1.1010883903860866
1.1015166067594007
1.1016976153307128
1.1016323737579148
1.1013222192964731
1.1007688671739815
1.0999744084185625
1.0989413071409668
1.0976723972702094
1.0961708787425946
1.0944403131439746
1.0924846188051258
1.0903080653499542
1.0879152676963222
1.085311179509164
1.0825010861053983
1.0794905968102797
1.0762856367645122
1.0728924381814726
1.0693175310538225
1.0655677333086029
1.0616501404097871
1.0575721144071522
1.0533412724302005
1.0489654746254977
1.0444528115358394
1.0398115909191308
1.0350503240048445
1.0301777111853399
1.0252026271393748
1.0201341053844906
1.0149813222549258
1.009753580301336
1.004460291108536
0.9991109575273548
0.9937151553169505
0.9882825141942234
0.982822698287635
0.9773453859939096
0.9718602492375968
0.9663769321355934
0.9609050290717721
0.9554540621906286
0.9500334583235943
0.9446525253678117
0.9393204281445965
0.9340461637735767
0.9288385366093098
0.9237061327992794
0.9186572945364914
0.9137000940958939
0.9088423077614426
0.9040913897700418
0.8994544464190306
0.8949382105053434
0.8905490162859058
0.8862927751702374
0.8821749523760212
0.8782005447962759
0.8743740603412959
0.870699499029255
0.8671803361045314
0.863819507462212
0.8606193976497433
0.8575818307017676
0.8547080640416879
0.8519987856532084
0.8494541146874267
0.8470736056269638
0.8448562560784432
0.8428005182105265
0.840904313797394
0.8391650527691631
0.8375796551131098
0.8361445759138993
0.8348558332696312
0.8337090387747134
0.8326994302216559
0.831821906143276
0.8310710617952333
0.8304412261670107
0.8299264996072719
0.8295207916570547
0.8292178587009087
0.8290113410703868
0.8288947992653949
0.8288617489952271
0.8289056947804788
0.8290201618986919
0.8291987264981378
0.8294350437446899
0.8297228739050617
0.8300561063049255
0.8304287811321094
0.8308351090827917
0.8312694888723737
0.831726522652728
0.8322010293940338
0.8326880563025295
0.8331828883559825
0.8336810560465729
0.8341783414265741
0.8346707825562181
0.8351546764553778
0.8356265806617221
0.836083313497918
0.8365219531490363
0.8369398356496207
0.8373345518771406
0.8377039436452967
0.838046098987203
0.8383593467143332
0.8386422503332354
0.8388936013975624
0.8391124123687728
0.8392979090545061
0.8394495226894854
0.8395668817194816
0.8396498033450086
0.8396982848774619
0.839712494956544
0.8396927646743876
0.8396395786481267
0.839553566079344
0.8394354918355748
0.8392862475858345
0.8391068430190372
0.8388983971711402
0.838662129883953
0.8383993534154832
0.8381114642188495
0.8377999349041744
0.8374663063948049
0.8371121802867874
0.836739211417934
0.8363491006504722
0.8359435878689961
0.8355244451936575
0.8350934704068262
0.8346524805901363
0.8342033059679859
0.8337477839529616
0.8332877533885976
0.8328250489851518
0.8323614959446947
0.8318989047728693
0.831439066275772
0.8309837467418508
0.8305346833101999
0.8300935795279246
0.8296621011006731
0.8292418718414948
0.8288344698240309
0.8284414237465919
0.828064209514006
0.8277042470439587
0.8273628973043042
0.8270414595869806
0.8267411690235349
0.8264631943460037
0.8262086358956441
0.8259785238807519
0.8257738168831178
0.8255954006112739
0.8254440868969656
0.8253206129297069
0.8252256407226899
0.8251597568015873
0.825123472106417
0.8251172220952013
0.8251413670366147
0.8251961924779319
0.8252819098734503
0.8253986573577877
0.8255465006479578
0.825725434057849
0.8259353816087028
0.8261761982193412
0.8264476709606454
0.8267495203592636
0.8270814017368602
0.8274429065722826
0.8278335638755212
0.8282528415639617
0.8287001478331758
0.8291748325163363
0.82967618842825
0.8302034526919804
0.83075580804792
0.831332384147169
0.8319322588328303
0.832554459414877
0.8331979639456806
0.8338617025051828
0.8345445585059788
0.8352453700301575
0.8359629312107865
0.8366959936722509
0.8374432680444114
0.8382034255665013
0.8389750997971489
0.8397568884475758
0.840547355355145
0.8413450326147486
0.8421484228854241
0.8429560018895375
0.8437662211215055
0.8445775107826586
0.8453882829583164
0.8461969350525137
0.8470018534950471
0.8478014177346763
0.8485940045313897
0.8493779925596044
0.8501517673331651
0.8509137264617513
0.8516622852471906
0.8523958826268307
0.853112987469874
0.8538121052310965
0.8544917849649247
0.855150626701356
0.8557872891835243
0.8564004979649344
0.8569890538625065
0.8575518417593863
0.858087839749172
0.8585961286104661
0.8590759015974561
0.8595264745285877
0.8599472961512373
0.8603379587550629
0.8606982090010232
0.8610279589261666
0.8613272970767286
0.8615964997131954
0.8618360420215394
0.8620466092546317
0.8622291077169523
0.8623846754949854
0.8625146928249784
0.862620791979837
0.862704866548261
0.862769079971635
0.8628158731986468
0.862847971313674
0.8628683889923661
0.8628804346367533
0.8628877130416822
0.8628941264441715
0.8629038738070867
0.8629214481881622
0.8629516320452391
0.8629994903293298
0.8630703612196928
0.8631698443614544
0.8633037864774326
0.8634782642437311
0.8636995643447747
0.8639741606579102
0.8643086885618989
0.8647099164160059
0.8651847143165329
0.8657400203029607
0.8663828042544298
0.8671200297854245
0.8679586145143985
0.8689053891371507
0.8699670557848592
0.8711501461823026
0.8724609801426341
0.8739056249400086
0.8754898560897416
0.8772191200379225
0.8790984992197994
0.8811326798904532
0.8833259230649332
0.885682038831078
0.8882043642199403
0.8908957447390713
0.8937585195967832
0.8967945105735285
0.9000050144318026
0.9033907987017225
0.9069521006355292
0.9106886290921131
0.9145995690920161
0.9186835887731077
0.9229388484762896
0.9273630116977533
0.931953257657303
0.9367062952497087
0.9416183781663852
0.9466853209962002
0.9519025161361258
0.9572649513635558
0.9627672279419752
0.9684035791498278
0.9741678891384868
0.9800537120395647
0.9860542912537714
0.9921625788640157
0.9983712551239571
1.004672747980215
1.0110592525922835
1.0175227508188356
1.0240550306425538
1.030647705508672
1.037292233554435
1.0439799367084557
1.0507020196400685
1.057449588539763
1.0642136697122582
1.0709852279643075
1.0777551847695366
1.0845144361926637
1.0912538705557104
1.0979643858285761
1.1046369067266246
1.1112624014978416
1.1178318983822466
1.124336501726703
1.1307674077385534
1.1371159198621439
1.1433734637633064
1.1495316019080666
1.1555820477232115
1.161516679328112
1.1673275528292069
1.1730069151706544
1.178547216536716
1.1839411223037244
1.1891815245412052
1.194261553063397
1.199174586033504
1.203914260123624
1.2084744802333867
1.2128494287698242
1.2170335744900103
1.2210216809067385
1.2248088142558542
1.2283903510222385
1.23176198501975
1.2349197340190095
1.2378599459156379
1.2405793044307598
1.2430748343349636
1.245343906186737
1.2473842405764775
1.2491939118675832
1.250771351426688
1.2521153503358187
1.2532250615800247
1.2541000017048687
1.254740051938983
1.2551454587777267
1.2553168340245935
1.2552551542877572
1.2549617599295675
1.2544383534674712
1.2536869974250096
1.2527101116319908
1.2515104699731427
1.2500911965846644
1.2484557614983276
1.2466079757327093
1.2445519858313079
1.2422922678471988
1.2398336207738865
1.23718115942187
1.2343403067406584
1.231316785585437
1.228116609927906
1.224746075510528
1.2212117499433726
1.217520462242684
1.2136792918101795
1.209695556852125
1.2055768022371138
1.2013307867914824
1.1969654700313728
1.1924889983304188
1.1879096905222155
1.1832360229368848
1.1784766138712512
1.173640207492633
1.1687356571765943
1.1637719082798128
1.1587579803498804
1.1537029487751922
1.148615925879398
1.1435060414666507
1.138382422826266
1.1332541742080562
1.1281303557831397
1.123019962109121
1.117931900123408
1.1128749666945406
1.1078578257681362
1.1028889851522414
1.0979767729960777
1.093129314026734
1.0883545056201007
1.0836599937953104
1.0790531492360989
1.0745410434575622
1.0701304252525474
1.0658276975679326
1.0616388949771762
1.057569661930719
1.0536252319800061
1.0498104081829327
1.0461295449080272
1.0425865312606464
1.0391847763563193
1.0359271966635424
1.0328162056300714
1.029853705793101
1.027041083553954
1.0243792067730288
1.0218684253097559
1.0195085745973864
1.0172989823029068
1.0152384780802124
1.0133254063806558
1.0115576422404882
1.0099326099208352
1.0084473042340607
1.007098314351529
1.0058818498532387
1.0047937687501869
1.0038296071862252
1.0029846105084042
1.0022537653830677
1.0016318326295948
1.0011133804449943
1.0006928176991479
1.0003644269933392
1.0001223971918922
0.9999608551586968
0.9998738964558296
0.999855614789283
0.9999001300170395
1.0000016145655932
1.0001543181321215
1.0003525905804538
1.000590902968346
1.0008638666715064
1.0011662505954142
1.0014929964892307
1.0018392323965064
1.002200284294829
1.0025716859910532
1.0029491873502991
1.003328760945308
1.0037066072185923
1.0040791582529605
1.0044430802469866
1.0047952747910565
1.0051328790371283
1.0054532648518242
1.0057540370382034
1.0060330307069594
1.0062883078730447
1.0065181533492242
1.0067210700039324
1.0068957734468524
1.0070411862024056
1.0071564314282577
1.007240826233441
1.0072938746482467
1.0073152602959645
1.0073048388144814
1.0072626300738792
1.0071888102340567
1.0070837036847071
1.0069477749076
1.0067816202993831
1.0065859599907436
1.0063616296956852
1.0061095726223688
1.0058308314746247
1.0055265405710057
1.0051979181057424
1.0048462585736724
1.004472925378623
1.0040793436423672
1.0036669932287188
1.0032374019947696
1.0027921392786348
1.0023328096305764
1.0018610467915119
1.0013785079203767
1.000886868068874
1.0003878148997336
0.9998830436415098
0.9993742522707421
0.9988631369095057
0.9983513874244708
0.9978406832115045
0.9973326891483478
0.996829051697078
0.9963313951378322
0.9958413179156206
0.9953603890835335
0.9948901448279327
0.994432085064302
0.9939876700965539
0.9935583173372635
0.993145398091598
0.9927502344129735
0.9923740960439288
0.9920181974603123
0.9916836950408926
0.9913716843871921
0.9910831978196663
0.9908192020761379
0.9905805962368311
0.9903682098971223
0.9901828016049374
0.9900250575746726
0.9898955906839293
0.9897949397536661
0.9897235691067788
0.9896818683950378
0.9896701526801043
0.9896886627505311
0.9897375656541934
0.9898169554236725
0.9899268539711078
0.9900672121290691
0.9902379108141617
0.9904387622913335
0.9906695115181339
0.9909298375500454
0.9912193549899649
0.99153761546705
0.9918841091323651
0.9922582661611411
0.9926594582535113
0.9930870001280632
0.9935401510043993
0.9940181160732562
0.9945200479545211
0.995045048145453
0.99559216846314
0.9961604124870685
0.9967487370089488
0.997356053498712
0.9979812295966438
0.9986230906430348
0.9992804212576472
0.9999519669823637
1.000636436001047
1.0013325009514265
1.0020388008443235
1.002753943105801
1.003476505758174
1.0042050397558695
1.0049380714919973
1.0056741054913596
1.0064116273052854
1.007149106623172
1.007885000614981
1.0086177575183293
1.0093458204828336
1.010067631683587
1.0107816367144837
1.0114862892711172
1.0121800561317833
1.0128614224438643
1.0135288973216547
1.0141810197604086
1.014816364870173
1.0154335504315666
1.016031243774529
1.0166081689797268
1.0171631144011706
1.0176949405073215
1.0182025880368428
1.018685086463897
1.019141562766641
1.0195712504911352
1.0199734991012674
1.0203477836034138
1.0206937144320103
1.021011047579224
1.0212996949478996
1.0215597349017838
1.0217914229803915
1.0219952027375572
1.0221717166521038
1.0223218170462818
1.0224465769319315
1.0225473006861439
1.0226255344375574
1.0226830760211525
1.022721984335214
1.0227445879095474
1.0227534924705806
1.0227515872690485
1.022742049921569
1.0227283495105939
1.0227142476902937
1.0227037975600832
1.0227013400934117
1.02271149794643
1.0227391665171524
1.0227895021782152
1.0228679076614366
1.02298001462659
1.0231316634964451
1.0233288806837004
1.0235778533710416
1.0238849020345675
1.024256450923922
1.0246989967322269
1.0252190757070845
1.0258232294720715
1.0265179698470899
1.027309742975195
1.0282048930815615
1.0292096262060992
1.030329974261962
1.0315717597763485
1.0329405616663607
1.0344416823902698
1.0360801167933589
1.0378605229385522
1.0397871951762008
1.0418640396668157
1.0440945525262046
1.0464818007171446
1.0490284057662176
1.0517365303403348
1.0546078676762942
1.0576436338186337
1.0608445625871235
1.064210903165903
1.0677424201815142
1.0714383961173117
1.0752976358971191
1.0793184734608428
1.0834987801495728
1.0878359747167472
1.0923270347846183
1.096968509571628
1.1017565337248272
1.1066868421022429
1.111754785362249
1.1169553462297146
1.1222831563217093
1.1277325134283613
1.133297399156488
1.138971496855096
1.1447482097519956
1.1506206792400477
1.1565818032596562
1.1626242547310564
1.1687404999960258
1.1749228172335082
1.1811633148181127
1.1874539495935446
1.1937865450362244
1.2001528092863734
1.2065443530257463
1.2129527071827806
1.2193693404468753
1.2257856765745196
1.2321931114707836
1.238583030030034
1.2449468227203655
1.251275901896535
1.257561717826385
1.2637957744162387
1.2699696446208952
1.2760749855242424
1.28210355307685
1.288047216477364
1.293897972185178
1.2996479575523532
1.3052894640636523
1.3108149501742892
1.3162170537361644
1.321488604004183
1.3266226332155322
1.3316123877358523
1.33645133876729
1.3411331926146293
1.34565190050642
1.3500016679690794
1.3541769637525194
1.3581725283062402
1.3619833818053042
1.365604831725699
1.3690324799683389
1.3722622295311449
1.3752902907279807
1.378113186953003
1.3807277599884695
1.3831311748535313
1.3853209241911082
1.3872948321893763
1.3890510580340198
1.390588098887093
1.3919047923878578
1.3930003186709021
1.3938742018966843
1.394526311289426
1.3949568616774943
1.3951664135313895
1.3951558724945226
1.3949264884024135
1.3944798537858611
1.3938179018542303
1.392942903955088
1.3918574665068457
1.3905645274014076
1.389067351874158
1.3873695278389155
1.3854749606858552
1.383387867540692
1.381112770983752
1.3786544922277142
1.376018143753294
1.3732091214021447
1.3702330959265216
1.3670960039956412
1.363804038658493
1.3603636392633887
1.3567814808344323
1.353064462905356
1.3492196978112645
1.3452544984389432
1.3411763654367086
1.3369929738847566
1.3327121594273776
1.3283419038686177
1.3238903202334955
1.3193656372972047
1.3147761835856084
1.310130370851042
1.305436677028555
1.3007036286792086
1.2959397829284467
1.2911537089100198
1.2863539687282262
1.2815490979543216
1.2767475856766477
1.271957854128454
1.2671882379222754
1.2624469629257828
1.2577421248205596
1.253081667393126
1.2484733606159408
1.2439247785857475
1.2394432773968969
1.2350359730386715
1.2307097194173209
1.2264710866162416
1.2223263395202495
1.2182814169427094
1.2143419114065568
1.2105130497418692
1.2067996746729217
1.203206227576019
1.1997367325955162
1.1963947823087324
1.1931835251297718
1.1901056546381588
1.1871634010091847
1.1843585247093218
1.1816923126014123
1.1791655765808997
1.1767786548362118
1.1745314157942155
1.172423264775781
1.1704531533486568
1.16861959132539
1.1669206613149523
1.1653540356993968
1.1639169958722986
1.162606453545779
1.161418973908359
1.1603508003973386
1.159397880837153
1.1585558946892875
1.1578202811586111
1.157186267904783
1.1566489001147233
1.1562030697010552
1.1558435444021677
1.1555649965703843
1.1553620314459427
1.1552292147264787
1.155161099254151
1.1551522506563168
1.1551972717914445
1.1552908258689343
1.1554276581310825
1.1556026160057447
1.1558106676601179
1.156046918908083
1.1563066284450068
1.1565852214048924
1.1568783012535306
1.1571816600487095
1.1574912871131908
1.1578033761789555
1.1581143310709192
1.1584207700063691
1.1587195285917606
1.1590076616021
1.1592824436300282
1.1595413686919571
1.1597821488775781
1.1600027121270604
1.1602011992174723
1.160375960036436
1.1605255492172049
1.1606487212052885
1.160744424822449
1.160811797389957
1.160850158468819
1.1608590032708377
1.1608379957909043
1.1607869617075592
1.1607058810956552
1.1605948809924154
1.1604542278554977
1.1602843199493078
1.1600856796936976
1.1598589460072124
1.1596048666752374
1.1593242907714498
1.1590181611593797
1.1586875070992002
1.1583334369833367
1.1579571312225416
1.1575598353028005
1.1571428530315115
1.156707539989849
1.156255297206264
1.1557875650644782
1.1553058174572102
1.1548115561949899
1.1543063056772256
1.1537916078304267
1.1532690173160907
1.1527400970080683
1.152206413736626
1.151669534293382
1.151131021688296
1.1505924316465947
1.1500553093305945
1.14952118626782
1.1489915774639863
1.1484679786766374
1.1479518638226958
1.1474446824917335
1.1469478575354888
1.1464627827044198
1.1459908203030467
1.1455332988383111
1.1450915106388289
1.144666709427878
1.1442601078391974
1.1438728748715117
1.1435061332856387
1.1431609569559433
1.142838368195559
1.1425393350820858
1.1422647688161705
1.142015521149944
1.141792381924752
1.1415960767582458
1.1414272649193473
1.1412865374261545
1.141174415396786
1.141091348676753
1.141037714759
1.1410138180051954
1.1410198891689478
1.1410560852144227
1.1411224894172625
1.1412191117293469
1.1413458893845303
1.1415026877195729
1.1416893011827003
1.1419054545017735
1.1421508039844808
1.1424249389243966
1.1427273830890101
1.1430575962684129
1.1434149758664776
1.1437988585196182
1.1442085217318063
1.1446431855176384
1.1451020140487067
1.1455841173016097
1.1460885527088278
1.1466143268161666
1.1471603969530382
1.1477256729238177
1.1483090187302332
1.1489092543362927
1.1495251574887086
1.1501554656063195
1.150798877753355
1.1514540567113785
1.1521196311655493
1.1527941980206926
1.1534763248627526
1.1541645525812123
1.1548573981674384
1.1555533577037995
1.1562509095576377
1.1569485177935734
1.1576446358169077
1.1583377102599555
1.1590261851223096
1.1597085061749235
1.1603831256369004
1.1610485071326733
1.161703130936081
1.1623454995065983
1.1629741433217013
1.1635876270079533
1.164184555772062
1.164763582131794
1.1653234129451702
1.1658628167348577
1.1663806313033749
1.1668757716330629
1.167347238063245
1.1677941247355756
1.1682156282966631
1.1686110568452903
1.1689798391096224
1.16932153383733
1.1696358393788977
1.1699226034410244
1.170181832983196
1.1704137042253817
1.1706185727286713
1.1707969835034289
1.1709496810897788
1.1710776195444068
1.1711819722540098
1.1712641414799654
1.171325767520951
1.1713687373597959
1.171395192639406
1.1714075367900907
1.1714084411085992
1.1714008495694297
1.1713879821330084
1.1713733363056886
1.171360686705178
1.171354082394096
1.1713578417652408
1.1713765447954223
1.1714150225301434
1.1714783437172762
1.171571798571378
1.1717008797178272
1.17187126043363
1.1720887703651175
1.1723593689584892
1.1726891168847693
1.1730841457748271
1.1735506266024058
1.1740947370649728
1.1747226283143883
1.175440391384793
1.1762540236545789
1.1771693956645295
1.1781922185963767
1.1793280126950947
1.1805820768949797
1.181959459883764
1.183464932810788
1.1851029638148862
1.186877694516044
1.1887929185821988
1.1908520624503072
1.1930581682498782
1.195413878948151
1.1979214257108044
1.2005826174500709
1.2033988325144218
1.2063710124605025
1.2094996578380808
1.2127848259124676
1.2162261302446749
1.2198227420475765
1.2235733932350794
1.2274763810802893
1.2315295743976127
1.235730421162103
1.2400759574772233
1.2445628177995918
1.2491872463264544
1.2539451094491918
1.2588319091739648
1.2638427974096307
1.268972591022954
1.2742157875624274
1.2795665815544857
1.2850188812797338
1.290566325941712
1.2962023031461578
1.3019199666151489
1.3077122540669892
1.3135719051993204
1.3194914797195618
1.3254633753728058
1.3314798459233155
1.3375330190508337
1.3436149141278306
1.34971745984779
1.3558325116783703
1.361951869116263
1.3680672927229733
1.3741705209231119
1.3802532865482113
1.386307333110443
1.392324430791653
1.3982963921338425
1.4042150874175787
1.4100724597154146
1.4158605396072275
1.4215714595446605
1.4271974678519743
1.4327309423504133
1.4381644035934238
1.4434905277004024
1.4487021587768092
1.453792320909316
1.4587542297254714
1.46358130350839
1.4682671738587247
1.4728056958975904
1.477190958006136
1.4814172910994818
1.4854792774346586
1.4893717589540063
1.4930898451671675
1.4966289205758885
1.4999846516466184
1.503152993336007
1.5061301951741326
1.508912806909498
1.5114976837184806
1.513881990980514
1.5160632086186943
1.5180391350038263
1.519807890418274
1.5213679200748804
1.5227179966850117
