0.08031916848230583
0.08042959101928913
0.08067598464017806
0.08105748970380817
0.08157306463627641
0.08222146623622134
0.08300125626202116
0.08391081694542743
0.08494835452740648
0.08611193048907916
0.08739946803887277
0.08880876982549987
0.09033753259812688
0.09198336066629532
0.09374377792490723
0.09561623829673396
0.0975981345214734
0.09968680528563527
0.10187954074110211
0.10417358650213879
0.10656614624169619
0.1090543830290322
0.11163541956345696
0.11430633746467221
0.11706417578027643
0.11990592886672871
0.12282854379275779
0.12582891973595772
0.1289038956905094
0.13205026069385767
0.13526474179503015
0.1385440030982379
0.14188464283442256
0.1452831906936865
0.14873610548057706
0.15223977314486128
0.15579050523202395
0.15938453778978073
0.1630180307598543
0.16668707024782595
0.17038765976238238
0.1741157345431036
0.17786715440693074
0.18163770790005188
0.18542311488785201
0.18921902968154836
0.1930210446923975
0.19682469460126584
0.20062546102854817
0.20441877768688005
0.20820003599675788
0.2119645911430593
0.21570776854857632
0.2194248707389186
0.22311118690131626
0.22676199126573476
0.23037256455155242
0.2339381931944318
0.2374541799327773
0.24091585240806437
0.24431857194315248
0.24765774246501396
0.2509288195380491
0.25412731947391465
0.2572488284836994
0.26028901183836467
0.2632436230035208
0.2661085127148866
0.2688796379612156
0.2715530708419396
0.27412500726745614
0.2765917754706862
0.278949844299357
0.2811958312594074
0.2833265102809231
0.28533881917912984
0.28722986678412926
0.2889969420968574
0.290637511343601
0.292149237710263
0.29352997791482655
0.2947777895435298
0.2958909357172753
0.29686788928218627
0.29770733650999925
0.29840818029568694
0.29896954284144533
0.29939077025172806
0.2996714246724665
0.29981129927874844
0.2998104097902735
0.2996689966950257
0.2993875247240805
0.2989666817871827
0.29840737737272943
0.29771074041750073
0.2968781166532802
0.2959110654392639
0.29481135609085624
0.29358096371718573
0.2922220645813241
0.29073703099886106
0.2891284281092101
0.28739899882127407
0.28555167078691157
0.28358954092255084
0.2815158704263685
0.279334077325365
0.27704772871441413
0.27466053271500784
0.27217633018271414
0.26959908619346273
0.2669328813399076
0.2641819028700658
0.26135043570120753
0.2584428533427568
0.25546360876252583
0.2524172252310647
0.2493082871792226
0.24614143110432296
0.2429213389575898
0.23965271980006866
0.2363403150489235
0.23298888074367247
0.22960318149010017
0.2261879823980926
0.22274804368606438
0.2192881038534501
0.21581288648619548
0.2123270844161536
0.20883535568768677
0.2053423177151623
0.2018525419096712
0.19837054879850524
0.194900803658274
0.1914477126794986
0.18801561967691938
0.18460880335553678
0.1812314751374397
0.17788777754867668
0.17458178315870276
0.17131749405717023
0.16809884184385263
0.16492968809746442
0.16181382527769694
0.15875497800218358
0.1557568046264804
0.15282289904045107
0.14995679257926015
0.14716195593190218
0.14444180091545766
0.1417996819699767
0.1392388972180616
0.13676268892601556
0.13437424320119246
0.13207668876417836
0.12987309464602567
0.1277664666808816
0.12575974269372503
0.12385578632187025
0.1220573794566031
0.1203672133468654
0.11878788086146844
0.1173218558626228
0.11597149509905803
0.11473901645660828
0.11362648840603498
0.11263581734274344
0.11176873546270946
0.1110267895587974
0.11041133109954095
0.10992350791095266
0.10956425772315007
0.10933430377125701
0.10923415255888182
0.10926409622011952
0.10942420508300743
0.1097143458115344
0.11013417801059366
0.110683163909935
0.11136057701855356
0.11216551172611391
0.11309689354046676
0.11415348965943227
0.11533392203529423
0.11663666820247615
0.11806008544572949
0.11960241092422613
0.12126177263200688
0.1230361972359363
0.12492361701084209
0.12692187583942027
0.12902873427325337
0.13124187367578194
0.13355890185556057
0.13597734621498125
0.13849466914805109
0.1411082600757026
0.1438154380843731
0.14661345184844254
0.14949947913311645
0.15247062596299074
0.15552392786889208
0.15865633944030103
0.16186474657444289
0.16514595615463784
0.1684966969156519
0.17191361820262438
0.1753932888832887
0.17893219646273384
0.1825267464446817
0.1861732619781263
0.1898679838232518
0.19360707066575375
0.19738659980417436
0.20120256823050395
0.20505089412021416
0.2089274187439829
0.2128279088096859
0.21674805923976087
0.2206834963857687
0.2246297816789048
0.22858241571229693
0.23253684274822858
0.236488455640868
0.24043260116270437
0.24436458807675057
0.24827968392563152
0.25217313525105767
0.2560401653058124
0.2598759833897607
0.2636757946110863
0.2674347982113284
0.27114820922226873
0.27481125755680347
0.2784191985303867
0.2819673213232835
0.2854509575744237
0.2888654900775592
0.29220636154996865
0.2954690859033581
0.2986492474099476
0.3017425237344341
0.30474468537349647
0.3076516066251665
0.310459274160669
0.3131637977642147
0.3157614094798379
0.31824848522745514
0.3206215437215706
0.3228772562878592
0.3250124541947464
0.32702413568632555
0.3289094726928919
0.33066581719650484
0.33229070723022697
0.33378187488260563
0.3351372420852326
0.33635493931286486
0.3374333007946454
0.33837087065859955
0.33916640636109696
0.3398188816399354
0.3403274889815421
0.34069164159446963
0.3409109748829964
0.3409853474163888
0.3409148413910833
0.34069976258473933
0.34034063980282275
0.3398382238200924
0.33919348582106523
0.33840761784286283
0.3374820204648771
0.33641831412009987
0.33521832861915346
0.3338840921418819
0.33241784070269015
0.3308220042146108
0.3290992035146239
0.3272522447443698
0.3252841133571902
0.3231979677719304
0.32099713269508223
0.31868509213390905
0.31626548212424765
0.313742083197584
0.31111881493874805
0.30839971882246986
0.3055889636601718
0.30269082832830985
0.2997096955389713
0.2966500433005201
0.29351643630848384
0.290313519653685
0.2870460009032891
0.28371865508873034
0.2803363071774665
0.2769038257413319
0.2734261145330517
0.2699081041925718
0.2663547441101045
0.26277099447215263
0.25916181851575226
0.25553217501516745
0.2518870133469551
0.24823125741984392
0.2445698123420123
0.24090754932472128
0.23724930411246126
0.23359986211371772
0.22996396665420013
0.22634630506017184
0.22275150626763976
0.21918413659560837
0.21564869589080238
0.2121496140382578
0.20869124782777324
0.2052778781614396
0.20191370758232377
0.1986028580988685
0.19534936927378851
0.19215719654019436
0.18903020970146986
0.18597219156513026
0.18298683665481313
0.18007775231144327
0.17724844802721826
0.17450234780503188
0.17184277945346582
0.16927297721717854
0.16679607042054015
0.16441509425466913
0.16213297777009703
0.15995254237052764
0.15787649754771257
0.1559074360198579
0.15404782827456617
0.15230001654356853
0.15066620826596197
0.14914846912830299
0.14774871580235072
0.14646870853288527
0.14531004375665424
0.14427414927611906
0.14336226838548605
0.14257546751576175
0.14191462213068098
0.14138041498875953
0.1409733334786536
0.1406936684067821
0.14054151433762394
0.14051677153400946
0.14061914948798276
0.14084817197581304
0.14120318351686836
0.14168335706845697
0.14228770274997937
0.1430150773615861
0.1438641967823101
0.14483363709408115
0.14592185862927856
0.14712720716403518
0.14844792832415188
0.14988216728889783
0.1514279912710666
0.15308338788959017
0.15484627411040106
0.15671450193302894
0.1586858630821344
0.1607580927146227
0.16292887217595287
0.16519583085823936
0.1675565472276857
0.17000854910010735
0.17254931325106085
0.17517626445187057
0.17788677402491598
0.18067815801159912
0.18354767737808012
0.18649252638765665
0.18950984402054039
0.19259670226076453
0.19575010591696274
0.1989669902485121
0.2022442187516222
0.2055785811613188
0.20896679403291488
0.21240549013563206
0.2158912310512459
0.21942049744453923
0.2229896910255494
0.22659513470434514
0.23023307319813516
0.2338996741048577
0.23759102945337504
0.2413031577365272
0.2450320087756927
0.2487734574124403
0.25252332084975937
0.2562773534431853
0.26003125339108224
0.2637806676031279
0.2675211970037947
0.2712484022534492
0.2749578098676808
0.27864492109895816
0.28230520935972414
0.28593414137132317
0.28952717544682316
0.2930797715208874
0.2965873991550242
0.30004554576057035
0.3034497273397815
0.30679548781901
0.31007842146107384
0.31329417258702147
0.31643844666652887
0.3195070191913731
0.32249574692078037
0.3254005673353199
0.328217521285759
0.3309427525172312
0.3335725184580678
0.3361031985891202
0.3385313026204548
0.3408534784461085
0.3430665198484554
0.3451673739247044
0.34715315059754526
0.3490211199475433
0.3507687327075691
0.3523936170418436
0.3538935865108167
0.3552666476482563
0.3565109955690671
0.35762503196631623
0.3586073600146614
0.3594567899996619
0.3601723422321571
0.360753249458734
0.3611989587598585
0.361509132929065
0.3616836513283224
0.3617226125208045
0.3616263249376257
0.36139532206841823
0.3610303429977538
0.36053234654910415
0.35990249997480644
0.3591421783928433
0.35825296149579094
0.35723662977388704
0.3560951602652109
0.35483072184762915
0.35344567241851826
0.3519425464087475
0.3503240533263632
0.3485930760071138
0.3467526570945188
0.34480599421789737
0.3427564326156742
0.3406074574711185
0.33836268830184896
0.33602586162843223
0.33360083625279174
0.33109157571405523
0.3285021418447979
0.32583668598402865
0.32309944011130104
0.3202947103264393
0.3174268584812974
0.31450030725155526
0.3115195220923998
0.30848900474447144
0.3054132845938881
0.3022969101885352
0.2991444409445498
0.29596043907659
0.2927494617851568
0.28951605373374695
0.2862647398478926
0.28300001846738354
0.27972635722774347
0.27644817772610975
0.2731698637005737
0.2698957490793049
0.2666301064087494
0.2633771563699825
0.26014105513733904
0.2569258935474848
0.2537356969497563
0.250574413898125
0.24744592871047275
0.2443540514584392
0.241302519994651
0.2382950002398776
0.2353350869821591
0.23242630515145973
0.229572111522086
0.2267758967825889
0.22404098789911292
0.2213706506834508
0.21876809246160267
0.21623646705726135
0.2137788680156298
0.21139834460872406
0.20909789441214266
0.20688046667772003
0.20474896263043904
0.20270623711283933
0.20075508761663596
0.19889826491831689
0.19713845964554672
0.1954782987466679
0.19392033830857283
0.19246705502849992
0.19112083877754182
0.1898839726139861
0.18875863487093084
0.18774687801647813
0.18685061865315944
0.18607162547361608
0.18541150778764967
0.1848717073307511
0.18445347961333736
0.1841579000717725
0.18398584880062796
0.18393800866869797
0.18401486307935355
0.18421669565401302
0.1845435917572683
0.18499544172111862
0.18557194791781068
0.18627262147594553
0.18709680314347396
0.18804366193871586
0.18911220572061926
0.19030128974603688
0.19160962525541383
0.1930357878857852
0.19457822574002162
0.19623526697319824
0.19800512678897175
0.19988591616179327
0.2018756379932218
0.20397220840612937
0.2061734422194506
0.20847707265514007
0.2108807448557431
0.21338202029560527
0.21597837833035421
0.21866721723719112
0.22144585481435372
0.22431153094603942
0.22726139830951148
0.2302925357394854
0.23340193877278456
0.2365865213183711
0.23984311738807484
0.24316847137248782
0.2465592511752262
0.25001203888116535
0.2535233328099559
0.25708954756166663
0.26070701431540516
0.2643719814128568
0.26808061525442023
0.2718290015314856
0.2756131468144338
0.2794289805121217
0.28327235721495875
0.28713905943026213
0.2910248007152443
0.29492522920991077
0.29883593156916366
0.3027524372906629
0.30667022343235395
0.3105847197111389
0.31449131397183916
0.31838535801347406
0.32226217375788574
0.3261170597438432
0.32994529792809324
0.33374216077323426
0.33750291860084736
0.3412228471870267
0.344897235576293
0.34852139408882366
0.35209066249502763
0.3556004183307283
0.3590460853255472
0.36242314191655084
0.36572712981885286
0.368953662624493
0.37209843440086016
0.37515722825973946
0.37812592486825575
0.38100051087303766
0.3837770872092866
0.3864518772667775
0.38902123488531376
0.3914816521527512
0.39382976697938654
0.396062370423235
0.39817641374168883
0.4001690151458768
0.40203746623512593
0.4037792380900562
0.4053919870039544
0.40687355983335705
0.4082219989500482
0.40943554677805694
0.41051264990062786
0.41145196272362
0.4122523506832443
0.41291289298765693
0.4134328848833908
0.4138118394393136
0.41404948884226983
0.41414578520035794
0.41410090085126744
0.41391522817485915
0.4135893789107439
0.413124182983281
0.4125206868380235
0.4117801512952732
0.41090404892793475
0.40989406097249403
0.40875207378343265
0.4074801748428525
0.40608064833863555
0.40455597032577056
0.4029088034868973
0.40114199150939306
0.39925855309762065
0.39726167564008125
0.3951547085523871
0.39294115631801246
0.39062467124971456
0.38820904599554135
0.3856982058139802
0.3830962006437178
0.3804071969940423
0.3776354696825026
0.3747853934468971
0.3718614344590607
0.3688681417682002
0.36581013870160384
0.36269211425075537
0.35951881447068706
0.3562950339203176
0.3530256071711901
0.3497154004116155
0.34636930317260545
0.3429922202013536
0.33958906350709916
0.336164744603204
0.33272416696806784
0.3292722187461592
0.3258137657088122
0.3223536444927188
0.3188966561319747
0.3154475598973952
0.31201106745424234
0.30859183734679485
0.30519446981521486
0.3018235019468305
0.2984834031604049
0.295178571018094
0.2919133273557359
0.28869191471768313
0.2855184930778861
0.28239713682419904
0.27933183197806793
0.2763264736170201
0.27338486346271257
0.2705107075929794
0.26770761423249106
0.2649790915735084
0.26232854557605917
0.2597592776959136
0.25727448248940726
0.25487724504654163
0.25257053820832953
0.25035721953126716
0.24824002797113381
0.24622158027033697
0.24430436704743183
0.24249074860420144
0.24078295048429907
0.2391830588372547
0.2376930156619341
0.23631461402313728
0.23504949335292982
0.23389913496317596
0.23286485790645248
0.23194781532786804
0.23114899144956985
0.23046919932209473
0.2299090794623238
0.22946909947675984
0.22914955474202953
0.22895057018307155
0.22887210315512
0.22891394739994228
0.2290757380119626
0.2293569573175827
0.22975694154294915
0.23027488812281355
0.2309098634871048
0.23166081115260007
0.2325265599447441
0.2335058321789919
0.23459725164097905
0.23579935121970663
0.23711058006643182
0.23852931017300757
0.24005384228586257
0.2416824110945966
0.24341318965646147
0.2452442930389514
0.2471737811819586
0.24919966099793156
0.25131988774318004
0.2535323657055774
0.2558349482637217
0.25822543738004977
0.2607015825957573
0.26326107959877915
0.2659015684378397
0.2686206314558951
0.2714157910154167
0.27428450708605323
0.27722417476257716
0.2802321217777279
0.28330560607080013
0.28644181346881253
0.28963785553273796
0.29289076761689764
0.2961975071851442
0.29955495242293095
0.3029599011800303
0.30640907027419934
0.30989909518191194
0.31342653013817234
0.31698784866340596
0.32057944453161036
0.3241976331902708
0.3278386536390852
0.3314986707711195
0.3351737781768688
0.3388600014086822
0.3425533017001518
0.34624958013234636
0.34994468223626324
0.3536344030184411
0.35731449239454
0.3609806610135206
0.36462858645324214
0.3682539197664131
0.371852292354353
0.3754193231443836
0.37895062604553215
0.3824418176558541
0.38588852519376493
0.38928639462480485
0.3926310989545429
0.3959183466575852
0.399143890212287
0.4023035347102827
0.4053931465097444
0.4084086619011712
0.4113460957544858
0.41420155011634446
0.4169712227268423
0.4196514154250809
0.4222385424135763
0.42472913835208326
0.42711986625199977
0.4294075251433897
0.43158905748746557
0.4336615563083655
0.43562227201909515
0.4374686189176477
0.4391981813305167
0.4408087193821043
0.4422981743698721
0.4436646737264786
0.44490653555168685
0.4460222726982328
0.4470105963975457
0.44787041941270994
0.4486008587078027
0.44920123762433284
0.44967108755731583
0.4500101491251358
0.4502183728291695
0.45029591920088763
0.45024315843586243
0.4500606695159195
0.44974923882237267
0.4493098582450834
0.44874372279372843
0.4480522277194291
0.44723696515655403
0.4462997202961112
0.4452424671038471
0.4440673635976565
0.4427767467004919
0.4413731266864713
0.4398591812392309
0.43823774914310504
0.4365118236289307
0.4346845453976001
0.43275919534574836
0.43073918701901315
0.42862805881951654
0.4264294659951436
0.42414717243918854
0.4217850423298005
0.4193470316394271
0.41683717954518684
0.4142595997716993
0.4116184718984422
0.40891803266413024
0.4061625673009015
0.4033564009314411
0.400503890062124
0.3976094142054227
0.39467736766459444
0.39171215151347716
0.3887181658038
0.3856998020319428
0.38266143589628443
0.3796074203754932
0.37654207915703036
0.37346970044379096
0.3703945311654053
0.3673207716188836
0.36425257056129157
0.36119402077482593
0.3581491551219594
0.35512194310541
0.3521162879442587
0.3491360241737494
0.34618491577208943
0.34326665481281154
0.3403848606359266
0.3375430795251826
0.3347447848721635
0.3319933778006377
0.32929218821650075
0.32664447623989507
0.3240534339665812
0.3215221874955259
0.3190537991491562
0.31665126980189623
0.31431754122196676
0.3120554983211975
0.3098679711984829
0.3077577368549548
0.3057275204539482
0.30377999599695693
0.3019177862890866
0.30014346207486814
0.29845954023844823
0.2968684809817302
0.29537268392034083
0.29397448307019297
0.29267614073621034
0.2914798403583533
0.29038767841628177
0.28940165554069386
0.28852366702341203
0.2877554929566674
0.28709878826171886
0.2865550728851948
0.28612572244652407
0.28581195961037953
0.2856148464344998
0.28553527790666033
0.28557397683740854
0.2857314902206171
0.2860081871154726
0.2864042580450872
0.2869197158520134
0.28755439790251497
0.2883079694918296
0.28917992827319705
0.2901696095145872
0.2912761919787378
0.29249870422313445
0.2938360311259139
0.2952869204593669
0.29684998935316714
0.2985237305131181
0.3003065180861522
0.3021966130876317
0.3041921683313954
0.3062912328256991
0.3084917556186239
0.3107915890945929
0.313188491738757
0.3156801303986687
0.3182640820825706
0.3209378353412651
0.32369879128595697
0.3265442642980001
0.3294714824883906
0.33247758796538607
0.3355596369680058
0.33871459992170216
0.3419393614701445
0.3452307205343478
0.3485853904470977
0.3519999992071187
0.35547108989371945
0.35899512127888716
0.36256846866984843
0.36618742501134915
0.36984820227309784
0.3735469331440736
0.37727967305184196
0.38104240252151356
0.3848310298856716
0.3886413943533477
0.3924692694431111
0.39631036678240633
0.4001603402725124
0.4040147906158229
0.4078692701997399
0.4117192883290645
0.41556031679658795
0.41938779577951246
0.4231971400474098
0.4269837454656453
0.43074299577652847
0.4344702696389998
0.4381609479062368
0.44181042111938756
0.44541409719453107
0.44896740927898254
0.45246582375228067
0.45590484834643663
0.4592800403594253
0.4625870149354608
0.46582145338522574
0.46897911151884886
0.47205582796444046
0.475047532444778
0.47795025398487506
0.4807601290232612
0.4834734094001265
0.486086470195761
0.48859581739326824
0.49099809534005606
0.4932900939832534
0.4954687558550402
0.49753118278464986
0.49947464231475375
0.5012965738009509
0.5029945941741569
0.5045665033467974
0.5060102892449319
0.5073241324496632
0.5085064104324729
0.5095557013704471
0.5104707875287532
0.5112506581990888
0.5118945121842605
0.5124017598205236
0.5127720245307341
0.5130051439029051
0.5131011702902681
0.5130603709304347
0.5128832275828134
0.5125704356850862
0.5121229030310475
0.5115417479737634
0.5108282971596684
0.5099840828008537
0.5090108394943436
0.5079105005989505
0.5066851941816535
0.505337238547131
0.5038691373653632
0.502283574413617
0.5005834079502874
0.4987716647391846
0.4968515337438037
0.4948263595121128
0.4926996352730835
0.49047499576706044
0.48815620983274205
0.4857471727742102
0.48325189853209305
0.4806745116835237
0.47801923929612633
0.47529040266165495
0.4724924089353022
0.46962974270701585
0.4667069575312194
0.4637286674414737
0.4606995384764235
0.4576242802431994
0.4545076375440607
0.45135438209147594
0.4481693043363072
0.44495720543279893
0.4417228893632117
0.4384711552438002
0.43520678983250355
0.4319345602573505
0.4286592069828992
0.42538543703031234
0.42211791746459
0.41886126916041505
0.4156200608556955
0.41239880349932045
0.40920194489693823
0.40603386465568
0.4028988694256957
0.39980118843317214
0.39674496929620745
0.3937342741116282
0.3907730757974408
0.3878652546723645
0.38501459525081777
0.3822247832288775
0.37949940263425525
0.3768419331114609
0.3742557473119648
0.37174410835876953
0.36931016735522343
0.36695696090953817
0.36468740864928184
0.36250431070424155
0.36041034514159986
0.35840806534422504
0.3564998973311174
0.35468813702838514
0.352974947509312
0.35136235623289613
0.349852252321076
0.3484463839253348
0.34714635574280844
0.34595362674981545
0.34486950822641943
0.3438951621483612
0.3430316000224451
0.34227968223750077
0.34164011799556
0.3411134658768643
0.34070013507806224
0.3404003873460488
0.3402143396110245
0.3401419673024172
0.34018310831120385
0.3403374675429065
0.34060462198804675
0.34098402622185703
0.3414750182332664
0.3420768254750073
0.3427885710224237
0.34360927972810423
0.34453788426267035
0.3455732309385705
0.3467140852231238
0.34795913685854246
0.34930700451994773
0.3507562399565711
0.35230533157595445
0.35395270744551155
0.35569673769980353
0.3575357363549559
0.359467962543576
0.3614916211940502
0.3636048631872085
0.3658057850309066
0.3680924280992326
0.3704627774876649
0.37291476053886646
0.37544624509601976
0.378055037541565
0.3807388806794602
0.38349545151819603
0.3863223590105936
0.38921714180430095
0.3921772660545337
0.39520012334775917
0.3982830287818247
0.4014232192448093
0.4046178519311535
0.4078640031301117
0.41115866731771883
0.414498756579718
0.4178811003891861
0.42130244575881626
0.42475945778433083
0.42824872059200697
0.4317667387002004
0.43530993880174784
0.4388746719714326
0.44245721630028184
0.44605377995620094
0.44966050466830054
0.45327346963029425
0.4568886958162681
0.460502150700236
0.4641097533686552
0.46770738001312834
0.4712908697882917
0.474856031017815
0.47839864772929847
0.48191448649683394
0.4853993035680355
0.4888488522505442
0.4922588905314448
0.49562518890158686
0.4989435383557181
0.5022097585384273
0.5054197060053164
0.5085692825684298
0.5116544436948325
0.5146712069273166
0.5176156602963576
0.5204839706929555
0.5232723921724428
0.5259772741599545
0.5285950695291592
0.531122342526461
0.5335557765140089
0.5358921815055633
0.5381285014702943
0.5402618213803656
0.5422893739790575
0.5442085462469474
0.5460168855444066
0.5477121054095264
0.549292090991396
0.5507549040996558
0.5520987878522733
0.5533221709047857
0.5544236712455746
0.5554020995433426
0.5562564620345063
0.556985962939999
0.5575900064027484
0.5580681979389277
0.5584203453978136
0.5586464594269969
0.5587467534413882
0.5587216430962614
0.5585717452662707
0.5582978765340845
0.5579010511939546
0.5573824787770936
0.5567435611074392
0.5559858888978674
0.555111237898487
0.5541215646101548
0.5530190015778466
0.5518058522799072
0.5504845856306658
0.5490578301152403
0.5475283675766509
0.5458991266767035
0.5441731760532464
0.542353717197671
0.5404440770775669
0.5384477005305632
0.5363681424563512
0.5342090598348356
0.5319742035991887
0.5296674103934074
0.5272925942446223
0.5248537381809845
0.5223548858264868
0.5198001330043954
0.5171936193812705
0.514539520183577
0.5118420380189905
0.5091053948341902
0.5063338240406712
0.5035315628395792
0.5007028447759286
0.49785189255167417
0.49498291112620096
0.49210008113139886
0.48920755262734367
0.48630943922281833
0.4834098125833508
0.48051269734735846
0.47762206646894473
0.4747418370034484
0.4718758663493624
0.4690279489573996
0.46620181351435175
0.4634011206061261
0.4606294608604708
0.4578903535659939
0.4551872457593699
0.4525235117678414
0.44990245318848116
0.4473272992797897
0.44480120773464815
0.4423272657965864
0.43990849167395973
0.4375478361987099
0.43524818466842063
0.43301235880237393
0.43084311873450354
0.42874316495892295
0.42671514013753
0.4247616306741964
0.4228851679571862
0.42108822917085104
0.4193732375800451
0.4177425621965583
0.41619851674659686
0.4147433578722369
0.4133792825178958
0.41210842447511387
0.4109328500848052
0.4098545531249017
0.4088754489418507
0.40799736791553975
0.4072220483770733
0.40655112912599384
0.4059861417161373
0.4055285026958189
0.4051795059971776
0.40494031567013017
0.40481195914850343
0.4047953212191862
0.40489113884084005
0.40509999692774284
0.4054223251788493
0.4058583959939747
0.40640832348055606
0.4070720635176364
0.4078494148106358
0.4087400208426831
0.4097433726064372
0.4108588119855206
0.41208553564645245
0.41342259930034836
0.41486892219762045
0.41642329172771564
0.41808436800858007
0.4198506883656261
0.421720671616766
0.42369262209762726
0.42576473337824916
0.42793509163920945
0.4302016786903469
0.4325623746290299
0.43501496014673735
0.437557118503042
0.4401864371941349
0.44290040934970776
0.4456964348967701
0.44857182153246483
0.4515237855499582
0.45454945256245377
0.45764585817032993
0.46080994861542635
0.4640385814651996
0.467328526367092
0.4706764659111955
0.47407899663634423
0.4775326302117486
0.4810337948231776
0.4845788367894242
0.48816402243166124
0.4917855402150847
0.49543950317931584
0.4991219516711944
0.5028288563907786
0.506556121758877
0.5102995896119381
0.5140550432277026
0.5178182116825871
0.5215847745393906
0.5253503668614637
0.529110584546984
0.5328609899744781
0.5365971179483796
0.5403144819310604
0.544008580545581
0.5476749043315452
0.5513089427346978
0.5549061913094622
0.5584621591125277
0.5619723762645307
0.5654324016562575
0.5688378307753235
0.5721843036288478
0.5754675127375328
0.5786832111763813
0.5818272206372601
0.5848954394884373
0.58788385080624
0.5907885303537636
0.5936056544816527
0.5963315079256692
0.5989624914758067
0.6014951294916562
0.6039260772388507
0.6062521280217007
0.6084702200876299
0.6105774432796753
0.6125710454142987
0.614448438362752
0.6162072038155637
0.617845098710962
0.619360060309466
0.6207502108982961
0.6220138621105117
0.6231495188452291
0.6241558827764826
0.6250318554395639
0.6257765408848424
0.6263892478904127
0.6268694917260055
0.6272169954620453
0.627431690818931
0.627513718553111
0.6274634283779499
0.627281378418887
0.6269683342039347
0.6265252671921073
0.6259533528440361
0.6252539682404857
0.6244286892561473
0.6234792872975479
0.6224077256154686
0.6212161552036272
0.6199069102968471
0.6184825034832216
0.6169456204460844
0.615299114352755
0.6135459999082707
0.6116894470932899
0.6097327746064292
0.6076794430322091
0.6055330477567066
0.6032973116537506
0.6009760775652512
0.5985733005998953
0.5960930402750068
0.5935394525267753
0.5909167816144796
0.5882293519445452
0.5854815598403059
0.582677865283479
0.5798227836530169
0.576920877486778
0.5739767482908349
0.5709950284206379
0.5679803730572971
0.5649374523011298
0.5618709434033821
0.5587855231554874
0.5556858604535709
0.5525766090540548
0.5494624005342343
0.5463478374696015
0.5432374868374038
0.5401358736537339
0.5370474748491958
0.5339767133858386
0.5309279526159228
0.5279054908809536
0.524913556347381
0.52195630207361
0.5190378013012201
0.516162042961874
0.5133329273901265
0.5105542622314276
0.5078297585337722
0.5051630270111583
0.5025575744667468
0.500016800364037
0.49754399353486484
0.4951423290141796
0.4928148649931616
0.49056453988429355
0.48839416949466513
0.48630644430717423
0.4843039268731332
0.48238904932425386
0.4805641110169721
0.4788312763273026
0.4771925726198967
0.47564988842011224
0.4742049718228168
0.47285942917556284
0.4716147240766242
0.4704721767297866
0.46943296369727994
0.4684981180899491
0.467668530229173
0.4669449488085533
0.46632798257481556
0.465818102537137
0.4654156447025697
0.46512081332267347
0.46493368462372425
0.46485421098014634
0.4648822254789573
0.46501744681241935
0.4652594844270914
0.4656078438507247
0.4660619321139351
0.46662106318155533
0.46728446330891793
0.46805127624121873
0.4689205681789885
0.46989133243953213
0.4709624937525836
0.47213291213789993
0.4734013863229772
0.47476665666969425
0.47622740758956017
0.47778226943793667
0.4794298198875821
0.4811685847914317
0.4829970385529435
0.48491360403000033
0.4869166520049298
0.48900450025860454
0.49117541229111406
0.4934275957348246
0.49575920050817973
0.49816831676010476
0.5006529726556848
0.5032111320537691
0.5058406921266683
0.5085394809708755
0.5113052552562276
0.5141356979589717
0.5170284162218319
0.5199809393817227
0.522990717203077
0.526055118351719
0.5291714291414928
0.5323368525825974
0.5355485077575781
0.5388034295478576
0.5420985687304377
0.5454307924613069
0.5487968851589403
0.5521935497981206
0.5556174096211031
0.5590650102700204
0.5625328223412448
0.5660172443593046
0.5695146061649956
0.5730211727092107
0.5765331482414459
0.5800466808793762
0.5835578675436991
0.5870627592408013
0.5905573666744748
0.5940376661670609
0.5974996058701797
0.6009391122450253
0.6043520967925761
0.6077344630141994
0.6110821135833622
0.6143909577090553
0.6176569186710652
0.6208759415065124
0.6240440008259084
0.6271571087357973
0.6302113228435139
0.6332027543184335
0.636127575982743
0.6389820304040321
0.6417624379611392
0.6444652048544748
0.6470868310318857
0.6496239180012189
0.6520731765010598
0.6544314340014724
0.6566956420070862
0.6588628831354424
0.6609303779440525
0.6628954914803095
0.6647557395291859
0.6665087945343603
0.668152491169539
0.6696848315377472
0.6711039899777799
0.6724083174586021
0.6735963455442954
0.6746667899142074
0.6756185534254282
0.6764507287071257
0.6771626002790367
0.6777536461891859
0.6782235391685172
0.6785721473027293
0.6787995342238182
0.6789059588257723
0.6788918745102646
0.6787579279693277
0.6785049575126847
0.678133990947757
0.6776462430206693
0.6770431124267694
0.6763261783994682
0.6754971968867803
0.6745580963255948
0.6735109730248682
0.6723580861702653
0.6711018524642407
0.6697448404173773
0.6682897643085591
0.6667394778333743
0.6650969674619059
0.6633653455287807
0.6615478430798027
0.659647802500885
0.6576686699562272
0.6556139876636504
0.6534873860359435
0.6512925757177259
0.6490333395479966
0.6467135244789415
0.6443370334818475
0.6419078174713142
0.6394298672789153
0.6369072057074767
0.6343438796969836
0.63174395263279
0.6291114968263846
0.6264505861983319
0.6237652891922503
0.6210596619477345
0.6183377417589226
0.6156035408440546
0.6128610404497417
0.6101141853118562
0.6073668784927876
0.6046229766123887
0.6018862854874848
0.5991605561917039
0.5964494815443898
0.5937566930339541
0.591085758177328
0.5884401783135682
0.5858233868256365
0.5832387477803296
0.5806895549723055
0.578179031353814
0.5757103288276554
0.5732865283765511
0.5709106404977901
0.5685856059077585
0.5663142964765524
0.5640995163484677
0.561944003199786
0.5598504295810534
0.5578214042867741
0.5558594736918148
0.5539671229905108
0.5521467772720969
0.5504008023648163
0.5487315053813003
0.5471411348996874
0.5456318807191188
0.544205873134674
0.5428651816856966
0.5416118133430843
0.5404477101149742
0.5393747460666775
0.5383947237686317
0.5375093702054412
0.5367203321987721
0.5360291714160549
0.5354373590547932
0.5349462703075696
0.5345571787248249
0.5342712506002799
0.5340895395067092
0.5340129811076053
0.5340423883627538
0.534178447233314
0.5344217129752896
0.534772607090056
0.5352314149780264
0.5357982843178497
0.5364732241698963
0.5372561047804126
0.538146658042717
0.5391444785548561
0.5402490251999347
0.5414596231661197
0.5427754663182112
0.5441956198313262
0.5457190229995951
0.5473444921379887
0.5490707235030051
0.5508962961675583
0.5528196747959453
0.554839212276055
0.5569531521773471
0.559159631014178
0.5614566803043296
0.56384222842209
0.5663141022535622
0.5688700286690688
0.5715076358334816
0.5742244543800488
0.5770179184769111
0.5798853668181557
0.5828240435727209
0.5858310993253457
0.5889035920436698
0.5920384881049952
0.5952326634150851
0.5984829046497336
0.6017859106478683
0.6051382939827563
0.6085365827354376
0.6119772224918653
0.6154565785826157
0.6189709385813168
0.6225165150751415
0.6260894487180386
0.62968581157475
0.6333016107611297
0.6369327923837967
0.6405752457799438
0.6442248080558395
0.6478772689207473
0.6515283758109038
0.6551738392966088
0.6588093387638672
0.6624305283603648
0.6660330431941766
0.6696125057721224
0.673164532663265
0.6766847413715583
0.680168757400331
0.6836122214898895
0.6870107970080828
0.6903601774726579
0.6936560941829035
0.6968943239373159
0.7000706968131838
0.7031811039835176
0.7062215055464104
0.7091879383417822
0.7120765237306744
0.7148834753122832
0.717605106554464
0.720237838313746
0.7227782062213881
0.7252228679124408
0.7275686100752475
0.7298123552991549
0.7319511686987024
0.7339822642927897
0.7359030111178942
0.7377109390547292
0.7394037443483383
0.740979294802301
0.7424356346285269
0.7437709889350413
0.7449837678353664
0.7460725701643839
0.7470361867870199
0.7478736034876703
0.7485840034300902
0.7491667691789857
0.7496214842766177
0.7499479343693964
0.7501461078811307
0.750216196231494
0.7501585935997095
0.7499738962350406
0.7496629013171705
0.7492266053707426
0.7486662022397248
0.7479830806283608
0.7471788212165821
0.7462551933589334
0.7452141513771021
0.7440578304572458
0.742788542164409
0.7414087695874857
0.739921162129274
0.7383285299574045
0.7366338381329358
0.7348402004347033
0.7329508728985035
0.7309692470913394
0.7288988431419268
0.7267433025495518
0.7245063807943485
0.7221919397727077
0.7198039400822364
0.7173464331812066
0.7148235534479156
0.7122395101655927
0.7095985794587074
0.7069050962065652
0.7041634459598547
0.7013780568856328
0.6985533917655947
0.695693940071907
0.6928042101438912
0.6898887214877251
0.686951997219926
0.6839985566737904
0.681032908185932
0.6780595420781099
0.6750829238469677
0.6721074875719568
0.669137629548947
0.6661777021542358
0.6632320079411265
0.6603047939684032
0.6574002463577254
0.6545224850747415
0.6516755589267675
0.648863440768521
0.6460900229062269
0.6433591126898491
0.6406744282830372
0.6380395946007155
0.6354581394048381
0.6329334895501361
0.6304689673733247
0.628067787220974
0.6257330521137459
0.6234677505473758
0.6212747534336082
0.6191568111874739
0.6171165509707148
0.6151564741044517
0.6132789536676766
0.6114862323014387
0.6097804202416397
0.6081634936060621
0.6066372929634204
0.6052035222137103
0.6038637478097241
0.6026193983492458
0.6014717645657629
0.6004219997427811
0.5994711205725682
0.5986200084746852
0.5978694113829218
0.5972199460013159
0.5966721005213478
0.5962262377829555
0.5958825988525348
0.5956413069815855
0.5955023719006879
0.5954656943952913
0.5955310711029781
0.5956981994660578
0.595966682769731
0.5963360351936879
0.5968056868049394
0.597374988421045
0.5980432162762351
0.5988095764276472
0.5996732088451339
0.6006331911351901
0.601688541857816
0.6028382234036173
0.6040811444074551
0.6054161616840013
0.6068420816792465
0.6083576614405859
0.609961609115936
0.6116525839995891
0.6134291961490999
0.615290005603003
0.6172335212341786
0.6192581992775101
0.6213624415737025
0.6235445935734366
0.6258029421476469
0.6281357132504778
0.6305410694818911
0.6330171075964279
0.6355618560038344
0.6381732723060133
0.6408492409131321
0.643587570779677
0.6463859932991989
0.649242160393921
0.652153642832922
0.655117928809829
0.6581324228082749
0.6611944447804788
0.664301229661442
0.6674499272384359
0.6706376023925553
0.673861235726291
0.6771177245882202
0.6804038845031863
0.6837164510135962
0.6870520819347684
0.6904073600246182
0.6937787960654368
0.6971628323529234
0.7005558465852769
0.7039541561426681
0.7073540227451608
0.7107516574750686
0.7141432261474734
0.7175248550108708
0.7208926367581151
0.7242426368262619
0.7275708999626113
0.7308734570331731
0.7341463320488033
0.7373855493837884
0.7405871411611374
0.7437471547786126
0.7468616605495441
0.7499267594324659
0.7529385908237789
0.7558933403879425
0.7587872478998545
0.7616166150745085
0.7643778133594076
0.7670672916656505
0.76968158401412
0.7722173170738527
0.7746712175703186
0.7770401195419021
0.7793209714236298
0.7815108429376232
0.7836069317701536
0.7856065700155713
0.7875072303673625
0.7893065320366427
0.7910022463782236
0.7925923022043289
0.7940747907658249
0.7954479703808379
0.7967102706908761
0.7978602965247719
0.798896831351542
0.7998188403039473
0.8006254727559394
0.801316064438585
0.8018901390808452
0.8023474095638988
0.8026877785800981
0.8029113387906271
0.803018372479009
0.8030093507012339
0.802884931936809
0.8026459602489191
0.8022934629655564
0.8018286478968263
0.8012529001068829
0.8005677782611876
0.799775010571598
0.798876490362692
0.7978742712828913
0.7967705621833977
0.7955677216869846
0.7942682524674166
0.7928747952587966
0.79139012261323
0.7898171324242031
0.7881588412328963
0.7864183773349224
0.7845989737055895
0.7827039607630261
0.7807367589899272
0.778700871436338
0.7765998761275436
0.7744374184028066
0.7722172032120348
0.7699429873988579
0.7676185719994796
0.765247794587386
0.7628345216944767
0.7603826413392396
0.7578960556926172
0.755378673911729
0.7528344051711929
0.7502671519208761
0.7476808033979705
0.7450792294200219
0.7424662744841393
0.739845752195954
0.7372214400498631
0.7345970745800086
0.7319763468988673
0.7293628986375733
0.7267603182989067
0.7241721380304033
0.7216018308212024
0.7190528081221166
0.7165284178838316
0.7140319430034622
0.7115666001646805
0.7091355390515478
0.7067418419110894
0.7043885234346786
0.702078530923514
0.6998147446991919
0.6975999787165719
0.6954369813329702
0.6933284361854015
0.6912769631259348
0.6892851191646808
0.6873553993698797
0.6854902376756598
0.6836920075495496
0.681963022474255
0.6803055362010463
0.678721742735754
0.6772137760224258
0.6757837092947101
0.6744335540704978
0.6731652587719693
0.6719807069605824
0.6708817151850028
0.669870030449257
0.668947327318542
0.6681152046907323
0.6673751822724364
0.6667286968089179
0.6661770981268417
0.6657216450571678
0.665363501311906
0.6651037313924384
0.6649432966086319
0.6648830512862929
0.6649237392360545
0.6650659905495108
0.6653103187785143
0.6656571185417216
0.6661066635891622
0.6666591053414141
0.6673144719057507
0.6680726675578786
0.6689334726654859
0.669896544018742
0.6709614155242818
0.6721274992125732
0.6733940865045748
0.6747603496818058
0.6762253435044306
0.6777880069246149
0.6794471648463877
0.6812015298889992
0.6830497041171056
0.6849901807083552
0.6870213455363074
0.6891414786540638
0.6913487556711078
0.6936412490225866
0.6960169291362666
0.6984736655078434
0.7010092276998212
0.7036212862828776
0.7063074137417962
0.709065085370083
0.7118916801789952
0.7147844818475653
0.7177406797404308
0.7207573700200911
0.7238315568794708
0.7269601539196651
0.7301399856962936
0.733367789456305
0.7366402170851664
0.7399538372823421
0.7433051379808525
0.7466905290243377
0.7501063451129203
0.7535488490265176
0.7570142351321382
0.7604986331791486
0.7639981123842507
0.7675086858055661
0.7710263150030221
0.7745469149801624
0.7780663594003959
0.7815804860688975
0.7850851026696901
0.7885759927457777
0.7920489219088725
0.7954996442640577
0.7989239090335456
0.8023174673629941
0.8056760792928953
0.8089955208769045
0.8122715914284614
0.8155001208763262
0.818676977209198
0.8217980739889182
0.8248593779111132
0.827856916391471
0.8307867851551
0.8336451558057857
0.8364282833513216
0.8391325136605342
0.8417542908273905
0.8442901644175458
0.8467367965728076
0.8490909689496313
0.8513495894686504
0.853509698853403
0.8555684769377212
0.857523248722935
0.8593714901674411
0.861110833692773
0.8627390733916164
0.8642541699243026
0.8656542550910641
0.8669376360678931
0.868102799294147
0.8691484140000766
0.8700733353624446
0.870876607276582
0.8715574647331643
0.8721153357884539
0.8725498431173532
0.8728608051395021
0.8730482367097877
0.8731123493663064
0.873053551130408
0.8728724458556435
0.872569832124433
0.8721467016936942
0.8716042374929283
0.870943811180622
0.8701669802670959
0.86927548481415
0.8682712437237511
0.8671563506299105
0.865933069409553
0.8646038293294234
0.8631712198473476
0.8616379850870811
0.8600070180065998
0.8582813542803893
0.8564641659166534
0.8545587546306302
0.8525685449955687
0.8504970773931104
0.8483480007850446
0.8461250653286675
0.8438321148582616
0.8414730792554894
0.8390519667317916
0.8365728560461589
0.8340398886819601
0.8314572610065899
0.8288292164379351
0.8261600376414353
0.8234540387814584
0.820715557850261
0.8179489490970855
0.8151585755791546
0.8123488018550893
0.80952398683979
0.8066884768379906
0.8038465987716085
0.8010026536135435
0.7981609100377672
0.7953255982926657
0.7925009043012283
0.7896909639884175
0.7868998578326584
0.7841316056351529
0.7813901614976708
0.7786794089969027
0.7760031565414334
0.7733651328961187
0.7707689828583647
0.76821826307123
0.7657164379600645
0.7632668757820238
0.760872844781434
0.7585375094482599
0.7562639268820687
0.7540550432690398
0.751913690484994
0.7498425828425096
0.74784431400481
0.7459213540931422
0.7440760470175858
0.7423106080633639
0.7406271217661881
0.7390275401105055
0.7375136810838505
0.7360872276189939
0.7347497269531147
0.7335025904298326
0.7323470937655424
0.7312843777964025
0.730315449716261
0.7294411848088853
0.7286623286705222
0.7279794999106541
0.7273931933105814
0.7269037834110229
0.7265115284915578
0.7262165748970264
0.7260189616587966
0.7259186253526485
0.7259154051300389
0.7260090478557797
0.72619921328313
0.7264854791965328
0.7268673464532436
0.7273442438573637
0.7279155328037507
0.7285805116341302
0.7293384196540076
0.7301884407657875
0.7311297066812157
0.7321612996841246
0.7332822549228736
0.7344915622199605
0.7357881673944322
0.7371709731004094
0.7386388391923304
0.740190582634254
0.7418249769765788
0.743540751428933
0.7453365895625277
0.7472111276793006
0.7491629528880823
0.751190600930645
0.7532925538019497
0.75546723721021
0.7577130179226347
0.7600282010426681
0.7624110272639613
0.764859670145193
0.7673722334484164
0.7699467485818946
0.7725811721863252
0.7752733839009326
0.7780211843436392
0.7808222933367982
0.7836743484073188
0.7865749035871347
0.7895214285373661
0.7925113080164073
0.7955418417096696
0.7986102444355719
0.8017136467399865
0.8048490958883011
0.8080135572618592
0.8112039161628961
0.8144169800295695
0.8176494810603802
0.8208980792448033
0.8241593657949398
0.8274298669707016
0.8307060482891055
0.8339843191062923
0.8372610375591294
0.840532515851429
0.8437950258682843
0.8470448051004633
0.8502780628594806
0.8534909867623918
0.8566797494644113
0.8598405156159813
0.8629694490199867
0.8660627199636358
0.8691165126984551
0.8721270330408545
0.8750905160647402
0.8780032338566368
0.8808615033029952
0.8836616938786169
0.8864002354046762
0.889073625744564
0.8916784384062165
0.8942113300202402
0.8966690476647873
0.8990484360101288
0.9013464442587431
0.9035601328600928
0.9056866799828498
0.9077233877311205
0.9096676880947001
0.9115171486262744
0.9132694778404734
0.9149225303306596
0.9164743115992198
0.9179229825959304
0.9192668639569068
0.9205044399342764
0.9216343620037345
0.9226554521348211
0.9235667057064882
0.924367294049054
0.9250565665929689
0.9256340526048815
0.9260994624924427
0.926452688660828
0.9266938059061866
0.9268230713339928
0.9268409237932839
0.926747982821303
0.9265450470968148
0.9262330924040387
0.925813269113368
0.9252868991889842
0.9246554727375426
0.9239206441158483
0.9230842276190301
0.9221481927737275
0.9211146592632927
0.9199858915137183
0.9187642929700832
0.9174524000934278
0.9160528761075513
0.9145685045241855
0.9130021824736047
0.9113569138660769
0.909635802408042
0.9078420444955158
0.9059789220062426
0.9040497950114831
0.9020580944281719
0.9000073146325154
0.897901006056579
0.895742767790381
0.8935362402129565
0.8912850976768004
0.8889930412711199
0.8866637916901215
0.884301082233053
0.8819086519630897
0.8794902390522457
0.8770495743391038
0.8745903751257194
0.8721163392390519
0.869631139381235
0.8671384177913466
0.8646417812397271
0.8621447963736717
0.859650985430985
0.8571638223351586
0.8546867291829677
0.8522230731318541
0.8497761636909072
0.8473492504153095
0.8449455209998594
0.8425680997628404
0.8402200465068109
0.8379043557381822
0.8356239562227765
0.8333817108497511
0.8311804167719355
0.8290228057864899
0.8269115449161926
0.82484923714853
0.8228384222876112
0.8208815778724792
0.818981120114832
0.8171394048096753
0.8153587281736221
0.813641327568017
0.8119893820669367
0.8104050128339249
0.8088902832756363
0.8074471989452399
0.8060777071735862
0.8047836964115197
0.803566995272227
0.8024293712683
0.8013725292441735
0.8003981095106047
0.7995076856941443
0.7987027623207539
0.7979847721590735
0.7973550733547334
0.7968149463929938
0.7963655909317405
0.7960081225514477
0.7957435694712973
0.7955728692828202
0.7954968657524596
0.79551630574304
0.7956318363013231
0.795844001954164
0.7961532422500177
0.7965598895753675
0.7970641672679938
0.7976661880405191
0.798365952719311
0.7991633492956655
0.8000581522786558
0.8010500223322633
0.8021385061740094
0.8033230367078608
0.8046029333613635
0.805977402595532
0.8074455385555525
0.8090063238315609
0.8106586303007578
0.8124012200250451
0.814232746182065
0.8161517540115445
0.8181566817633547
0.8202458616381101
0.8224175207157345
0.82466978187156
0.8270006646835834
0.8294080863381154
0.8318898625442044
0.8344437084698189
0.8370672397151574
0.8397579733399662
0.842513328963009
0.8453306299527448
0.848207104728378
0.8511398881905551
0.8541260233005687
0.8571624628262445
0.8602460712715612
0.8633736270061015
0.8665418246088854
0.8697472774395918
0.8729865204485632
0.8762560132351876
0.8795521433623745
0.8828712299330256
0.8862095274323992
0.8895632298384561
0.8929284750002818
0.8963013492828698
0.8996778924747468
0.9030541029531156
0.9064259430995669
0.9097893449578285
0.9131402161234948
0.9164744458542882
0.9197879113882352
0.9230764844557726
0.9263360379709606
0.9295624528858019
0.9327516251909699
0.9358994730453101
0.9390019440156931
0.9420550224082479
0.9450547366710823
0.947997166847852
0.9508784520608012
0.9536947980009532
0.9564424844021566
0.9591178724747498
0.9617174122734684
0.9642376499733252
0.9666752350262368
0.9690269271706203
0.9712896032658951
0.9734602639239616
0.9755360399105723
0.9775141982910536
0.9793921482968537
0.9811674468923502
0.9828378040245747
0.9844010875423616
0.9858553277752334
0.9871987217657697
0.9884296371526651
0.9895466157038441
0.9905483765004109
0.9914338187727463
0.9922020243893692
0.9928522599977311
0.9933839788141297
0.9937968220574569
0.994090620019291
0.9942653927609358
0.9943213504264731
0.9942588931604475
0.9940786106190316
0.9937812810645246
0.9933678700347909
0.9928395285818662
0.9921975910766764
0.9914435725800355
0.9905791657834717
0.989606237526484
0.9885268249002803
0.9873431309506983
0.9860575199956698
0.9846725125748179
0.9831907800506635
0.981615138882348
0.9799485445940053
0.9781940854605734
0.976354975934534
0.9744345498372218
0.9724362533385578
0.9703636377489719
0.9682203521472211
0.9660101358676216
0.9637368108700421
0.9614042740158686
0.959016489273024
0.9565774798729753
0.9540913204425711
0.951562129133582
0.9489940597725752
0.9463912940537579
0.9437580337972391
0.9410984932950235
0.9384168917665436
0.9357174459453097
0.9330043628175874
0.9302818325332035
0.9275540215078116
0.92482506573458
0.9220990643221154
0.9193800732735722
0.9166720995201413
0.9139790952198922
0.9113049523305159
0.908653497461794
0.9060284870106612
0.9034336025787247
0.9008724466687315
0.8983485386532604
0.8958653110057035
0.893426105780668
0.8910341713281852
0.8886926592241123
0.8864046213977324
0.8841730074370215
0.882000662052629
0.8798903226833076
0.8778446172284504
0.8758660618974885
0.8739570591710693
0.8721198958751715
0.8703567413759178
0.8686696459100917
0.8670605390730716
0.8655312284924508
0.8640833987208546
0.8627186103852758
0.861438299632613
0.8602437779110135
0.8591362321247727
0.858116725196346
0.8571861970628532
0.8563454661267428
0.8555952311708803
0.8549360737380215
0.854368460963994
0.853892748842606
0.8535091858900841
0.8532179171667593
0.8530189886050534
0.8529123515853683
0.8528978676958163
0.8529753136075634
0.8531443859952428
0.8534047064313685
0.8537558261848918
0.8541972308566639
0.854728344788741
0.8553485351897726
0.8560571159250143
0.8568533509267557
0.8577364571883748
0.8587056073134754
0.8597599315995851
0.8608985196440158
0.8621204214675054
0.8634246481586768
0.8648101720496202
0.8662759264393324
0.867820804887854
0.869443660109159
0.8711433024953799
0.872918498309008
0.8747679675827483
0.8766903817692665
0.8786843611848517
0.8807484722922332
0.8828812248683551
0.8850810691028946
0.8873463926729105
0.889675517838009
0.8920666985990965
0.8945181179620622
0.8970278853457291
0.8995940341711547
0.9022145196668238
0.9048872169217546
0.9076099192156536
0.9103803366523778
0.9131960951201288
0.916054735598887
0.918953713832522
0.9218904003802454
0.924862081059163
0.9278659577868091
0.9308991498300009
0.9339586954635375
0.9370415540398951
0.9401446084685028
0.9432646681010175
0.9463984720166981
0.9495426927000223
0.9526939401007296
0.9558487660646258
0.9590036691218724
0.962155099617945
0.9652994651710268
0.9684331364383658
0.9715524531730197
0.9746537305512875
0.9777332657503547
0.9807873447548268
0.9838122493699964
0.986804264419135
0.9897596851013428
0.992674824485763
0.9955460211172666
0.9983696467077557
1.0011421138863543
1.0038598839803934
1.0065194747977966
1.0091174683799977
1.0116505186927158
1.0141153592204242
1.0165088104287459
1.018827787057999
1.021069305210644
1.0232304891960122
1.025308578097534
1.0273009320308977
1.0292050380665396
1.0310185157959995
1.0327391225290445
1.0343647581160063
1.0358934693974282
1.0373234542891736
1.0386530655156947
1.039880814006303
1.0410053719687768
1.0420255756517762
1.042940427802849
1.043749099822948
1.0444509336118821
1.0450454430936669
1.0455323154056195
1.0459114117320607
1.0461827677619127
1.0463465937495853
1.0464032741604188
1.0463533668846134
1.046197602007665
1.045936880129474
1.045572270229139
1.0451050070770327
1.044536488200288
1.0438682704122053
1.043102065919777
1.0422397380271788
1.0412832964558778
1.0402348923045484
1.0390968126739093
1.037871474983049
1.0365614210048535
1.0351693106486521
1.0336979155182864
1.0321501122737904
1.0305288758244149
1.0288372723801067
1.0270784523879959
1.0252556433797468
1.0233721427550402
1.0214313105260107
1.0194365620470194
1.0173913607539462
1.0152992109371586
1.0131636505721173
1.0109882442318283
1.008776576105377
1.0065322431467336
1.0042588483781916
1.0019599943725708
0.999639276938047
0.9973002790291677
0.9949465649068471
0.992581674569368
0.9902091184753133
0.9878323725780466
0.9854548736896509
0.9830800151905015
0.9807111430984792
0.9783515525093103
0.9760044844169738
0.9736731229199754
0.9713605928161144
0.9690699575847561
0.9668042177518558
0.964566309628863
0.9623591044125913
0.9601854076284317
0.9580479588951208
0.9559494319847056
0.953892435146955
0.9518795116633965
0.9499131405924105
0.9479957376635689
0.9461296562767437
0.9443171885597916
0.942560566437668
0.9408619626659214
0.9392234917828396
0.9376472109367032
0.9361351205480459
0.9346891647711784
0.9333112317245589
0.932003153465474
0.9307667056911119
0.9296036071548439
0.9285155187935648
0.9275040425686257
0.9265707200296321
0.9257170306164799
0.9249443897205623
0.9242541465310854
0.9236475816967169
0.9231259048362332
0.9226902519345465
0.9223416826622145
0.922081177657576
0.9219096358104524
0.921827871585478
0.9218366124212907
0.9219364962387372
0.9221280690878279
0.9224117829585948
0.9227879937760999
0.9232569595943955
0.9238188389986407
0.9244736897190173
0.9252214674546853
0.9260620249011497
0.9269951109701628
0.9280203701877753
0.929137342253598
0.9303454617425703
0.9316440579300228
0.9330323547207734
0.9345094706642484
0.9360744190392322
0.937726107994256
0.9394633407324231
0.9412848157325602
0.943189127001845
0.9451747643582592
0.947240113744476
0.9493834575777259
0.9516029751428381
0.9538967430380748
0.9562627356852634
0.9586988259174715
0.961202785658504
0.9637722867094988
0.9664049016581604
0.9690981049264605
0.9718492739723346
0.9746556906605475
0.9775145428172013
0.9804229259813777
0.9833778453665758
0.9863762180432029
0.9894148753522196
0.9924905655586548
0.9955999567521677
0.9987396400004537
1.0019061327596928
1.0050958825446958
1.0083052708598392
1.011530617390411
1.0147681844523935
1.0180141816971857
1.0212647710664498
1.024516071990653
1.0277641668237671
1.0310051065050765
1.034234916438037
1.0374496025748972
1.0406451576947142
1.0438175678615307
1.0469628190483777
1.0500769039123485
1.053155828704698
1.0561956202996288
1.0591923333245659
1.0621420573741231
1.0650409242892447
1.0678851154824773
1.0706708692894296
1.0733944883258373
1.0760523468288876
1.0786408979602484
1.0811566810476685
1.0835963287407482
1.0859565740554806
1.0882342572812929
1.0904263327234807
1.0925298752532278
1.0945420866373177
1.0964603016199284
1.0982819937296298
1.1000047807864168
1.1016264300859082
1.1031448632408098
1.1045581606635673
1.105864565678193
1.1070624882538096
1.1081505083565621
1.1091273789206928
1.1099920284427087
1.110743563204712
1.1113812691343707
1.111904613308688
1.1123132451078603
1.1126069970235517
1.1127858851232915
1.1128501091701015
1.1128000523938038
1.1126362809081147
1.1123595427662363
1.1119707666465515
1.111471060160335
1.1108617077739973
1.1101441683399464
1.1093200722325611
1.1083912180880628
1.1073595691503506
1.106227249227832
1.1049965382694154
1.1036698675710697
1.1022498146270472
1.1007390976428326
1.0991405697289611
1.0974572127970266
1.0956921311810097
1.0938485450081386
1.0919297833447963
1.0899392771433638
1.087880552016432
1.0857572208648627
1.0835729763859792
1.0813315834879846
1.0790368716361136
1.0766927271556828
1.0743030855164093
1.0718719236220777
1.0694032521288332
1.0669011078150612
1.0643695460251863
1.0618126332093525
1.0592344395804532
1.0566390319096248
1.0540304664806448
1.0514127822232395
1.0487899940445289
1.0461660863768958
1.0435450069595633
1.0409306608696
1.038326904816649
1.0357375417133485
1.0331663155312405
1.030616906449017
1.0280929262968381
1.0255979142967753
1.0231353330956383
1.020708565082152
1.0183209089761212
1.0159755766729248
1.0136756903224917
1.0114242796181616
1.0092242792678645
1.0070785266180178
1.0049897593999073
1.0029606135690383
1.0009936212108772
0.9990912084909301
0.997255693633899
0.9954892849250133
0.9937940787370385
0.9921720575972798
0.9906250883207897
0.9891549202472686
0.9877631836292229
0.9864513882273008
0.9852209221742847
0.9840730511715446
0.9830089180804559
0.9820295429665218
0.9811358236453921
0.9803285367686335
0.9796083394731535
0.9789757716028917
0.97843125849503
0.977975114306834
0.9776075458440877
0.9773286568382948
0.9771384526081874
0.9770368450318221
0.9770236577488808
0.9770986315087687
0.9772614295787756
0.9775116431270936
0.9778487964989873
0.9782723523087097
0.9787817162763717
0.9793762417461329
0.9800552338304599
0.9808179531339136
0.9816636190189142
0.9825914123851244
0.9836004779428761
0.9846899259698455
0.985858833548292
0.9871062452878783
0.9884311735462373
0.9898325981658103
0.9913094657513306
0.9928606885174764
0.9944851427405704
0.9961816668520789
0.9979490592147847
0.9997860756248181
1.0016914265849528
1.0036637743955554
1.0057017301104876
1.007803850405446
1.00996863440584
1.0121945205207485
1.01447988332804
1.016823030554394
1.0192222001918452
1.0216755577902652
1.0241811939626986
1.0267371221375712
1.0293412765890109
1.031991510773364
1.0346855959967072
1.037421220435197
1.040195988526596
1.043007420748349
1.0458529537942844
1.0487299411591402
1.0516356541369543
1.0545672832368898
1.0575219400170985
1.0604966593348808
1.0634884020090667
1.0664940578883284
1.0695104493171292
1.0725343349891983
1.0755624141766411
1.0785913313213602
1.0816176809739755
1.0846380130643305
1.0876488384863754
1.0906466349794024
1.0936278532866262
1.0965889235715087
1.0995262620712931
1.102436277966959
1.1053153804480482
1.1081599859503366
1.110966525543902
1.1137314524484232
1.11645124965198
1.119122437608678
1.121741581989353
1.1243053014582323
1.1268102754465013
1.1292532518916116
1.1316310549083497
1.1339405923545671
1.1361788632510794
1.1383429650116617
1.1404301004359698
1.1424375844159387
1.1443628503053338
1.1462034559037744
1.147957089010839
1.149621572513597
1.1511948689821727
1.1526750847620426
1.1540604735677256
1.1553494395991242
1.1565405402162652
1.157632488219553
1.1586241537885986
1.1595145661327884
1.1603029149008164
1.1609885513851985
1.1615709895436623
1.162049906843252
1.1624251449178233
1.16269671001695
1.1628647732146682
1.1629296703413177
1.1628919016002432
1.162752130832865
1.1625111844005482
1.1621700496577672
1.161729872998483
1.1611919574650944
1.1605577599166395
1.1598288877594731
1.1590070952494977
1.1580942793799607
1.1570924753727767
1.1560038517948141
1.1548307053230193
1.153575455184292
1.1522406372977065
1.1508288981476458
1.1493429884174549
1.1477857564137088
1.146160141311602
1.1444691662521551
1.142715931321948
1.1409036064459745
1.1390354242239387
1.137114672739894
1.1351446883747232
1.1331288486501916
1.1310705651328221
1.128973276424943
1.1268404412696715
1.1246755317955761
1.1224820269261113
1.120263405977796
1.1180231424704832
1.11576469817189
1.1134915173975921
1.1112070215866023
1.1089146041714035
1.1066176257599245
1.1043194096454567
1.102023237658697
1.0997323463741668
1.097449923681006
1.0951791057256066
1.092922974230634
1.090684554191964
1.088466811951456
1.0862726536396212
1.084104923978307
1.0819664054290339
1.0798598176681784
1.0777878173654103
1.0757529982374194
1.0737578913441923
1.0718049655911086
1.0698966283963651
1.068035226480095
1.0662230467293923
1.0644623170921999
1.0627552074529285
1.0611038304438745
1.0595102421489766
1.0579764426603686
1.0565043764529596
1.055095932548496
1.0537529444473934
1.0524771898138943
1.0512703899079119
1.0501342087641667
1.049070252126526
1.0480800661515883
1.047165135901364
1.0463268836491337
1.0455666670259685
1.044885777037853
1.044285435984562
1.0437667953117435
1.0433309334274237
