0.3244136202250563
0.324016498891093
0.3237084055980797
0.3234900880915223
0.32336230150289785
0.32332574750364507
0.32338104799317485
0.32352874908777934
0.32376930664715226
0.3241030856525486
0.3245303451262761
0.3250512489197811
0.3256658528196503
0.32637410574774195
0.32717583804183137
0.3280707713465592
0.3290585083357893
0.3301385326209775
0.3313102070701839
0.3325727724358388
0.33392534628373377
0.33536692221362513
0.3368963693598959
0.3385124321594809
0.34021373037341485
0.3419987593481015
0.34386589286888763
0.34581337464846146
0.34783933269321515
0.3499417716440372
0.35211857618788134
0.3543675125103183
0.3566862299194671
0.3590722626385203
0.3615230342325362
0.36403585020365176
0.36660791412101407
0.3692363211655264
0.3719180629455695
0.3746500303329236
0.3774290164886036
0.3802517200846971
0.38311475128901684
0.3860146254693585
0.3889477814936921
0.39191057642783605
0.3948992920987625
0.39791014191073676
0.40093926659787565
0.40398275232551206
0.40703662733992885
0.4100968694674578
0.41315941175108784
0.4162201483032037
0.419274940368146
0.42231962258687733
0.42535000945471413
0.4283619019616804
0.43135109440386504
0.4343133813528938
0.43724456476950185
0.4401404636762331
0.4429969120249658
0.44580978005071775
0.4485749727429343
0.451288439650237
0.4539461825111432
0.4565442629059811
0.45907880990993594
0.46154602772679054
0.4639422032827153
0.4662637137591824
0.4685070340440735
0.47066874407996895
0.47274553844262934
0.4747342242133399
0.47663174141083636
0.4784351608950443
0.48014169305300447
0.4817486940975763
0.483253672121958
0.48465429539677024
0.485948388126786
0.4871339499213454
0.48820915142174554
0.48917234347055216
0.49002205216231715
0.4907569962002795
0.49137608155982254
0.49187840675807054
0.4922632655612598
0.49253014928486033
0.492678748677146
0.49270895537785975
0.4926208629448285
0.4924147674423803
0.49209116758662963
0.49165076444380307
0.49109446309428584
0.4904233619920312
0.48963876515386995
0.4887421710223894
0.48773527212388756
0.4866199520688858
0.4853982821110677
0.48407251726994877
0.4826450920236754
0.48111861789956684
0.47949586924185933
0.4777797910269125
0.47597348418355623
0.4740802014133842
0.47210334049724234
0.47004643957014974
0.467913160582466
0.46570729508073533
0.46343274731940937
0.4610935281166888
0.458693746253175
0.4562375996119357
0.4537293684737474
0.4511733968677906
0.448574096692952
0.4459359291501605
0.4432633970543389
0.4405610348474683
0.4378333985015359
0.4350850553356719
0.43232057377257577
0.429544513060269
0.42676141298616244
0.423975783611424
0.4211920974644336
0.4184147699093408
0.41564816315955005
0.4128965671629663
0.4101641921755328
0.40745515926908243
0.4047734910882142
0.4021231028938418
0.3995077963368213
0.39693124171426275
0.3943969841273646
0.39190842685005856
0.3894688266802835
0.38708128754684024
0.38474875701136757
0.38247401186480423
0.38025966721176996
0.37810816359590493
0.3760217660752847
0.3740025618214171
0.37205246080595855
0.37017318582239966
0.36836628608142824
0.366633129041812
0.36497490428312973
0.36339262597903316
0.36188713618658525
0.360459108933672
0.3591090550788742
0.35783732791056466
0.35664412944453733
0.3555295173723928
0.354493412606179
0.35353560735878303
0.35265577600530335
0.35185347496156794
0.3511281653124059
0.3504792135924293
0.3499059036230578
0.3494074462918724
0.34898298934084504
0.34863162949838933
0.34835241252466914
0.3481443566620736
0.3480064524141177
0.34793767353374466
0.3479369853002313
0.34800335231758445
0.34813574578286033
0.34833315017856936
0.3485945717237838
0.34891903444984906
0.3493055987675265
0.34975335644093714
0.3502614385521411
0.35082900872168066
0.3514552788419126
0.35213950115926634
0.35288097094722853
0.3536790262397009
0.3545330468737923
0.3554424552406843
0.35640670458269885
0.3574252901413449
0.35849773641198884
0.3596235954317079
0.36080244226080826
0.36203387241263474
0.3633174869307552
0.36465290070030515
0.36603972708672217
0.36747757384754676
0.3689660388824687
0.37050469419140325
0.3720930927596656
0.373730752536408
0.37541715172635864
0.37715172188047813
0.37893384108299893
0.3807628272864661
0.3826379341565364
0.384558335703975
0.3865231339400389
0.38853134432841707
0.390581895130116
0.3926736133740605
0.39480523425249175
0.396975388227695
0.3991825999509818
0.40142528548835754
0.4037017501143598
0.40601018669277555
0.4083486746589434
0.4107151796145196
0.4131075535415391
0.4155235356388011
0.4179607537796729
0.42041672658661655
0.4228888685387574
0.4253744836870842
0.4278707836721618
0.43037488283048586
0.4328838054613441
0.43539449369268696
0.4379038040308397
0.44040852778595724
0.44290538870964513
0.44539105254681327
0.4478621370651005
0.4503152105324771
0.452746814036304
0.45515346071761076
0.45753164920409034
0.45987786297817995
0.462188593541849
0.4644603402667547
0.4666896218984059
0.4688729881632501
0.4710070196052466
0.4730883506922752
0.4751136697132942
0.47707973002589316
0.4789833588754591
0.4808214683423141
0.48259105462961327
0.48428921974989436
0.48591317052656957
0.4874602307177104
0.4889278390816188
0.4903135698975385
0.49161513056162354
0.4928303699399479
0.49395728410190226
0.4949940216229864
0.4959388908119112
0.49679035477355143
0.49754704911874675
0.49820777635750196
0.4987715110801906
0.49923740241323394
0.4996047759729753
0.49987313531472904
0.5000421628757631
0.5001117204127228
0.5000818489358195
0.49995276814380984
0.49972487773091173
0.4993987464803664
0.49897512414636597
0.4984549297864462
0.49783925109524285
0.49712934102469186
0.49632661628570285
0.49543264399063386
0.49444915066616063
0.4933780082851046
0.49222123118504457
0.49098097274755853
0.4896595103006406
0.48825925248538943
0.48678272383219917
0.485232560288648
0.4836115023340208
0.48192238792546505
0.48016814530442614
0.47835178569244324
0.47647639590568724
0.4745451332590216
0.472561211103987
0.4705278961597187
0.4684485053634461
0.4663263919470401
0.464164940368369
0.46196755917733334
0.4597376740305014
0.45747872088031605
0.4551941393638077
0.4528873664145043
0.45056183011987305
0.44822094619432273
0.4458681030981437
0.44350667053141724
0.44113998537872506
0.4387713516699334
0.4364040269846766
0.43404123233900027
0.431686141784834
0.429341872287717
0.42701149456990956
0.42469802156269315
0.4224044085532971
0.42013355143587156
0.4178882853141582
0.4156713834449884
0.413485556508969
0.4113334545107225
0.40921765746218686
0.40714068918557156
0.40510500867858185
0.4031130129584666
0.40116703786033586
0.39926935899435956
0.3974221928287139
0.39562770020822713
0.39388797826753025
0.3922050755584633
0.39058098408512654
0.38901764513155723
0.38751694093592715
0.38608070958212587
0.3847107365731371
0.38340875768144117
0.38217645929149574
0.3810154784828916
0.37992740283018006
0.3789137698996894
0.3779760664283918
0.37711572717525765
0.3763341357564
0.3756326136668086
0.37501243176293464
0.37447479883849427
0.37402086112060273
0.37365169927981523
0.3733683252082761
0.3731716786011502
0.37306262338020657
0.373041944001548
0.37311034169134427
0.37326843065449056
0.37351673430105187
0.3738556815342999
0.37428560314211895
0.3748067283306584
0.3754191814354562
0.3761229788409286
0.37691802613448766
0.37780411551642507
0.3787809234816985
0.37984800878471997
0.38100481069344033
0.38225064753467675
0.38358471552869566
0.38500608790778146
0.38651371431081505
0.38810642044389293
0.38978290799564436
0.3915417547952587
0.39338141520102415
0.3953002207076297
0.39729638076125945
0.39936798377281657
0.4015129983209167
0.40372927453805935
0.40601454567501355
0.40836642984030846
0.4107824319132811
0.4132599456308755
0.4157962558496368
0.4183885409857695
0.42103387563696354
0.42372923339059465
0.4264714898233876
0.4292574256978978
0.43208373036126374
0.4349470053514386
0.4378437682157823
0.44077045654623614
0.4437234322346238
0.4466989859506293
0.44969334184401477
0.45270266247149304
0.4557230539474244
0.4587505713162311
0.46178122414307393
0.46481098231802254
0.46783578206752324
0.4708515321656722
0.4738541203364621
0.47683941983684514
0.47980329620923307
0.4827416141908677
0.48565024476634583
0.48852507234853415
0.49136200207213787
0.49415696718325564
0.4969059365074667
0.4996049219782393
0.5022499862068047
0.5048372500741053
0.5073629003249355
0.5098231971440176
0.5122144816934855
0.5145331835910105
0.5167758283077084
0.5189390444649231
0.5210195710090373
0.5230142642435749
0.5249201046980826
0.5267342038135017
0.5284538104241652
0.530076317016894
0.5315992657482234
0.5330203542012658
0.5343374408643282
0.5355485503141327
0.5366518780870748
0.5376457952228407
0.5385288524654029
0.5392997841073621
0.5399575114643715
0.540501145967452
0.5409299918618021
0.5412435485018761
0.5414415122333283
0.5415237778536088
0.541490439644
0.5413417919669293
0.5410783294235666
0.5407007465677016
0.5402099371731489
0.5396069930528797
0.538893202429359
0.5380700478565238
0.5371392036951061
0.5361025331439719
0.5349620848312745
0.5337200889703981
0.5323789530865592
0.5309412573211243
0.5294097493216656
0.5277873387267745
0.5260770912556691
0.5242822224135474
0.5224060908246451
0.5204521912057766
0.5184241469940999
0.5163257026437245
0.5141607156065621
0.511933148013741
0.5096470580747451
0.5073065912121357
0.504915970950733
0.502479489580814
0.5000014986158104
0.49748639906580955
0.49493863154912104
0.4923626662650297
0.48976299285187114
0.48714411015556364
0.48451051593481304
0.4818666965303667
0.47921711652682175
0.4765662084367768
0.4739183624384176
0.4712779161989944
0.46864914481796055
0.46603625092499257
0.46344335496948946
0.46087448573948375
0.4583335711491285
0.45582442933517975
0.45335076010376146
0.45091613676958864
0.4485239984302921
0.4461776427186411
0.44388021907535896
0.4416347225844983
0.43944398841227084
0.4373106868885288
0.43523731926791
0.43322621420468393
0.4312795249719703
0.42939922745182507
0.4275871189179747
0.4258448176276621
0.42417376323323464
0.42257521801774606
0.42105026895218667
0.41959983056488387
0.41822464860645653
0.4169253044864611
0.4157022204505228
0.41455566545990413
0.4134857617285346
0.4124924918663313
0.4115757065717754
0.41073513281160573
0.40997038242105144
0.4092809610543432
0.40866627741246814
0.4081256526731705
0.40765833004715735
0.4072634843842564
0.40694023175395067
0.4066876389261914
0.4065047326806086
0.4063905088752103
0.4063439412091192
0.40636398961806186
0.40644960824581355
0.40659975293976397
0.4068133882239301
0.40708949370815706
0.4074270698978671
0.40782514337427167
0.4082827713206158
0.40879904537563233
0.40937309480086065
0.4100040889538297
0.41069123906435095
0.4114337993161496
0.4122310672408516
0.4130823834359602
0.41398713062280434
0.41494473206448224
0.41595464936782117
0.4170163796968219
0.4181294524285765
0.41929342528566566
0.42050787998195643
0.42177241742131755
0.4230866524911102
0.42445020849444326
0.4258627112669599
0.42732378302554774
0.4288330359975977
0.4303900658804654
0.4319944451815176
0.43364571648953887
0.43534338572846376
0.437086915444159
0.4388757181745202
0.44070914995241744
0.4425865039898563
0.44450700459033254
0.44646980133478703
0.4484739635844011
0.4505184753413897
0.45260223050637793
0.45472402856812255
0.45688257075848465
0.4590764567023261
0.4613041815886359
0.46356413388569623
0.4658545936195387
0.46817373123118206
0.4705196070244028
0.47289017121204635
0.4752832645650078
0.4776966196644015
0.4801278627536844
0.48257451618394565
0.4850340014420981
0.48750364274844116
0.4899806712068321
0.49246222948785373
0.49494537702250846
0.49742709568145144
0.49990429591249813
0.502373823306971
0.5048324655636844
0.5072769598176411
0.5097040002992826
0.5121102462888645
0.5144923303297114
0.5168468666633631
0.5191704598491983
0.5214597135308836
0.523711239311858
0.5259216657023021
0.5280876471002993
0.5302058727703275
0.5322730757829383
0.534286041880149
0.5362416182321037
0.5381367220514293
0.5399683490329185
0.5417335815874291
0.5434295968400853
0.5450536743643908
0.5466032036252165
0.5480756911051918
0.5494687670906195
0.5507801920946018
0.5520078628967661
0.5531498181806893
0.5542042437517763
0.5551694773201327
0.5560440128348004
0.5568265043573646
0.5575157694648527
0.558110792173561
0.5586107253773219
0.5590148927954226
0.5593227904272845
0.5595340875127011
0.5596486269983076
0.5596664255126249
0.5595876728538601
0.5594127309962977
0.5591421326228474
0.5587765791930089
0.5583169385571152
0.5577642421293472
0.5571196816335798
0.5563846054375564
0.5555605144924666
0.5546490578962727
0.5536520281005749
0.5525713557819704
0.5514091044000807
0.5501674644655455
0.548848747542261
0.5474553800090501
0.545989896606799
0.5444549337977715
0.5428532229644609
0.5411875834757762
0.539460915648754
0.5376761936342683
0.5358364582552498
0.5339448098260365
0.5320044009812461
0.5300184295423476
0.5279901314497115
0.5259227737873658
0.5238196479270489
0.5216840628173521
0.5195193384427931
0.5173287994766338
0.5151157691500546
0.5128835633589732
0.5106354850283817
0.5083748187524905
0.5061048257272863
0.5038287389903224
0.5015497589806558
0.4992710494297916
0.49699573359242327
0.4947268908235177
0.4924675535059752
0.4902207043307844
0.48798927392900276
0.4857761388525317
0.48358411989799144
0.4814159807654399
0.479274427041034
0.4771621054901621
0.4750816036449337
0.4730354496673509
0.4710261124670028
0.469056002049679
0.46712747007102623
0.4652428105672369
0.4634042608327396
0.46161400241319767
0.4598741621805013
0.4581868134554012
0.45655397714244583
0.45497762284146104
0.4534596698997224
0.45200198836936184
0.45060639983541667
0.4492746780813223
0.4480085495605371
0.4468096936454765
0.44567974262793636
0.44462028144868254
0.44363284713799683
0.4427189279533606
0.4418799622054647
0.4411173367688592
0.44043238527902745
0.4398263860232171
0.43930055953793645
0.43885606593135396
0.43849400195403465
0.43821539784616925
0.4380212139935682
0.4379123374282747
0.4378895782124086
0.43795366574572026
0.4381052450384492
0.4383448729911119
0.4386730147221489
0.43909003998265944
0.43959621969506235
0.44019172264942247
0.440876612387489
0.44165084430038815
0.4425142629616194
0.4434665997124676
0.4445074705124938
0.4456363740635233
0.44685269021153634
0.44815567862731137
0.44954447776347856
0.4510181040831694
0.45257545155331447
0.4542152913942412
0.4559362720763466
0.4577369195540753
0.45961563772769937
0.461570709123708
0.46360029578546175
0.4657024403668437
0.46787506742287777
0.47011598489257517
0.4724228857707433
0.47479334996681244
0.4772248463500675
0.4797147349818912
0.48226026953660683
0.4848585999134436
0.4875067750427874
0.4902017458903188
0.49294036866298596
0.4957194082206853
0.4985355416974997
0.5013853623359066
0.5042653835368717
0.5071720431280914
0.5101017078518146
0.513050678072683
0.5160151927050769
0.5189914343582054
0.5219755346960967
0.5249635800083093
0.5279516169859724
0.5309356586964893
0.5339116907489457
0.5368756776410173
0.5398235692770584
0.5427513076457415
0.5456548336447348
0.5485300940387233
0.5513730485362934
0.5541796769702384
0.5569459865651732
0.559668019275639
0.5623418591772611
0.5649636398930797
0.5675295520366388
0.5700358506531025
0.572478862639294
0.5748549941233291
0.5771607377842833
0.5793926800921645
0.5815475084483805
0.5836220182068428
0.5856131195558963
0.587517844241313
0.5893333521108198
0.5910569374608613
0.5926860351665297
0.5942182265761554
0.5956512451523958
0.5969829818421724
0.5982114901585817
0.599334990958363
0.6003518768993491
0.6012607165631073
0.6020602582286728
0.6027494332843527
0.6033273592652583
0.6037933425053257
0.6041468803935088
0.6043876632247852
0.6045155756377657
0.6045306976316189
0.6044333051562063
0.6042238702703009
0.6039030608640068
0.6034717399424624
0.602930964469096
0.6022819837677706
0.6015262374842916
0.6006653531088053
0.5997011430617162
0.5986356013468411
0.5974708997764547
0.5962093837741352
0.5948535677620839
0.5934061301407887
0.5918699078697813
0.5902478906592435
0.5885432147831712
0.5867591565257325
0.5848991252733748
0.5829666562661292
0.5809654030225327
0.5788991294533755
0.5767717016803974
0.5745870795769863
0.5723493080487542
0.5700625080727049
0.5677308675147325
0.5653586317459087
0.562950094079098
0.5605095860482527
0.5580414675538227
0.5555501168986506
0.5530399207397783
0.5505152639827366
0.5479805196459328
0.5454400387240536
0.5428981400805366
0.5403591004004478
0.5378271442364301
0.5353064341816075
0.5328010612047466
0.5303150351840975
0.5278522756776672
0.525416602968633
0.5230117294257385
0.5206412512191337
0.5183086404328193
0.5160172376149919
0.5137702448076339
0.5115707190961915
0.5094215667193085
0.5073255377772276
0.5052852215756077
0.5033030426390317
0.5013812574255101
0.49952195176968284
0.4977270390782273
0.49599825929633573
0.49433717865879306
0.4927451902335459
0.4912235152594563
0.4897732052735877
0.4883951450166236
0.48709005609820105
0.48585850139722236
0.48470089016534135
0.4836174837953867
0.4826084022102867
0.48167363082223497
0.4808130280066134
0.48002633303063413
0.479313174372566
0.47867307836436773
0.47810547808801596
0.47760972245427796
0.47718508539182497
0.4768307750746377
0.47654594311639153
0.4763296936620344
0.47618109230896916
0.47609917479309755
0.47608295537829226
0.47613143489181625
0.4762436083523963
0.47641847214233557
0.4766550306798293
0.4769523025527576
0.47730932608042914
0.47772516427490536
0.4781989091788434
0.4787296855619882
0.47931665396358203
0.4799590130729467
0.48065600144540377
0.48140689855533164
0.48221102519277526
0.4830677432142347
0.4839764546624837
0.4849366002740419
0.4859476573967457
0.4870091373431439
0.48812058220882854
0.48928156118770294
0.4904916664189999
0.49175050840335177
0.49305771102757745
0.49441290623975387
0.49581572841811866
0.497265808478748
0.49876276776826556
0.5003062117889285
0.5018957238040781
0.5035308583724354
0.5052111348599282
0.5069360309775904
0.5087049763936615
0.5105173464673393
0.5123724561506292
0.5142695541034608
0.5162078170657007
0.5181863445277987
0.5202041537397698
0.5222601750958885
0.5243532479298094
0.5264821167521437
0.5286454279595233
0.5308417270410144
0.5330694563045186
0.535326953142384
0.537612448851971
0.5399240680234044
0.5422598285030656
0.5446176419379724
0.5469953149024271
0.5493905506049648
0.5518009511700473
0.5542240204856617
0.55665716760475
0.5590977106852301
0.561542881450466
0.5639898301493685
0.56643563099252
0.5688772880385708
0.5713117415029149
0.5737358744587465
0.576146519898887
0.578540468125411
0.5809144744327913
0.5832652670493502
0.5855895553011021
0.5878840379614314
0.5901454117498692
0.5923703799430333
0.5945556610609483
0.5966979975922415
0.5987941647220822
0.6008409790274521
0.6028353071049735
0.6047740740974937
0.6066542720866032
0.608472968319355
0.6102273132386319
0.6119145482880397
0.613532013463377
0.6150771545842769
0.6165475302610983
0.6179408185336427
0.6192548231598417
0.6204874795342049
0.6216368602174235
0.6227011800602327
0.6236788009062738
0.6245682358604521
0.6253681531110129
0.6260773792952478
0.6266949024005536
0.6272198741942948
0.6276516121776669
0.6279896010605319
0.6282334937559604
0.62838311189492
0.6284384458633281
0.628399654365351
0.6282670635185796
0.6280411654882628
0.6277226166696356
0.6273122354286618
0.626810999413383
0.6262200424493422
0.625540651034156
0.6247742604476136
0.6239224504951286
0.622986940903558
0.6219695863896886
0.6208723714227526
0.6196974047034776
0.6184469133830797
0.6171232370465245
0.6157288214851321
0.6142662122843715
0.612738048253182
0.6111470547216905
0.609496036734599
0.6077878721676745
0.6060255047950068
0.6042119373347047
0.6023502245005388
0.6004434660869159
0.5984948001141274
0.5965073960603917
0.5944844482065873
0.5924291691188439
0.5903447832932628
0.5882345209861293
0.5861016122517155
0.5839492812086796
0.5817807405545274
0.5795991863462407
0.5774077930634465
0.5752097089687759
0.5730080517782545
0.5708059046525317
0.5686063125176777
0.5664122787221499
0.5642267620342368
0.5620526739819452
0.5598928765348944
0.5577501801252254
0.5556273420021964
0.5535270649123435
0.5514519960946462
0.5494047265775968
0.5473877907623436
0.5454036662737116
0.5434547740583626
0.541543478707062
0.539672088975611
0.5378428584770583
0.5360579865157593
0.5343196190322577
0.532629849626345
0.5309907206246693
0.5294042241582697
0.5278723032151376
0.5263968526326961
0.524979719995624
0.5236227064052635
0.5223275670883356
0.5210960118145415
0.519929705095086
0.5188302661372153
0.5177992685332832
0.5168382396669199
0.515948659823227
0.5151319609947378
0.5143895253799764
0.5137226835766798
0.5131327124771733
0.5126208328786623
0.5121882068264302
0.5118359347128106
0.5115650521592862
0.5113765267130774
0.5112712543928314
0.5112500561206575
0.5113136740795875
0.5114627680363838
0.5116979116698287
0.5120195889438334
0.5124281905630754
0.5129240105466731
0.5135072429524946
0.5141779787811114
0.5149362030847127
0.5157817923021089
0.5167145118367712
0.5177340138906964
0.5188398355627928
0.5200313972167909
0.5213080011202691
0.5226688303533642
0.5241129479833996
0.5256392964995137
0.527246697500145
0.5289338516251051
0.5306993387236723
0.532541618249982
0.5344590298774539
0.5364497943245538
0.5385120143851538
0.5406436761577762
0.5428426504692895
0.5451066944897117
0.5474334535361206
0.5498204630648292
0.5522651508520016
0.5547648393639072
0.557316748318714
0.5599179974424489
0.5625656094221284
0.5652565130593004
0.5679875466273443
0.5707554614357798
0.5735569256044705
0.576388528050239
0.579246782687744
0.5821281328458077
0.5850289558994889
0.5879455681172419
0.590874229721521
0.5938111501600485
0.5967524935837909
0.5996943845266411
0.6026329137803622
0.6055641444574181
0.6084841182328903
0.611388861755621
0.6142743932175706
0.6171367290692084
0.6199718908677841
0.6227759122442709
0.6255448459739025
0.6282747711342427
0.630961800334166
0.6336020869961068
0.6361918326736307
0.6387272943856438
0.6412047919480974
0.6436207152838114
0.6459715316906331
0.6482537930480083
0.6504641429419477
0.6525993236883311
0.6546561832346068
0.6566316819200566
0.6585228990750958
0.6603270394403249
0.6620414393865339
0.6636635729172337
0.665191057435925
0.6666216592607659
0.6679532988700858
0.6691840558627707
0.6703121736182946
0.6713360636419781
0.6722543095817454
0.6730656709035356
0.6737690862133473
0.6743636762146672
0.6748487462909865
0.6752237887039466
0.6754884843985497
0.6756427044077542
0.6756865108497556
0.6756201575121893
0.6754440900183618
0.6751589455717149
0.6747655522756563
0.6742649280269163
0.6736582789815773
0.67294699759401
0.6721326602299502
0.671217024356016
0.670202025308962
0.6690897726490552
0.6678825461029658
0.6665827911025548
0.6651931139270012
0.6637162764566101
0.6621551905476355
0.6605129120384171
0.6587926343979753
0.6569976820291001
0.655131503238828
0.6531976628899949
0.6511998347484339
0.649141793541017
0.6470274067406708
0.6448606260951281
0.6426454789169707
0.6403860591533284
0.6380865182543202
0.635751055860212
0.6333839103280399
0.630989349119525
0.6285716590728857
0.62613513658248
0.6236840777111167
0.6212227682613577
0.6187554738333304
0.6162864298980381
0.6138198319166926
0.6113598255380853
0.6089104969076852
0.6064758631235969
0.6040598628762023
0.6016663473095859
0.599299071144267
0.596961684101879
0.5946577226732034
0.5923906022717363
0.5901636098151081
0.5879798967765673
0.5858424727482586
0.5837541995569169
0.581717785971157
0.5797357830374037
0.577810580079006
0.5759444013898103
0.5741393036497546
0.5723971740858017
0.5707197293966995
0.5691085154546266
0.5675649077911842
0.5660901128689951
0.564685170133696
0.5633509548345198
0.5620881815949925
0.560897408708391
0.5597790431261405
0.5587333461008555
0.5577604394397252
0.5568603123183392
0.5560328285999792
0.5552777346009458
0.5545946672387616
0.5539831624970823
0.553442664138819
0.5529725325976637
0.5525720539774295
0.5522404490888294
0.5519768824541139
0.5517804712116666
0.5516502938547897
0.5515853987418095
0.551584812317955
0.5516475469933392
0.5517726086254251
0.5519590035589944
0.5522057451813186
0.5525118599550987
0.552876392896819
0.5532984124731551
0.5537770148931661
0.5543113277790015
0.5549005132027813
0.5555437700821206
0.5562403359313869
0.5569894879703685
0.5577905435962475
0.5586428602290311
0.5595458345443801
0.5604989011115883
0.5615015304580484
0.5625532265846565
0.5636535239598697
0.5648019840229744
0.5659981912297383
0.5672417486760654
0.568532273337568
0.5698693909649093
0.5712527306764729
0.5726819192916172
0.574156575448877
0.5756763035546153
0.5772406876084026
0.5788492849518487
0.5805016199879786
0.5821971779180416
0.5839353985425704
0.5857156701726802
0.587537323696882
0.5893996268474606
0.5913017787090444
0.5932429045102681
0.5952220507375162
0.5972381806073772
0.5992901699321401
0.6013768034098718
0.6034967713677376
0.6056486669841928
0.6078309840124834
0.6100421150245456
0.6122803501909361
0.6145438766089947
0.6168307781878938
0.6191390360957137
0.6214665297701923
0.623811038491378
0.6261702435110195
0.628541730730318
0.630922993914581
0.6333114384302533
0.6357043854871527
0.6380990768659622
0.6404926801087292
0.6428822941478094
0.6452649553467278
0.6476376439245731
0.6499972907339505
0.6523407843610879
0.6546649785155417
0.6569666996759326
0.6592427549573135
0.6614899401652913
0.6637050480014799
0.6658848763848189
0.6680262368531247
0.670125963009528
0.6721809189787576
0.6741880078387579
0.6761441799938562
0.678046441456518
0.6798918620057668
0.6816775831914867
0.6834008261549865
0.6850588992377212
0.6866492053512
0.6881692490827515
0.6896166435131432
0.6909891167234923
0.6922845179703611
0.6935008235093774
0.6946361420489956
0.6956887198175552
0.6966569452281802
0.6975393531274663
0.6983346286154706
0.6990416104260744
0.6996592938583461
0.700186833251317
0.7006235439962509
0.7009689040822472
0.701222555172947
0.701384303213787
0.7014541185712024
0.7014321357068881
0.7013186523920829
0.7011141284685224
0.7008191841644321
0.7004345979755645
0.6999613041228161
0.6994003895995838
0.6987530908233363
0.69802078990739
0.6972050105701513
0.696307413700387
0.6953297925982189
0.6942740679127637
0.6931422822982736
0.6919365948117241
0.6906592750755574
0.6893126972301707
0.6878993337014002
0.6864217488087946
0.6848825922410143
0.6832845924250234
0.6816305498160063
0.6799233301350252
0.6781658575815126
0.6763611080475052
0.6745121023603291
0.6726218995800199
0.6706935903773592
0.6687302905176874
0.6667351344750008
0.6647112691998629
0.662661848063821
0.6605900250018031
0.658498948872742
0.6563917580574431
0.6542715753111854
0.6521415028869553
0.650004617943688
0.6478639682520163
0.6457225682081557
0.6435833951647371
0.6414493860852384
0.6393234345265855
0.637208387952367
0.6351070453767184
0.6330221553367805
0.6309564141891126
0.6289124647231996
0.6268928950826332
0.624900237982272
0.6229369702071441
0.6210055123765159
0.6191082289542743
0.6172474284844429
0.615425364028504
0.6136442337792131
0.6119061818236735
0.6102132990267621
0.6085676240045595
0.6069711441562586
0.6054257967220035
0.6039334698336849
0.6024960035253962
0.6011151906705305
0.5997927778130265
0.598530465861472
0.5973299106162651
0.5961927231020954
0.595120469680629
0.5941146719212584
0.5931768062113942
0.5923083030916058
0.5915105463053653
0.5907848715576932
0.5901325649819636
0.589554861319047
0.5890529418180472
0.588627931872779
0.5882808984128227
0.5880128470724301
0.5878247191644375
0.5877173884896412
0.5876916580149296
0.5877482564553748
0.587887834796787
0.5881109627957067
0.5884181254934496
0.588809719779883
0.5892860510408353
0.5898473299207365
0.5904936692293143
0.5912250810179195
0.5920414738476748
0.5929426502679521
0.5939283045200674
0.5949980204775709
0.5961512698310741
0.5973874105225855
0.5987056854313809
0.6001052213113042
0.6015850279772214
0.6031439977370148
0.6047809050643145
0.6064944065065258
0.6082830408224023
0.6101452293434299
0.6120792765535658
0.6140833708824197
0.6161555857077226
0.6182938805636321
0.6204961025523902
0.6227599879576737
0.6250831640589337
0.6274631511466741
0.6298973647394639
0.6323831180039905
0.634917624379861
0.6374980004113274
0.6401212687880082
0.6427843615969107
0.6454841237877553
0.6482173168533609
0.6509806227263728
0.6537706478931323
0.6565839277247579
0.6594169310247887
0.6622660647918607
0.6651276791950212
0.6679980727582603
0.6708734977499075
0.6737501657714405
0.6766242535391837
0.6794919088513875
0.6823492567319721
0.6851924057413008
0.6880174544432092
0.6908204980165205
0.6935976349982703
0.696344974144975
0.6990586413973443
0.7017347869329478
0.7043695922906801
0.7069592775500331
0.7095001085476226
0.7119884041127978
0.714420543303691
0.7167929726246436
0.7191022132056513
0.7213448679241414
0.7235176284493754
0.7256172821895335
0.7276407191216715
0.7295849384848067
0.7314470553165087
0.7332243068137437
0.7349140584989584
0.7365138101728731
0.7380212016359318
0.7394340181609751
0.7407501957002294
0.7419678258104818
0.7430851602811087
0.744100615450332
0.7450127761959765
0.745820399587936
0.7465224181903765
0.7471179430027337
0.7476062660294784
0.7479868624695882
0.7482593925176897
0.7484237027697763
0.7484798272273478
0.7484279878948992
0.7482685949665483
0.7480022465985865
0.7476297282657526
0.7471520116998556
0.7465702534104138
0.7458857927878781
0.7451001497909701
0.7442150222205541
0.7432322825834007
0.7421539745502255
0.7409823090131552
0.7397196597489054
0.7383685586947123
0.7369316908451404
0.7354118887787192
0.7338121268243294
0.7321355148782195
0.7303852918833386
0.7285648189836565
0.7266775723669588
0.7247271358104598
0.7227171929444383
0.7206515192498467
0.7185339738066677
0.7163684908105042
0.7141590708756954
0.7119097721438259
0.7096247012174207
0.7073080039391174
0.7049638560375353
0.7025964536615988
0.7002100038261031
0.6978087147919565
0.6953967864055975
0.6929784004230208
0.6905577108449321
0.6881388342908762
0.6857258404412788
0.6833227425779789
0.6809334882551568
0.6785619501342248
0.6762119170178024
0.6738870851194415
0.67159104960737
0.6693272964618407
0.6670991946868521
0.6649099889179968
0.6627627924686493
0.66066058085693
0.6586061858554133
0.6566022901046538
0.6546514223301303
0.652755953199794
0.6509180918566397
0.6491398831571806
0.6474232056422781
0.6457697702620752
0.6441811198711683
0.6426586295042364
0.6412035074358847
0.6398167970217921
0.6384993793111485
0.6372519764134388
0.636075155595512
0.6349693340779897
0.633934784493413
0.6329716409622962
0.6320799057374438
0.6312594563617391
0.6305100532800192
0.6298313478418919
0.6292228906292383
0.6286841400400351
0.6282144710584835
0.6278131841410663
0.6274795141481435
0.6272126392516669
0.6270116897513084
0.6268757567334547
0.6268039005105125
0.626795158781241
0.6268485544567935
0.6269631031012235
0.6271378199397967
0.627371726393121
0.6276638560999974
0.6280132603968572
0.6284190132266506
0.6288802154550874
0.6293959985770066
0.629965527800548
0.6305880045014866
0.6312626680447185
0.631988796974239
0.632765709577194
0.6335927638316847
0.6344693567517119
0.635394923146462
0.6363689338143719
0.6373908931957877
0.6384603365109336
0.6395768264127744
0.6407399491869216
0.6419493105331078
0.6432045309648962
0.6445052408663269
0.6458510752458357
0.6472416682293122
0.6486766473354422
0.6501556275775094
0.6516782054366743
0.6532439527521275
0.6548524105740322
0.6565030830249596
0.6581954312154523
0.659928867258743
0.6617027484288867
0.6635163715055571
0.6653689673473229
0.6672596957337513
0.6691876405147804
0.671151805103685
0.6731511083476998
0.67518438080774
0.6772503614760031
0.6793476949572309
0.6814749291363339
0.6836305133519558
0.685812797092084
0.6880200292245386
0.6902503577716658
0.6925018302350895
0.6947723944728854
0.6970599001282005
0.6993621006049112
0.7016766555826519
0.70400113406044
0.7063330179150882
0.7086697059578108
0.711008518469717
0.7133467021944891
0.715681435764307
0.7180098355330687
0.7203289617891245
0.7226358253182884
0.7249273942864791
0.72720060141028
0.729452351382839
0.7316795285217971
0.7338790046054943
0.7360476468633889
0.7381823260864439
0.7402799248233112
0.7423373456282513
0.7443515193270801
0.7463194132677577
0.7482380395228709
0.7501044630118621
0.7519158095116016
0.7536692735247736
0.7553621259766082
0.7569917217114029
0.7585555067616094
0.7600510253634165
0.7614759266942143
0.7628279713087112
0.7641050372519533
0.765305125829161
0.7664263670137693
0.7674670244767949
0.7684255002223225
0.7693003388154352
0.7700902311907002
0.7707940180309332
0.7714106927075155
0.7719394037753089
0.7723794570166882
0.7727303170308603
0.7729916083662254
0.7731631161951196
0.7732447865319033
0.7732367259968648
0.773139201130103
0.7729526372611144
0.7726776169413901
0.772314877948958
0.7718653108753457
0.7713299563070402
0.770710001614989
0.7700067773672331
0.7692217533811303
0.7683565344330555
0.7674128556446551
0.766392577566134
0.765297680977954
0.7641302614335157
0.76289252356628
0.761586775185628
0.7602154211863709
0.7587809572976001
0.7572859636969079
0.7557330985164463
0.7541250912675028
0.7524647362104259
0.750754885696688
0.7489984435098682
0.7471983582319224
0.7453576166608658
0.7434792373054742
0.7415662639819798
0.7396217595369375
0.7376487997197444
0.735650467227091
0.7336298459406915
0.7315900153783471
0.7295340453770361
0.7274649910252923
0.7253858878606487
0.7232997473461461
0.7212095526382166
0.7191182546563317
0.7170287684629815
0.7149439699603833
0.7128666929083574
0.7107997262655252
0.7087458118538968
0.7067076423445482
0.7046878595598879
0.7026890530856742
0.7007137591835891
0.6987644599929687
0.696843583007946
0.6949535008139764
0.6930965310656614
0.6912749366856459
0.6894909262622864
0.6877466546220088
0.686044223550506
0.6843856826354321
0.6827730302018303
0.6812082143104354
0.6796931337881539
0.678229639259475
0.6768195341472234
0.6754645756112672
0.6741664753942415
0.6729269005442025
0.6717474739854349
0.6706297749104243
0.6695753389680962
0.6685856582261908
0.6676621808885769
0.6668063107519223
0.6660194063898457
0.6653027800569828
0.6646576963098125
0.664085370345668
0.6635869660661654
0.6631635938759292
0.6628163082321452
0.6625461049648737
0.6623539183920546
0.6622406182567062
0.6622070065169937
0.6622538140222011
0.662381697109339
0.6625912341562612
0.6628829221272932
0.6632571731469901
0.6637143111364661
0.6642545685447923
0.6648780832057727
0.6655848953473341
0.6663749447777765
0.6672480682694801
0.6682039971572897
0.6692423551651254
0.6703626564709894
0.6715643040173755
0.6728465880709605
0.6742086850331593
0.6756496565006773
0.6771684485736151
0.6787638914072895
0.680434699002992
0.6821794692324058
0.6839966840902302
0.6858847101697101
0.6878417993560851
0.6898660897336565
0.6919556067027919
0.6941082643041034
0.6963218667477896
0.6985941101470493
0.7009225844551861
0.7033047756068037
0.7057380678639743
0.7082197463688239
0.7107469999041095
0.7133169238636998
0.7159265234346118
0.7185727169922547
0.7212523397100549
0.723962147384202
0.7266988204736364
0.7294589683546916
0.7322391337889232
0.7350357976019402
0.7378453835699756
0.7406642635101223
0.7434887625691882
0.746315164705289
0.7491397183553
0.7519586422805505
0.754768131582398
0.7575643638783578
0.7603435056289669
0.7631017186047289
0.765835166481748
0.76854002155403
0.771212471549623
0.7738487265370158
0.7764450259074176
0.778997645417701
0.7815029042780834
0.7839571722675939
0.7863568768598184
0.7886985103405841
0.7909786368986411
0.7931938996698042
0.7953410277147462
0.7974168429101802
0.7994182667331438
0.8013423269180131
0.8031861639660575
0.8049470374875013
0.8066223323565485
0.8082095646601205
0.8097063874217888
0.8111105960828676
0.8124201337233894
0.8136330960064639
0.8147477358302766
0.815762467672821
0.8166758716153474
0.8174866970314382
0.8181938659295086
0.8187964759374686
0.8192938029192213
0.8196853032137682
0.8199706154884715
0.8201495621991941
0.8202221506509716
0.8201885736538419
0.8200492097694714
0.8198046231453181
0.8194555629339288
0.8190029622961014
0.8184479369875333
0.8177917835297073
0.8170359769666147
0.8161821682100063
0.8152321809767467
0.8141880083228918
0.8130518087799541
0.8118259020998742
0.8105127646159984
0.8091150242284206
0.8076354550227669
0.8060769715325273
0.8044426226557715
0.802735585238023
0.8009591573338408
0.7991167511604738
0.7972118857578459
0.7952481793697945
0.7932293415623667
0.7911591650957573
0.7890415175672307
0.7868803328431678
0.7846796022991589
0.7824433658878502
0.7801757030550794
0.7778807235256122
0.7755625579806419
0.7732253486501036
0.7708732398436304
0.7685103684450352
0.7661408543959698
0.7637687911955379
0.7613982364435381
0.759033202456032
0.756677646983126
0.7543354640596918
0.7520104750210527
0.749706419716572
0.7474269479551867
0.7451756112178389
0.7429558546728053
0.7407710095305426
0.73862428577541
0.7365187653121444
0.7344573955650446
0.7324429835678781
0.7304781905821408
0.7285655272804125
0.7267073495304052
0.7249058548135012
0.7231630793091333
0.7214808956735662
0.7198610115378399
0.7183049687453704
0.7168141433447058
0.7153897463471749
0.7140328252530389
0.7127442663427962
0.7115247977232907
0.710374993110718
0.7092952763252147
0.7082859264642068
0.7073470837145996
0.706478755757075
0.7056808247096793
0.7049530545523937
0.7042950989697356
0.7037065095447477
0.7031867442348964
0.7027351760585803
0.7023511019200853
0.7020337515008134
0.7017822961455049
0.701595857673905
0.7014735170507398
0.7014143228498517
0.7014172994519839
0.7014814549197379
0.7016057884976056
0.7017892976897387
0.7020309848729132
0.7023298634072292
0.7026849632121367
0.7030953357805284
0.7035600586086149
0.7040782390242967
0.7046490174016139
0.7052715697535791
0.7059451097001114
0.7066688898123612
0.707442202338609
0.7082643793211483
0.7091347921171234
0.7100528503398743
0.7110180002407321
0.7120297225543166
0.7130875298332703
0.7141909633010592
0.7153395892540583
0.7165329950463791
0.7177707846929373
0.7190525741283068
0.7203779861603846
0.7217466451594937
0.7231581715246935
0.7246121759701307
0.7261082536750658
0.7276459783416742
0.7292248962050876
0.7308445200402411
0.7325043232097741
0.7342037337968937
0.7359421288663096
0.7377188288955325
0.739533092417444
0.7413841109136219
0.7432710039963237
0.7451928149148579
0.7471485064200811
0.7491369570182265
0.7511569576427962
0.753207208770354
0.7552863180033097
0.7573927981394789
0.7595250657453018
0.7616814402460506
0.7638601435433157
0.7660593001664664
0.768276937961598
0.7705109893180023
0.7727592929289699
0.7750195960805888
0.777289557458902
0.7795667504630072
0.7818486670086554
0.7841327218043961
0.7864162570797135
0.7886965477423324
0.7909708069398641
0.7932361919990057
0.7954898107139543
0.7977287279542948
0.7999499725614528
0.8021505445018455
0.804327422244142
0.8064775703276714
0.8085979470884888
0.8106855125097323
0.812737236162735
0.8147501052057956
0.816721132407626
0.818647364163126
0.8205258884696371
0.8223538428325058
0.8241284220695557
0.8258468859849009
0.8275065668833823
0.8291048768980545
0.8306393151040651
0.8321074743935393
0.8335070480872628
0.8348358362604417
0.8360917517611174
0.8372728259014381
0.8383772138036071
0.8394031993839846
0.8403491999605858
0.8412137704708617
0.8419956072884485
0.8426935516293262
0.8433065925391919
0.8438338694557029
0.8442746743405516
0.8446284533776852
0.8448948082354071
0.8450734968912696
0.845164434019975
0.8451676909456263
0.8450834951610289
0.8449122294179184
0.844654430393408
0.8443107869392791
0.8438821379221808
0.8433694696643396
0.84277391299585
0.8420967399311914
0.8413393599841579
0.8405033161369081
0.8395902804802905
0.8386020495440216
0.8375405393367256
0.8364077801169466
0.8352059109175087
0.8339371738465446
0.8326039081895025
0.8312085443371879
0.8297535975655437
0.8282416616934088
0.8266754026448899
0.8250575519431955
0.8233909001629359
0.8216782903678155
0.8199226115604787
0.8181267921709919
0.8162937936099401
0.814426603911578
0.8125282314916904
0.8106016990439826
0.8086500375978144
0.8066762807589835
0.8046834591540165
0.8026745950969526
0.8006526974963093
0.7986207570181701
0.7965817415196579
0.794538591765364
0.7924942174373287
0.7904514934472275
0.7884132565574229
0.7863823023154468
0.7843613823043317
0.782353201709024
0.7803604171969731
0.7783856351086558
0.7764314099516751
0.7745002431898566
0.7725945823164737
0.7707168201986898
0.7688692946781525
0.7670542884106563
0.7652740289258937
0.7635306888863977
0.7618263865231125
0.760163186223574
0.7585430992470859
0.7569680845403226
0.7554400496256545
0.7539608515337939
0.7525322977519661
0.7511561471585929
0.7498341109155785
0.7485678532898283
0.7473589923764233
0.7462091006970403
0.7451197056487967
0.7440922897806027
0.7431282908763851
0.7422291018272599
0.7413960702776062
0.7406304980333523
0.7399336402242683
0.7393067042158582
0.738750848270205
0.7382671799592577
0.7378567543378125
0.7375205718874746
0.7372595762464802
0.7370746517438447
0.7369666207593047
0.736936240933337
0.7369842022538937
0.7371111240480256
0.73731755190808
0.7376039545825619
0.7379707208619702
0.738418156489406
0.7389464811247747
0.7395558253899005
0.7402462280200405
0.7410176331451487
0.7418698877216721
0.7428027391331998
0.7438158329754502
0.7449087110385749
0.74608080949705
0.7473314573150412
0.7486598748728973
0.7500651728183985
0.7515463511448229
0.7531022984963482
0.7547317917003057
0.7564334955249526
0.7582059626609808
0.7600476339246032
0.7619568386801444
0.7639317954800483
0.7659706129205844
0.7680712907119162
0.7702317209615376
0.7724496896706937
0.7747228784436937
0.7770488664106324
0.7794251323641785
0.7818490571115203
0.784317926042726
0.7868289319166452
0.7893791778656758
0.7919656806203154
0.7945853739542564
0.7972351123502521
0.7999116748865376
0.802611769342803
0.8053320365242211
0.8080690548009776
0.8108193448600536
0.8135793746649995
0.8163455646185714
0.8191142929220419
0.8218819011241126
0.8246446998513429
0.8273989747110818
0.8301409923569752
0.8328670067062595
0.8355732652972464
0.838256015774571
0.8409115124891088
0.8435360231987084
0.8461258358553785
0.8486772654638453
0.8511866609959753
0.853650412344909
0.8560649573024552
0.858426788542675
0.8607324605943235
0.8629785967844399
0.8651618961349437
0.8672791401940382
0.8693271997837787
0.8713030416452188
0.8732037349623889
0.875026457746325
0.8767685030605467
0.8784272850695098
0.8800003448918565
0.8814853562405205
0.8828801308323518
0.8841826235503174
0.8853909373419512
0.8865033278383724
0.8875182076789614
0.8884341505274816
0.8892498947662221
0.8899643468557493
0.8905765843485436
0.8910858585458182
0.8914915967877085
0.8917934043679999
0.891991066065528
0.8920845472852573
0.8920739948032157
0.8919597371102822
0.8917422843508989
0.8914223278538217
0.8910007392529616
0.8904785691974509
0.8898570456510005
0.8891375717817204
0.8883217234446019
0.8874112462597855
0.8864080522908253
0.8853142163281839
0.8841319717841083
0.8828637062061491
0.8815119564174738
0.8800794032931089
0.8785688661822294
0.8769832969875193
0.875325773913495
0.8735994948966814
0.8718077707312825
0.8699540179048975
0.8680417511596173
0.8660745757946926
0.8640561797276846
0.8619903253318857
0.8598808410683654
0.8577316129319661
0.8555465757311963
0.853329704222677
0.851085004121725
0.8488165030111704
0.8465282411714478
0.8442242623557108
0.841908604534504
0.8395852906353508
0.837258319303445
0.8349316557104245
0.8326092224390643
0.8302948904726859
0.8279924703187042
0.8257057032968931
0.8234382530234688
0.8211936971232249
0.8189755192023837
0.8167871011157757
0.8146317155624698
0.8125125190444353
0.810432545223125
0.8083946987090683
0.8064017493193073
0.8044563268372241
0.8025609163083534
0.8007178539048386
0.7989293233892729
0.7971973532068172
0.7955238142316304
0.7939104181905396
0.7923587167829661
0.790870101511808
0.7894458042349968
0.7880868984419919
0.7867943012535199
0.7855687761366956
0.7844109363209513
0.7833212488936458
0.7823000395474802
0.7813474979453638
0.7804636836618675
0.7796485326547965
0.7789018642148232
0.7782233883365206
0.7776127134501082
0.7770693544500372
0.7765927409541311
0.7761822257256584
0.7758370931898926
0.7755565679770736
0.7753398234247314
0.7751859899739415
0.7750941633966381
0.7750634127941795
0.7750927883107601
0.7751813285093525
0.7753280673622092
0.7755320408123233
0.775792292867283
0.776107881191611
0.7764778821686344
0.776901395407939
0.7773775476792019
0.7779054962579488
0.7784844316734942
0.7791135798537568
0.7797922036658983
0.7805196038559323
0.7812951193943469
0.7821181272384679
0.7829880415259322
0.7839043122168426
0.7848664232053759
0.7858738899245917
0.7869262564707502
0.7880230922762332
0.7891639883622803
0.7903485532050525
0.7915764082503793
0.7928471831144235
0.7941605105088727
0.7955160209308286
0.7969133371584098
0.7983520685943012
0.7998318054998934
0.8013521131632505
0.8029125260442733
0.8045125419404334
0.8061516162161178
0.8078291561380739
0.809544515358664
0.811296988587581
0.8130858064913274
0.8149101308582409
0.8167690500650023
0.8186615748786553
0.8205866346257534
0.8225430737579941
0.8245296488409308
0.8265450259896937
0.8285877787726768
0.8306563866010899
0.8327492336192638
0.8348646081072952
0.8370007024044784
0.8391556133586797
0.8413273433036674
0.8435138015631614
0.8457128064772663
0.8479220879439586
0.8501392904653245
0.8523619766854433
0.8545876314041291
0.8568136660483495
0.8590374235805978
0.8612561838214934
0.8634671691618138
0.8656675506374127
0.8678544543389075
0.8700249681266095
0.8721761486199492
0.874305028429806
0.8764086236012225
0.8784839412335723
0.8805279872446694
0.8825377742453141
0.8845103294905712
0.8864427028742728
0.8883319749334571
0.8901752648298046
0.8919697382756276
0.8937126153724878
0.8954011783311052
0.8970327790419739
0.8986048464666747
0.9001148938208497
0.9015605255204876
0.9029394438643042
0.9042494554260199
0.9054884771316875
0.9066545419987246
0.9077458045151598
0.908760545639529
0.9096971774044433
0.9105542471093414
0.9113304410909512
0.912024588063014
0.912635662019867
0.9131627847016477
0.9136052276216611
0.9139624136589056
0.9142339182207587
0.9144194699824817
0.9145189512108938
0.9145323976802321
0.9144599981880679
0.914302093678903
0.9140591759825969
0.9137318861742942
0.9133210125622501
0.9128274883099211
0.9122523886988781
0.911596928039949
0.9108624562408612
0.9100504550402098
0.909162533918959
0.9082004257028575
0.9071659818707204
0.906061167585662
0.9048880564681739
0.9036488251317122
0.9023457475030787
0.9009811889512692
0.8995576002496382
0.8980775113972658
0.8965435253261735
0.8949583115214897
0.8933245995821621
0.8916451727497565
0.8899228614329747
0.888160536755322
0.8863611041527337
0.8845274970476346
0.882662670625136
0.8807695957360658
0.8788512529506799
0.8769106267857097
0.8749507001260337
0.8729744488609885
0.8709848367537274
0.8689848105604336
0.8669772954144416
0.8649651904885641
0.8629513649468535
0.8609386541951443
0.8589298564376563
0.8569277295447693
0.8549349882349395
0.8529543015715336
0.8509882907730694
0.84903952733323
0.8471105314446883
0.8452037707186335
0.8433216591896769
0.8414665565937295
0.8396407679043241
0.8378465431109575
0.836086077221094
0.8343615104656509
0.8326749286863346
0.831028363881513
0.8294237948861299
0.8278631481600273
0.8263482986581258
0.8248810707552114
0.823463239197691
0.8220965300545247
0.8207826216396331
0.8195231453784413
0.8183196865920819
0.817173785173684
0.816086936132661
0.8150605899845397
0.8140961529659021
0.8131949870564404
0.8123584097926175
0.8115876938604589
0.8108840664581344
0.8102487084223416
0.8096827531159373
0.8091872850780026
0.8087633384411043
0.8084118951240411
0.8081338828119579
0.807930172738972
0.8078015772914459
0.807748847452813
0.8077726701131869
0.8078736652688052
0.808052383137824
0.8083093012199045
0.8086448213273072
0.8090592666152407
0.8095528786385323
0.8101258144607484
0.8107781438403683
0.8115098465169716
0.8123208096184035
0.8132108252077014
0.8141795879862953
0.8152266931677226
0.8163516345338387
0.8175538026833955
0.8188324834807892
0.820186856710994
0.821615994945202
0.8231188626202125
0.8246943153336147
0.8263410993559589
0.8280578513604208
0.8298430983700493
0.8316952579226088
0.8336126384528034
0.8355934398917647
0.8376357544839179
0.8397375678214253
0.8418967600968126
0.8441111075744533
0.8463782842819519
0.8486958639226112
0.8510613220101465
0.8534720382270813
0.8559252990080343
0.8584183003489376
0.860948150843107
0.8635118749446575
0.8661064164592401
0.8687286422616098
0.8713753462389504
0.8740432534580094
0.8767290245534386
0.8794292603339393
0.8821405066017465
0.8848592591803401
0.8875819691440908
0.8903050482428434
0.8930248745133216
0.895737798068482
0.8984401470550284
0.9011282337684161
0.9037983609139953
0.9064468280020791
0.9090699378640472
0.9116640032761036
0.9142253536764866
0.9167503419615757
0.9192353513456648
0.9216768022688474
0.9240711593368757
0.9264149382765537
0.9287047128897313
0.9309371219886601
0.9331088762950397
0.9352167652848976
0.9372576639610228
0.9392285395344725
0.9411264579965268
0.9429485905622983
0.9446922199670897
0.9463547465967347
0.9479336944331085
0.9494267167962802
0.9508316018650143
0.9521462779577027
0.9533688185562973
0.9544974470563029
0.9555305412265632
0.9564666373632956
0.9573044341235564
0.9580427960243081
0.9586807565940254
0.9592175211647848
0.9596524692939369
0.9599851568053157
0.9602153174412263
0.9603428641175309
0.9603678897752236
0.9602906678232053
0.9601116521681118
0.9598314768282112
0.9594509551296941
0.9589710784847589
0.9583930147522343
0.9577181061824871
0.9569478669496869
0.956083980275489
0.9551282951493621
0.9540828226517797
0.952949731887608
0.9517313455378363
0.9504301350389073
0.9490487153996459
0.9475898396667488
0.9460563930505581
0.9444513867237645
0.9427779513062777
0.9410393300504681
0.9392388717416567
0.9373800233293895
0.9354663223060643
0.9335013888498591
0.9314889177499928
0.9294326701328613
0.9273364650085568
0.9252041706578825
0.9230396958808454
0.920846981128331
0.9186299895394705
0.9163926979079785
0.9141390876015393
0.9118731354589655
0.9095988046908657
0.9073200358100068
0.9050407376185036
0.9027647782795952
0.9004959765024444
0.8982380928690828
0.895994821333092
0.8937697809203573
0.8915665076624213
0.8893884467935795
0.8872389452429332
0.8851212444528369
0.8830384735551813
0.8809936429367473
0.8789896382244433
0.8770292147207579
0.8751149923189028
0.8732494509259813
0.8714349264212558
0.8696736071748444
0.8679675311503244
0.8663185836123047
0.8647284954574536
0.8631988421845895
0.8617310435159933
0.8603263636786241
0.8589859123498672
0.8577106462682357
0.8565013715048918
0.8553587463869966
0.8542832850588511
0.8532753616616959
0.8523352151073434
0.8514629544157699
0.8506585645810713
0.849921912925051
0.849252755892614
0.8486507462383395
0.8481154405495125
0.8476463070470013
0.8472427336024253
0.8469040359079347
0.8466294657332641
0.8464182192042795
0.8462694450375532
0.8461822526665342
0.8461557201969203
0.8461889021315243
0.846280836808208
0.8464305534983488
0.8466370791177857
0.8468994445067203
0.8472166902401983
0.8475878719356661
0.8480120650295099
0.8484883689995405
0.8490159110155234
0.8495938490047201
0.8502213741244165
0.8508977126378761
0.8516221271946378
0.8523939175201088
0.8532124205235534
0.8540770098370809
0.8549870948018126
0.8559421189205003
0.8569415577990156
0.8579849166018252
0.8590717270491095
0.8602015439855835
0.861373941553203
0.8625885090019284
0.8638448461744305
0.8651425587021898
0.8664812529517998
0.8678605307614744
0.8692799840086157
0.8707391890501006
0.8722377010774669
0.8737750484293637
0.8753507269037891
0.8769641941123553
0.8786148639185175
0.8803021010008665
0.8820252155817566
0.8837834583603653
0.8855760156878517
0.8874020050205899
0.8892604706856335
0.8911503799904428
0.8930706197065547
0.8950199929544912
0.8969972165144039
0.8990009185843056
0.9010296370046191
0.9030818179649268
0.9051558152055517
0.9072498897235612
0.9093622099895604
0.9114908526783932
0.9136338039139369
0.9157889610248967
0.917954134805621
0.920127052273036
0.9223053599080036
0.9244866273667992
0.926668351645935
0.9288479616811622
0.9310228233594025
0.9331902449204222
0.9353474827230951
0.9374917473497941
0.93962021002067
0.9417300092886679
0.9438182579849081
0.9458820503831877
0.9479184695517514
0.9499245948598418
0.9518975096064196
0.9538343087380323
0.9557321066229947
0.9575880448491753
0.9593993000129661
0.9611630914676014
0.9628766889994526
0.9645374204018725
0.9661426789167554
0.9676899305151739
0.9691767209892441
0.970600682828624
0.9719595418560811
0.9732511235977471
0.9744733593649482
0.9756242920258119
0.9767020814461376
0.9777050095805094
0.9786314851961657
0.9794800482137378
0.9802493736507839
0.9809382751558366
0.9815457081226939
0.9820707723767638
0.9825127144273366
0.9828709292818899
0.9831449618206006
0.9833345077313977
0.983439414007817
0.9834596790138455
0.9833954521216182
0.9832470329293768
0.9830148700683857
0.9826995596087582
0.9823018430750556
0.98182260508347
0.9812628706131599
0.9806238019249766
0.9799066951415399
0.9791129765033274
0.978244198316171
0.9773020346062825
0.9762882764997328
0.9752048273442584
0.974053697592101
0.9728369994635736
0.9715569414118984
0.970215822410884
0.968816026087735
0.9673600147242429
0.9658503231501356
0.9642895525530696
0.9626803642301539
0.961025473306222
0.9593276424441832
0.9575896755728529
0.9558144116574437
0.9540047185375962
0.9521634868572979
0.9502936241104551
0.9483980488250111
0.9464796849075707
0.9445414561694164
0.9425862810535401
0.9406170675809565
0.9386367085330626
0.9366480768853686
0.9346540215059579
0.9326573631305873
0.9306608906242093
0.9286673575369697
0.9266794789605668
0.924699928689056
0.922731336685822
0.9207762868565902
0.9188373151260913
0.916916907813873
0.9150175003026286
0.9131414759903491
0.9112911655155237
0.909468846242402
0.907676741991594
0.9059170229992222
0.9041918060860191
0.9025031550160822
0.9008530810232886
0.899243543482046
0.8976764506976589
0.8961536607903867
0.8946769826465387
0.8932481769090294
0.8918689569795069
0.890540990003907
0.889265897813405
0.8880452577932055
0.8868806036522886
0.8857734260683648
0.8847251731837964
0.8837372509299583
0.8828110231597754
0.8819478115707314
0.8811488954033463
0.8804155109034376
0.8797488505398667
0.879150061973015
0.8786202467730251
0.8781604588908213
0.8777717028885996
0.8774549319404211
0.87721104561701
0.8770408874723983
0.8769452424530376
0.8769248341527488
0.8769803219390553
0.8771122979782714
0.8773212841879482
0.8776077291458829
0.8779720049852028
0.8784144043045714
0.8789351371217129
0.8795343278971818
0.8802120126536754
0.8809681362141049
0.8818025495795098
0.8827150074654317
0.8837051660130388
0.8847725806886261
0.885916704382897
0.8871368857190892
0.8884323675768311
0.8898022858368478
0.8912456683498808
0.8927614341319212
0.894348392786577
0.8960052441547447
0.8977305781909073
0.8995228750652051
0.9013805054900508
0.9033017312702075
0.9052847060751906
0.9073274764331667
0.9094279829458057
0.9115840617236718
0.9137934460423127
0.9160537682191577
0.9183625617119031
0.9207172634389053
0.9231152163224267
0.9255536720554177
0.9280297940924704
0.9305406608653302
0.9330832692230661
0.9356545380965421
0.9382513123862866
0.9408703670723142
0.9435084115436752
0.9461620941446935
0.9488280069341648
0.951502690652605
0.9541826398919834
0.9568643084610853
0.9595441149389055
0.9622184484071532
0.9648836743522117
0.9675361407256832
0.97017218415176
0.9727881362687097
0.9753803301909535
0.9779451070773616
0.9804788227907058
0.9829778546327049
0.985438608138464
0.987857523913856
0.9902310844991147
0.9925558212416712
0.9948283211612845
0.9970452337905656
0.999203277973921
1.0012992486082677
1.003330023308827
1.005292568983609
1.0071839483002194
1.0090013260287745
1.0107419752446978
1.0124032833753511
1.013982758074245
1.0154780329067805
1.016886872831284
1.0182071794592042
1.019436996078354
1.0205745124231418
1.0216180691760584
1.022566162184841
1.0234174463801473
1.0241707393791923
1.0248250247612625
1.0253794550017818
1.0258333540526021
1.0261862195569296
1.0264377246884702
1.0265877196053839
1.0266362325108684
1.0265834703133947
1.0264298188808894
1.0261758428844414
1.025822285228295
1.025370066064339
1.0248202813904934
1.0241742012335933
1.0234332674187359
1.022599090928037
1.0216734488531476
1.020658280946729
1.0195556857793249
1.018367916509081
1.0170973762726458
1.0157466132065684
1.0143183151095563
1.0128153037567078
1.0112405288777127
1.0095970618119952
1.0078880888544652
1.0061169043065044
1.004286903247576
1.0024015740437002
1.0004644906098825
0.9984793044443369
0.9964497364532632
0.9943795685855948
0.9922726352982135
0.9901328148725498
0.987964020604552
0.985770191890684
0.9835552852333062
0.9813232651895523
0.9790780952885358
0.9768237289423777
0.9745641003771247
0.9723031156103841
0.9700446435029754
0.9677925069124613
0.9655504739769813
0.9633222495582728
0.9611114668731195
0.9589216793429627
0.9567563526916709
0.9546188573216453
0.9525124609987655
0.9504403218766064
0.9484054818904902
0.946410860551674
0.944459249171721
0.9425533055466493
0.9406955491298475
0.9388883567217569
0.9371339587032127
0.9354344358378643
0.9337917166672508
0.9322075755199181
0.9306836311534268
0.9292213460448555
0.927822026342192
0.9264868224847502
0.9252167304965622
0.9240125939518571
0.9228751066064851
0.9218048156838302
0.9208021257979229
0.9198673034907555
0.9190004823549787
0.9182016687072886
0.9174707477723982
0.9168074903321869
0.9162115597898165
0.9156825195942305
