1.0
0.9998511407719898
0.9994046863923071
0.998661006634481
0.9976207173228415
0.9962846796357895
0.9946539991316258
0.9927300244980487
0.9905143460269603
0.9880087938164004
0.9852154357019463
0.9821365749199542
0.9787747475056954
0.9751327194295215
0.9712134834746103
0.967020255860137
0.9625564726140404
0.9578257856998761
0.9528320589024537
0.9475793634774133
0.9420719735699754
0.9363143614085735
0.9303111922792289
0.9240673192867708
0.9175877779093544
0.9108777803529112
0.9039427097123696
0.8967881139467482
0.8894196996755392
0.8818433258035919
0.8740649969825774
0.8660908569166149
0.857927181520172
0.8495803719365236
0.8410569474249605
0.8323635381252764
0.8235068777081483
0.814493795919966
0.8053312110309654
0.7960261221954393
0.7865856017330478
0.7770167873399039
0.7673268742386795
0.7575231072765343
0.7476127729799685
0.7376031915755088
0.7275017089851519
0.717315688805342
0.7070525042788792
0.6967195302677114
0.6863241352359495
0.6758736732512335
0.6653754760134495
0.6548368449186333
0.6442650431664592
0.6336672879196806
0.6230507425228541
0.6124225087887172
0.6017896193593694
0.5911590301500392
0.5805376128825288
0.5699321477148431
0.5593493159755437
0.5487956930080968
0.538277741132202
0.527801802729656
0.5173740934596979
0.5070006956115456
0.49668755160054
0.48644045761271754
0.47626505740736946
0.46616683628212263
0.4561511152084987
0.44622304514546596
0.4363876015393491
0.42664957901678546
0.41701358628425705
0.407484041239449
0.3980651663094335
0.38876098402662673
0.3795753128561925
0.3705117632915095
0.3615737342319846
0.3527644096653894
0.3440867556737049
0.33554351778302655
0.3271372186857913
0.3188701563559195
0.3107444025927347
0.3027618020164162
0.29492397154611133
0.2872323003949904
0.2796879506098073
0.2722918581898923
0.26504473481340207
0.25794707018852814
0.250999135073314
0.2442009849599149
0.2375524644582316
0.23105321236254145
0.22470266741995448
0.21850007478489264
0.21244449313226588
0.20653480240714606
0.20076971216834408
0.1951477704744179
0.1896673732512986
0.1843267740764418
0.17912409428795403
0.17405733334785656
0.16912437936793123
0.16432301966649515
0.15965095135374016
0.15510579173572508
0.1506850885272822
0.14638632977075722
0.14220695336487763
0.13814435616614765
0.13419590256252406
0.13035893251636776
0.12663076901901887
0.1230087249294858
0.11949010921220315
0.11607223254318347
0.11275241231738804
0.10952797708209727
0.10639627037522248
0.10335465412398501
0.10040051149986882
0.0975312493476755
0.09474430027959393
0.09203712440200262
0.08940721076686445
0.08685207860140982
0.08436927830575582
0.08195639239163839
0.0796110361730878
0.07733085854109017
0.07511354258017203
0.07295680620534925
0.07085840281162366
0.06881612193968163
0.06682779000408073
0.06489127109147648
0.06300446786876503
0.061165322624706635
0.0593718185001216
0.05762198098907811
0.05591387976309005
0.054245631043400654
0.05261540052272492
0.051021407318875785
0.04946192911398637
0.04793530914418131
0.046439965525356376
0.04497440397354224
0.04353723513284002
0.042127198112074896
0.040743192500970304
0.03938432147895105
0.03804994909594012
0.03673977481964328
0.035453926809459455
0.03482634970203848
0.03512715388132733
0.03541204837629312
0.03568058401856075
0.03593226184908462
0.036166537008947036
0.03638282319501499
0.03658049759903588
0.03675890625374849
0.03691736970245499
0.037055188944231224
0.03717165161771341
0.03731520181035394
0.03752844654758305
0.03771731730665637
0.03788112098464508
0.038019171446582706
0.038130794405332284
0.03821533285008842
0.03827215286556357
0.03830064983689513
0.03830025503344522
0.03827044247391792
0.03821073599657057
0.03812071649741419
0.03800002924160729
0.037848391064085087
0.03766559739792266
0.037451528855072455
0.03720615716937524
0.036929550151901566
0.03662187525834887
0.03628340125211886
0.03591449732028762
0.03551562885355527
0.03508734894028913
0.03463028445496119
0.034145115452295136
0.03398321772476721
0.03493000965714668
0.03590497220899871
0.03690993701563723
0.03794678761104669
0.039017462854530865
0.04012395869094653
0.04126832835079767
0.042452681104882144
0.0436791797116567
0.04495003673156
0.046267509926512435
0.0476338970109659
0.04905153006689419
0.05052276997371778
0.05205000122983294
0.05363562755000546
0.0552820686093125
0.05699175826806064
0.05876714455393756
0.06061069160094565
0.06252488365407376
0.06451223115083915
0.06657527879244408
0.06871661542460597
0.070938885466579
0.07324480155993936
0.07563715805800696
0.07811884494219813
0.08069286173167611
0.0833623309442677
0.08613051066704269
0.0890008058006926
0.09197677755019205
0.09506215074330404
0.09826081856709516
0.10157684432093127
0.10501445979363778
0.10857805988501511
0.11227219311096495
0.11610154766167896
0.12007093272827662
0.12418525488058817
0.128449489372133
0.1328686463719523
0.13744773227840829
0.1421917064565892
0.14710543395281486
0.15219363496733201
0.15746083209425268
0.16291129654709294
0.16854899475703272
0.17437753683735865
0.18040012843271885
0.18661952740387489
0.19303800663440032
0.19965732399315345
0.20647870016400885
0.21350280468847874
0.22072975018980556
0.22815909439068835
0.23578984922927773
0.24362049614078904
0.2516490064161238
0.2598728654769368
0.26828909991143873
0.27689430618464334
0.2856846800540524
0.2946560458695051
0.3038038850976974
0.313123363574055
0.32260935713632577
0.3322564754289373
0.3420590837805058
0.35201132314778505
0.36210712818868934
0.37234024357641554
0.3827042386992659
0.3931925209091381
0.40379834748926186
0.41451483651053567
0.425334976739499
0.43625163674962386
0.4472575733748663
0.4583454396298264
0.46950779220619954
0.4807370986409166
0.49202574423793577
0.503366038812681
0.5147502233173185
0.5261704763942858
0.5376189208968455
0.5490876304073814
0.5605686357773222
0.5720539317066656
0.5835354833761061
0.5950052331404118
0.6064551072880189
0.6178770228689481
0.6292628945904087
0.6406046417774646
0.6518941953943165
0.6631235051203548
0.6742845464739816
0.6853693279762004
0.696369898345274
0.7072783537131029
0.7180868448536047
0.7287875844128883
0.7393728541309774
0.7498350120444062
0.76016649965919
0.7703598490833776
0.7804076901086197
0.7903027572300712
0.8000378965941481
0.8096060728636801
0.8190003759901779
0.828214027883222
0.837240388966872
0.8460729646135366
0.8547054114456527
0.863131543496091
0.8713453382179881
0.8793409423355479
0.8871126775270157
0.8946550459317376
0.901962735473394
0.9090306249915279
0.9158537891742786
0.9224275032851063
0.9287472476767185
0.934808712085923
0.9406077997031671
0.9461406310110465
0.9514035473863595
0.9563931144605247
0.9611061252337253
0.9655396029382349
0.9696908036469991
0.9735572186236244
0.9771365764105822
0.9804268446525135
0.9834262316520754
0.9861331876560665
0.9885464058699275
0.990664823199082
0.9924876207160045
0.9940142238522183
0.9952443023147446
0.9961777697270441
0.9968147829947803
0.9971557413969667
0.9972012854037976
0.9969522952222564
0.9964098890716724
0.9955754211910526
0.9944504795808935
0.9930368834822734
0.9913366805964485
0.989352144048507
0.9870857690990312
0.9845402696080061
0.9817185742555319
0.9786238225242798
0.9752593604490029
0.9716287361384887
0.9677356950760542
0.963584175204548
0.9591783018025314
0.9545223821582439
0.9496209000485564
0.9444785100301597
0.9391000315506005
0.933490442887127
0.9276548749212981
0.9215986047579141
0.915327049196745
0.9088457580659692
0.90216040742624
0.8952767926548341
0.8882008214191066
0.8809385065492209
0.8734959588194662
0.8658793796487448
0.8580950537298057
0.8501493415980176
0.8420486721495678
0.8337995351201202
0.8254084735341854
0.8168820761361049
0.8082269698134231
0.7994498120235267
0.7905572832343795
0.781556079390462
0.7724529044147036
0.763254462757538
0.7539674520038936
0.7445985555492259
0.7351544353552832
0.7256417247965474
0.7160670216079982
0.7064368809448812
0.6967578085648748
0.6870362541431767
0.6772786047304371
0.6674911783637705
0.6576802178403303
0.6478518846633347
0.6380122531693758
0.6281673048463239
0.6183229228502154
0.6084848867295618
0.5986588673648663
0.5888504221308629
0.5790649902884919
0.5693078886131955
0.5595843072653975
0.5498993059089093
0.5402578100818054
0.5306646078244951
0.5211243465682752
0.5116415302877354
0.5022205169192293
0.49286551604727685
0.48358058685991345
0.47436963637345064
0.4652364179262623
0.4561845299406816
0.447217414951242
0.43833835889694706
0.4295504906741891
0.42085678194673326
0.4122600472079929
0.40376294409044866
0.39536797391626705
0.3870774824825039
0.37889366107385436
0.37081854769505174
0.3628540285149636
0.35500183951349296
0.34726356832236704
0.33964065625032586
0.3321344004832042
0.32474595644891513
0.31747634033742966
0.3103264317655814
0.3032969765766887
0.29638858976473204
0.2896017585131535
0.28293684533817837
0.2763940913267718
0.2699736194592384
0.2636754380065694
0.2574994439922825
0.25144542670827336
0.2455130712735236
0.2397019622236866
0.23401158711863773
0.2284413401540942
0.22299052576269127
0.2176583621898591
0.21244398503042486
0.20734645071390892
0.20236473992846984
0.19749776097704067
0.19274435306133825
0.18810328949139613
0.18357328081843163
0.17915297788721443
0.17484097480160915
0.17063581179318557
0.16653597797971254
0.16253991399784748
0.1586460144937643
0.15485263045664463
0.1511580713834008
0.14756060726830686
0.14405847041800138
0.14064985709971384
0.13733292903805744
0.13410581478200695
0.13096661096815396
0.12791338350879886
0.12494416873329692
0.12205697450971577
0.11924978137117152
0.11652054366893007
0.11386719077276569
0.11128762833886101
0.10877973966671943
0.10634138716863858
0.10397041397768883
0.1016646457222219
0.0994218924958152
0.09723995105094715
0.09511660724207517
0.0930496387389967
0.09103681802423913
0.08907591567855627
0.08716470394649378
0.085300960559572
0.08348247277847734
0.08170704159895818
0.07997248605108975
0.07827664751067387
0.07661739393794614
0.07499262396510561
0.07340027077102568
0.07183830570765565
0.07030474167370958
0.06879763626136744
0.06731509472509302
0.06585527283451482
0.06441637967463215
0.06299668044987664
0.06159449933790343
0.060208222429513306
0.05883630078636497
0.057477253648881656
0.05612967183192702
0.05479222135277651
0.053463647340216774
0.05214277827155581
0.050828530570660016
0.04951991356865539
0.04821603477363042
0.04691610530554036
0.045619445216272494
0.04432548821544782
0.04303378504108507
0.04174400433037737
0.0404559293476329
0.039169448333966406
0.037884535670710734
0.03660122086615087
0.03574239748792734
0.03558478747790702
0.03542222612487593
0.03526275368142617
0.03511275515574366
0.03497655463896543
0.03485641614082634
0.03475285646508838
0.0346651152041796
0.03459164682450472
0.034530555357799385
0.03447994378013772
0.034438181884584924
0.03500532715105717
0.03578743744864769
0.03653063051703433
0.03723475412110547
0.03789969313878405
0.038525455380872826
0.039112277563716706
0.03966074500611366
0.04017191772085011
0.04064745295027635
0.041089710326173846
0.04150182173571928
0.04188770539765852
0.04225200493037518
0.04344133699892344
0.04478107348141466
0.046153793236848414
0.04755918625502634
0.048996230091585546
0.05046316266544078
0.05195750212508169
0.053476110328768
0.055015291365157606
0.05657091304813902
0.05813853805978308
0.05971355236717639
0.06129128114599497
0.06286708587579881
0.06443643971946852
0.06599498117792957
0.06753854803753512
0.06906319477776396
0.07056519702615596
0.07204104655029445
0.07348743987565352
0.0749012630850598
0.0762795748087294
0.0777692984731423
0.07922599396009568
0.08064067743019553
0.08201214896389525
0.08333923865554205
0.08462079882353835
0.08585569706171828
0.08759009691218515
0.09050514557863505
0.09352943827672319
0.09666861613706769
0.09992896717990776
0.10331746718813367
0.10684181218031574
0.1105104403232159
0.11433254078155199
0.11831804675116067
0.12247760981879012
0.12682255287783614
0.13136479910899
0.13611677495528662
0.14109128546951638
0.14630136073851813
0.1517600721738612
0.15748031732360282
0.16347457178866873
0.16975460743031578
0.17633117818264704
0.1832136792289379
0.19040979229901464
0.1979251385699316
0.20576296898028287
0.21392392665134824
0.2224059146155633
0.23120409276404105
0.24031101196261834
0.24971687428844383
0.259409891207568
0.2693767005019768
0.2796027999143293
0.29007296021177115
0.3007715901344297
0.31168303728583313
0.3227918197301917
0.3340827912610397
0.3455412484892049
0.3571529903521963
0.3689043410532597
0.38078214654840004
0.3927737531540409
0.4048669751024213
0.4170500562078802
0.42931162936655365
0.4416406764440754
0.4540264902046838
0.466458639267694
0.47892693660133534
0.49142141173630416
0.5039322866660014
0.5164499552653004
0.5289649659827239
0.5414680075220291
0.5539498972174515
0.5664015718108736
0.5788140803537188
0.5911785789762304
0.6034863272892806
0.6157286862066947
0.6278971169987758
0.6399831814084391
0.651978542681028
0.6638749673762965
0.6756643278466562
0.6873386052800431
0.6988898932175229
0.7103104014670104
0.7215924603434951
0.7327285251746075
0.7437111810172645
0.7545331475372651
0.7651872840091877
0.775666594398183
0.7859642324894016
0.796073507033839
0.8059878868828164
0.8157010060850072
0.8252066689230666
0.8344988548680267
0.8435717234324369
0.852419618903628
0.8610370749415346
0.869418819025661
0.8775597767380366
0.8854550758697682
0.8931000503402908
0.900490243919339
0.9076214137424998
0.9144895336125644
0.9210907970791519
0.9274216202901239
0.9334786446090453
0.9392587389932623
0.9447590021280536
0.9499767643127646
0.9549095890951984
0.9595552746511868
0.9639118549068881
0.9679776004013871
0.9717510188880955
0.975230855673604
0.9784160936933259
0.9813059533232702
0.9838998919284396
0.9861976031479216
0.9881990159180053
0.9899042932342508
0.9913138306547175
0.992428254546106
0.9932484200756615
0.9937754089516481
0.9940105269157673
0.993955300991276
0.9936114764907497
0.9929810137880798
0.9920660848593749
0.990869069597842
0.9893925519082833
0.9876393155867202
0.9856123399913126
0.9833147955110358
0.9807500388386753
0.9779216080551022
0.9748332175321864
0.9714887526618338
0.9678922644189615
0.9640479637666661
0.9599602159118169
0.955633534419981
0.9510725751984251
0.946282130356492
0.941267121952815
0.9360325956387394
0.9305837142080104
0.9249257510625276
0.9190640836040148
0.9130041865620064
0.9067516252681143
0.9003120488868485
0.8936911836132192
0.8868948258473359
0.8799288353561342
0.8727991284324484
0.8655116710616291
0.8580724721055354
0.8504875765142733
0.8427630585755411
0.8349050152117851
0.826919559335283
0.8188128132713481
0.8105909022599309
0.8022599480459877
0.7938260625689083
0.7852953417613447
0.7766738594678524
0.7679676614934323
0.7591827597919375
0.7503251268041744
0.7414006899548028
0.7324153263169694
0.7233748574527104
0.7142850444363359
0.7051515830673956
0.6959800992783675
0.686776144741325
0.6775451926767826
0.668292633866358
0.6590237728703067
0.6497438244494027
0.6404579101901868
0.6311710553314949
0.6218881857896652
0.6126141253791766
0.6033535932250766
0.5941112013631021
0.5848914525232067
0.5756987380916553
0.5665373362469198
0.5574114102641575
0.5483250069832029
0.5392820554344832
0.5302863656179286
0.5213416274295944
0.5124514097311668
0.5036191595578371
0.49484820146044295
0.4861417369782594
0.4775028442393713
0.4689344776857956
0.4604394679214559
0.4520205216810951
0.4436802219188841
0.4354210280154759
0.4272452761028604
0.4191551795062892
0.41115282930278857
0.4032401949962099
0.3954191253087641
0.3876913490897199
0.38005847634245377
0.3725219993719237
0.36508329405603196
0.3577436212457611
0.35050412830090444
0.3433658507704132
0.3363297142289716
0.32939653628376286
0.32256702876817256
0.31584180014129215
0.30922135811396984
0.30270611252336854
0.29629637847801504
0.289992379794751
0.28379425274657344
0.27770205013717986
0.27171574571307233
0.26583523891808936
0.26006035998766003
0.25439087537148314
0.2488264934638051
0.24336687060948722
0.2380116173429697
0.23276030480494164
0.22761247126918438
0.2225676286993012
0.21762526924228648
0.21278487155370723
0.20804590683736798
0.20340784447218416
0.1988701570905869
0.19443232496741053
0.19009383957720175
0.18585420618227605
0.18171294532549268
0.17766959312157038
0.17372370026988157
0.1698748297503867
0.16612255321135896
0.1624664461112695
0.15890608173415824
0.15544102425357625
0.15207082107028935
0.14879499468828516
0.1456130344185552
0.14252438820799543
0.1395284548812824
0.1366245770580929
0.1338120349697844
0.13109004135292998
0.1284577375455666
0.12591419085888853
0.1234583932430002
0.12108926120935429
0.1188056369128527
0.1166062902315059
0.11448992161262674
0.11245516538640796
0.11050059318993484
0.10862471710885102
0.10682599214248856
0.10510281764004102
0.10345353744337604
0.10187643860169711
0.10036974868200753
0.09893163186945794
0.09756018421198244
0.09625342849479832
0.09500930931545296
0.09382568895993489
0.09270034465169436
0.09163096766264411
0.09061516464840785
0.08965046141330571
0.08873430914016389
0.0878640929523206
0.08703714252516552
0.08625074434446714
0.0855021551271145
0.084788615881271
0.08410736608702904
0.08345565752148593
0.0828307673255249
0.08223001000357026
0.08165074815015493
0.08109040179762274
0.08054645636799469
0.0800164692822757
0.07949807532887145
0.07898899091876821
0.07848701736106514
0.07799004328241058
0.07749604629281076
0.07700309397343937
0.07650934423368873
0.07601304505856014
0.0755125336450511
0.07500623490833083
0.07449265932376778
0.07397040005694656
0.07343812931689787
0.07289459384351854
0.07233860940393919
0.07176905412031233
0.07118486038029787
0.0705850049908414
0.06996849712796854
0.06933436351574745
0.06868163014567547
0.06800929973512983
0.06731632403480152
0.0666015700461468
0.06586377922056498
0.0651015188110926
0.06431312479026748
0.06349663625468123
0.06264972228181405
0.06374089821062728
0.06517158594492867
0.06656476292868473
0.06791175247776127
0.06920432142876601
0.07043451535077772
0.071594486674918
0.07277846920309301
0.07405702900178757
0.07525818770925502
0.07637358220550423
0.07739418094259157
0.07831008983228809
0.07911032567592158
0.079782575478094
0.08031302476790192
0.08068654437286628
0.08088820406641772
0.0809094602657761
0.08077123009892706
0.08060727987695399
0.08088526996530292
0.08234084832490904
0.08492555767680342
0.08802958757102443
0.09129255342452493
0.09457339122511421
0.09781960736857376
0.10101193563098587
0.10414400841236346
0.10721457489077765
0.11022433979659449
0.11317462039798215
0.11606676429941314
0.11890190131179808
0.12168084699975111
0.12440407626299352
0.12707172902488378
0.12968362982518583
0.13223931226013924
0.1347380435250356
0.137178846363897
0.13956051671110697
0.1418816357854817
0.1441405756403596
0.14633549731156223
0.1484643407980965
0.15052480618308214
0.15251432526408562
0.1544300231144858
0.15626866904024367
0.15802661643037996
0.15969973103150512
0.16128330722440024
0.1627719719864882
0.16415957646776377
0.16543907563777036
0.16660239753246744
0.16764030567118898
0.16854226191733718
0.16929630350052857
0.16988895868909745
0.17030524281807627
0.17378240449422044
0.18111634697470175
0.1890416829450084
0.19760664709054754
0.20684732019925062
0.21678341162280265
0.22741571348651232
0.23872496462125964
0.25067165564201777
0.2631971875844551
0.2762274909774705
0.28967941480020937
0.3034684915586939
0.31751581968691417
0.33175246677223214
0.3461211333918024
0.3605757662703014
0.37508005842935915
0.3896055815386884
0.40412999018540546
0.41863549239330794
0.43310763300438765
0.4475343653836595
0.46190536156549994
0.4762115083943954
0.49044454389560077
0.5045967972430856
0.5186610043403049
0.5326301782028791
0.5464975189062642
0.560256352041247
0.573900087688159
0.5874221941480859
0.600816182275025
0.6140755974080097
0.6271940167320206
0.6401650504937557
0.6529823459288199
0.6656395930677014
0.678130531813559
0.6904489598482455
0.7025887410428321
0.7145438141356255
0.7263082015050641
0.7378760179116534
0.7492414791174465
0.7603989103175905
0.7713427543363066
0.7820675795544345
0.7925680875450823
0.8028391204014773
0.812875667746754
0.8226728734186728
0.8322260418256
0.8415306439715267
0.8505823231492403
0.8593769003018676
0.8679103790533155
0.8761789504084327
0.884178997124143
0.8919070977529187
0.8993600303596978
0.9065347759140696
0.9134285213590901
0.9200386623585478
0.9263628057243407
0.9323987715261763
0.9381445948853476
0.9435985274552724
0.9487590385908722
0.9536248162095033
0.9581947673463543
0.9624680184070934
0.9664439151208696
0.9701220221974349
0.9735021226914727
0.9765842170786337
0.9793685220470858
0.9818554690095546
0.9840457023407156
0.985940077345689
0.9875396579654879
0.9888457142260908
0.9898597194382138
0.990583347155371
0.991018467898373
0.9911671456547728
0.9910316341623383
0.9906143729858927
0.9899179833971871
0.9889452640678122
0.9876991865854106
0.9861828908033874
0.9843996800348518
0.9823530161013183
0.9800465142468374
0.9774839379284033
0.9746691934935209
0.9716063247555974
0.9682995074782295
0.9647530437790394
0.9609713564641079
0.9569589833034374
0.9527205712585884
0.9482608706726883
0.9435847294336042
0.9386970871204474
0.9336029691436156
0.9283074808881374
0.9228158018699142
0.9171331799136804
0.9112649253610546
0.9052164053160837
0.8989930379342669
0.8926002867598141
0.886043655113739
0.8793286805329688
0.8724609292582565
0.8654459907653619
0.8582894723314253
0.8509969936257884
0.8435741813125569
0.8360266636521401
0.8283600650899532
0.8205800008241286
0.8126920713490765
0.8047018569797013
0.7966149123686806
0.788436761037836
0.7801728899510914
0.7718287441611098
0.7634097215624374
0.754921167782055
0.7463683712334482
0.7377565583544209
0.7290908890433492
0.7203764523045536
0.7116182621114393
0.7028212534969009
0.6939902788820984
0.6851301046575222
0.6762454080324114
0.667340774169888
0.6584206936247967
0.6494895601001931
0.640551668536318
0.631611213543648
0.6226722881893472
0.6137388831446816
0.6048148861988033
0.5959040821420721
0.5870101530187771
0.5781366787440984
0.5692871380732559
0.560464909901566
0.5516732748635007
0.5429154171869808
0.5341944267486826
0.5255133012670296
0.5168749485651811
0.5082821888362541
0.49973775684820737
0.49124430403635866
0.4828044004445609
0.47442053649244337
0.46609512456116314
0.45783050040518847
0.4496289244090012
0.44149258271653696
0.4334235882665664
0.42542398176976437
0.4174957326630879
0.4096407400753191
0.4018608338346712
0.39415777554513887
0.38653325975406483
0.3789889152286772
0.3715263063545041
0.36414693466370535
0.3568522404965404
0.34964360479420625
0.34252235101674683
0.3354897471748258
0.3285470079602185
0.32169529695557075
0.31493572890064586
0.30826937198937243
0.3016972501694904
0.2952203454152103
0.28883959994227404
0.28255591833467114
0.27637016955324784
0.27028318879749036
0.2642957791944187
0.25840871329125514
0.2526227343319561
0.24693855730163408
0.24135686972634843
0.23587833221901738
0.23050357876396638
0.22523321673226768
0.22006782661645985
0.21500796146551454
0.21005414598737482
0.20520687526680442
0.20046661301936083
0.19583378926866468
0.19130879729453548
0.18689198965645043
0.18258367305455975
0.17838410175487868
0.17429346928441286
0.1703118981060029
0.16643942702227835
0.16267599614408684
0.15902142940004768
0.15547541476384127
0.1520374826310239
0.14870698307248628
0.1454830630010712
0.1423646445722564
0.13935040635321203
0.1364387688893844
0.133627886235444
0.13091564477923429
0.12829967028089379
0.12577734351370018
0.12334582429102478
0.12100208307287065
0.11874293883911122
0.11656510155201527
0.11446521733443364
0.11243991445898734
0.11048584834687455
0.10859974396638565
0.10677843425157833
0.10501889338879583
0.10331826401687944
0.10167387754720636
0.10008326694172928
0.09854417141302334
0.09705453266173969
0.09561248247586793
0.09421632181175091
0.0928644918730076
0.09155553819584233
0.09028806930568106
0.08906071207109302
0.08787206636404982
0.08672066194936576
0.08560492059321273
0.08452312616046372
0.08347340497987771
0.08245371807197442
0.08146186608262888
0.08049550709328133
0.07955218702658333
0.0786293822461558
0.07772455424115145
0.07683521705104024
0.075959019386039
0.0750938453158374
0.07423794002478568
0.07339007048866339
0.07254973473445236
0.07171743643186305
0.07089504062998457
0.07008621381116867
0.06929691234726543
0.06853579740258611
0.06781431382509177
0.06714603634866187
0.06654495280903198
0.06602285517145216
0.06558680016390818
0.06523790859314453
0.06497202459294082
0.06478160715457874
0.06465777982068868
0.0645918419846113
0.06457610058813619
0.0646041830602402
0.06467104424684798
0.0647728257576547
0.06490666063311457
0.06507047040421172
0.06526277596867958
0.06548253123411567
0.06572898299405021
0.06600155813624607
0.06629977801068261
0.06662319874495938
0.06697137526360351
0.06734384581416333
0.06774013307124839
0.0681708498800974
0.06908918956022665
0.0700472657238996
0.07104664439804775
0.07236631189331699
0.07429235402706783
0.07628573581058054
0.0783513814880378
0.08049472448962691
0.0827217972355826
0.08503931764686615
0.08745474504516543
0.08997626969293034
0.09261269183296918
0.09537314160343714
0.09826659780976933
0.10130119098687129
0.10448333202885454
0.10781678720791842
0.11130189623619005
0.11493515462818447
0.11870931525492379
0.12261401517827633
0.12663677087335287
0.13076409210960344
0.1349824791272282
0.1392791591055952
0.14364252477700643
0.14806231444618084
0.15252960603323623
0.1570366985388282
0.16157693905073706
0.16614453455389472
0.1707343716864606
0.17534185604980923
0.17996277535173333
0.18459318644989536
0.18922932420164262
0.19386752910999017
0.1985041905488984
0.20313570252226681
0.20775842926540555
0.21236867842070073
0.2169626799445486
0.22153656929308732
0.22608637376818597
0.2306080011741043
0.23509723013708583
0.23954970157917319
0.24396091092074856
0.24832620062217087
0.2526407526716723
0.25689958059176105
0.2610975204738291
0.26522922046250735
0.2692891279953119
0.2732714739528962
0.2771702526795995
0.2809791965767499
0.2846917436274643
0.28830099575031776
0.291799665254758
0.29518000582496945
0.2984337233109254
0.30155186004854945
0.3045246443252413
0.3073412937723951
0.3099897576856019
0.31245637832218526
0.3147254449644768
0.31677860717764944
0.3185941064664961
0.32014578234068414
0.3214018200745501
0.32232325904780057
0.3228624327467569
0.3229618942296066
0.32918733224975844
0.34396328518758484
0.3593986924047315
0.37553678481968306
0.3923877011201599
0.40985078493703053
0.4277080708931114
0.44569650702754915
0.4635916667425334
0.4812444269021419
0.4985740014519179
0.515545810490835
0.5321517066468098
0.5483968652577489
0.5642922056829602
0.5798503498467338
0.5950836093034224
0.6100030725971274
0.6246182678411801
0.6389371149551853
0.6529660155794222
0.6667100011638797
0.6801728985648036
0.6933574931388639
0.706265680222751
0.718898601550885
0.7312567660263425
0.7433401556272438
0.7551483178079734
0.766680445923964
0.777935449176298
0.7889120134491249
0.7996086542568386
0.8100237628602158
0.8201556464632244
0.8300025632729814
0.8395627530937284
0.8488344640311145
0.8578159758040532
0.866505620094005
0.8749017983045994
0.8830029970560969
0.8908078016961516
0.8983149080714278
0.9055231327715124
0.9124314220271653
0.9190388594189292
0.925344672529468
0.9313482386523797
0.9370490896537469
0.9424469160670222
0.9475415704906354
0.952333070346399
0.9568216000495099
0.9610075126336508
0.964891330869843
0.9684737479134086
0.9717556275102521
0.974738003791219
0.9774220806813154
0.9798092309487941
0.9819009949182081
0.9836990788700406
0.98520535314884
0.9864218500002713
0.98735076115758
0.9879944351959303
0.9883553746731271
0.9884362330734723
0.9882398115715298
0.9877690556305526
0.9870270514503576
0.9860170222778561
0.9847423245927817
0.9832064441801972
0.9814129921005015
0.9793657005668651
0.977068418739068
0.9745251084420938
0.9717398398174566
0.9687167869139077
0.9654602232245008
0.9619745171761676
0.9582641275775021
0.9543335990307382
0.9501875573132856
0.9458307047345214
0.9412678154736003
0.936503730903917
0.9315433549107311
0.9263916492081402
0.9210536286623147
0.9155343566283832
0.9098389403082492
0.9039725261374626
0.8979402952090487
0.8917474587423878
0.885399253604958
0.8789009378943556
0.8722577865869128
0.8654750872583338
0.858558135879397
0.8515122326881431
0.8443426781363762
0.8370547689053311
0.8296537939810014
0.822145030775314
0.8145337412746948
0.8068251681926542
0.7990245310988989
0.7911370224938412
0.7831678037952015
0.7751220012028583
0.7670047014106669
0.7588209471382475
0.7505757324650286
0.7422739979599263
0.733920625615966
0.7255204336173124
0.7170781709864437
0.7085985121810637
0.7000860517302845
0.6915452990175357
0.6829806733301426
0.6743964993002439
0.6657970028583328
0.6571863078062162
0.6485684330921586
0.6399472908382154
0.6313266851305239
0.6227103115420219
0.6141017573168221
0.6055045021115549
0.5969219191633338
0.5883572767402051
0.5798137397273017
0.5712943712109789
0.5628021339411248
0.5543398915771323
0.545910409652007
0.5375163562200361
0.5291603021841705
0.5208447213289041
0.5125719901108431
0.5043443872846902
0.49616409346370505
0.48803319073323387
0.479953662450418
0.4719273933730478
0.4639561702622573
0.4560416830960422
0.44818552701083314
0.44038920505611456
0.43265413180191414
0.42498163778401726
0.4173729747106222
0.4098293212927214
0.40235178950551537
0.3949414310457733
0.38759924372506016
0.3803261775342378
0.3731231401297544
0.3659910015250601
0.3589305978150071
0.3519427338126177
0.3450281845284157
0.33818769546883526
0.33142198176675425
0.32473172618284535
0.31811757602977
0.3115801390740018
0.30511997846262773
0.2987376067080391
0.29243347874331965
0.2862079840372474
0.280061437731791
0.2739940707370175
0.2680060186890708
0.2620973096456032
0.2562678503587103
0.25051741092581803
0.24484560757133111
0.2392518832517671
0.23373548569859054
0.2282954424074274
0.22293053193864684
0.2176392506956912
0.21241977407253582
0.20726991047862162
0.20218704621649758
0.19716807844448406
0.1922093324237707
0.18730645782005556
0.18245429687507975
0.1776467146585608
0.17287637833977593
0.16813446889756234
0.163410306720151
0.15869087806306717
0.1539602801927924
0.14919921087042637
0.1443849553638879
0.13949322431521297
0.13450524470446257
0.1294258062034666
0.12430991699948284
0.1192583187412813
0.11873924629035779
0.11843995956579255
0.11784496249221943
0.11699447808840491
0.11593164867245785
0.11469352925428938
0.11331031033024799
0.1118069162677588
0.11020500712182989
0.10852491677422194
0.1067874687932752
0.10556988132559064
0.10488514144472563
0.10412191811343154
0.10328413964953298
0.10237580950422212
0.10140098684567293
0.10036377297151289
0.09926830396828934
0.09811875031720044
0.0969193246029219
0.09598702119647698
0.095451452863262
0.09490217085099864
0.09434067361681599
0.09376812184606614
0.0931854346789569
0.09259337484075082
0.0919926221899307
0.09138383449408209
0.09076769414872227
0.09014493989809998
0.0895163832234808
0.08888290978199805
0.08824546700226787
0.08760503961672265
0.08696261551909941
0.08631914487888075
0.08567549591356868
0.08503241107846639
0.08439046761366108
0.08375004630499054
0.08311131189956872
0.08247420785211723
0.08183846703965662
0.08120363894418905
0.08056913282569764
0.07993427589694373
0.07929838578137677
0.07866085789858737
0.07802127122638514
0.07737952059890324
0.07682102838500962
0.07646999675185936
0.07612139909454166
0.07577682048459149
0.07543805975662174
0.07510712156753525
0.0747862008809444
0.07447765923039827
0.07418399283215982
0.07390779363459984
0.0737866257453034
0.07417776819980258
0.07456920905229028
0.07504669903129871
0.07658931981913
0.07827622169374857
0.08011465098446519
0.08210603992790577
0.08424392661846024
0.08651456587250866
0.08889997107079232
0.09138162619210753
0.09394319375262286
0.09657168429023119
0.09925745866419755
0.10199365836623141
0.104775494234281
0.10759960494684712
0.11046355258564432
0.11336545435994878
0.11630372632093122
0.11927691192002741
0.12228357231492469
0.12532222065884555
0.12839128723676424
0.13148910582407566
0.13461391417267077
0.13776386333439578
0.14093703184583684
0.14413144179279685
0.14734507456051368
0.1505758847238387
0.15382181107760348
0.15708078426882766
0.16035073087742474
0.16362957410282125
0.16691523145249484
0.17020560999631107
0.17413509079235237
0.17934537140228107
0.1846225847391343
0.18996422468421262
0.1953677737928234
0.20083068683786728
0.206350375898802
0.21192419669656398
0.21754943598338802
0.22322329987671063
0.22894290307810408
0.2347052589453932
0.24050727039212785
0.24634572157961576
0.252217270347608
0.25811844130601724
0.2640456194860128
0.26999504442738187
0.2759628045622558
0.2819448317435377
0.28793689575923326
0.2939345986698268
0.299933368803015
0.30592845423585546
0.31191491558650086
0.3178876179236167
0.3238412215779036
0.3297701716056232
0.3356686856039294
0.3415307395094345
0.3473500509201379
0.35312005935932433
0.3588339027412423
0.36448438908875375
0.37006396227751265
0.375564660215034
0.38097806337265866
0.38629523092476653
0.391506620839804
0.3966019890020738
0.40157026065447543
0.4063993648785194
0.4110760190502273
0.4155854445458572
0.42026384055478205
0.4251874061948672
0.429926676425163
0.43446286711551463
0.4387740467097851
0.4428341864478194
0.44661185781569435
0.4500684212568899
0.45315547614268004
0.45581124370863374
0.4579554606491779
0.459482419822828
0.46025258775964445
0.4600867562958696
0.4587786421170953
0.4647468576274031
0.4895460373853927
0.5133456666165318
0.536243494905886
0.5579488732043971
0.5783735785359722
0.5976076229744198
0.6157974591099385
0.6330845045721017
0.6495872299339003
0.6654001388072431
0.6805974693072947
0.6952374406639434
0.7093658885480328
0.7230191169048469
0.7362260686755212
0.7490099650922273
0.7613895461659531
0.7733800156574826
0.7849937672557461
0.7962409479730529
0.8071298994884616
0.817667507142969
0.8278594783860126
0.8377105667999807
0.8472247537411917
0.8564053966657684
0.8652553510361095
0.8737770710989555
0.8819726936304735
0.8898441078458185
0.8973930139895078
0.9046209726023602
0.9115294460597252
0.9181198336642473
0.924393501332816
0.930351806725447
0.935996120512076
0.9413278443517109
0.946348426061819
0.9510593723771095
0.9554622596333713
0.9595587426610325
0.9633505621299039
0.9668395505525658
0.9700276371242965
0.9729168515541681
0.9755093270209435
0.977807302371013
0.9798131236605784
0.9815292451319171
0.9829582297024965
0.9841027490362697
0.9849655832573944
0.9855496203595034
0.9858578553559856
0.9858933892108077
0.9856594275829972
0.9851592794127012
0.9843963553715427
0.9833741661951542
0.9820963209115086
0.9805665249746217
0.9787885783094245
0.9767663732705121
0.9745038925141907
0.9720052067810594
0.9692744725837561
0.9663159297930319
0.9631338991134315
0.9597327794394026
0.9561170450810775
0.9522912428496433
0.9482599889913519
0.9440279659601348
0.9395999190194253
0.9349806526644975
0.9301750268585063
0.9251879530765297
0.9200243901540335
0.9146893399382706
0.9091878427431471
0.9035249726107402
0.8977058323850359
0.8917355486056759
0.885619266232383
0.8793621432125327
0.872969344907075
0.8664460383908273
0.8597973866457905
0.8530285426659285
0.8461446434929603
0.8391508042020848
0.8320521118557558
0.8248536194418999
0.817560339810723
0.8101772396214226
0.802709233306734
0.7951611770604311
0.7875378628492082
0.7798440124486641
0.7720842715021419
0.7642632036017929
0.7563852843954424
0.7484548957295774
0.7404763198491299
0.7324537336900014
0.7243912033182268
0.7162926785926191
0.7081619881511616
0.7000028348480394
0.6918187917911423
0.6836132991504813
0.6753896619206811
0.6671510488233818
0.6589004925259175
0.6506408913271261
0.6423750124215618
0.634105496797702
0.6258348657585562
0.6175655289779469
0.6092997939287056
0.6010398764470477
0.5927879121374608
0.5845459682812406
0.5763160558924542
0.5681001415711571
0.5599001588321982
0.5517180186369556
0.5435556189172885
0.5354148529496576
0.5272976165053618
0.5192058137641249
0.511141362027694
0.503106195307204
0.49510226688097225
0.48713155093225396
0.47919604338071864
0.4712977620226247
0.46343874609473606
0.4556210553799523
0.447846768978533
0.4401179838783687
0.43243681346740065
0.4248053861398561
0.41722584414872155
0.4097003428478455
0.40223105044238394
0.3948201483254287
0.3874698320203646
0.3801823126760472
0.3729598189800872
0.36580459927269104
0.3587189235670761
0.35170508512283194
0.34476540118188015
0.3379022124677899
0.33111788107086826
0.32441478638979543
0.3177953188741423
0.3112618714031595
0.3048168282402708
0.2984625516158456
0.2922013661096922
0.2860355411302917
0.2799672719209464
0.27399865966682685
0.26813169143348636
0.2623682208367838
0.2567099505255473
0.2511584177442689
0.24571498442604117
0.24038083343040031
0.23515697267154714
0.23004424895712924
0.2250433733532424
0.22015495977528735
0.21537957823495774
0.21071782368829878
0.2061704006345716
0.2017382223678112
0.19742252188341614
0.19322496863300484
0.18914778133328797
0.18519382170497165
0.18136664753425744
0.17767049675546345
0.1741101695409276
0.1706907764129107
0.16741733203664824
0.16429420063736558
0.16132443939152802
0.15850913172036754
0.15584683535271707
0.1533332703196306
0.1509613299513572
0.14872142376532535
0.1466020826517476
0.14459070404052618
0.14267430346928614
0.14084016472237748
0.13907632585674462
0.13737188401645156
0.13571713582828293
0.13410358872435915
0.13252388398952053
0.13097166923009676
0.1294414506582786
0.12792844716279678
0.12642846032432303
0.12493776807188714
0.12345304471773004
0.1219713065269856
0.12048987954841107
0.11900638491226684
0.11751873597446184
0.11602514137902813
0.11452410820702687
0.11301443982465106
0.11149522383728788
0.1099658067218157
0.10842575324014138
0.10687479053307758
0.10531273861837852
0.10373943050251277
0.10215462583690095
0.10055792165230881
0.09894866203146206
0.09732584572591539
0.09568802698057186
0.09403320054702607
0.09360771700558275
0.09350492353355264
0.09335989189787793
0.09317020593843868
0.09293385204471533
0.09264919350582863
0.09231494476623557
0.09193014939116231
0.09149416501975234
0.09100665822342348
0.09046761201638696
0.08987734872941261
0.08934159133340541
0.08991029940747419
0.09040063325547859
0.09081936948065253
0.0911722792030506
0.09146402504621569
0.09169827103460217
0.09187784710625013
0.0920049106346736
0.09208108639046898
0.09210758106848198
0.09208527368869729
0.09201478467943124
0.09189652655058485
0.0917307386275894
0.09151750762272054
0.09125677487136494
0.09094832966574275
0.09059178585454583
0.09018653494167878
0.08973166183339432
0.08922579645722716
0.088666850816752
0.08805154767160674
0.08737456679481567
0.08662698253171189
0.08579336588579775
0.08585191090038945
0.08687302321978897
0.08798959699972214
0.08922407288090098
0.09102163098530897
0.09362823638665733
0.0963400300194069
0.09916008178645913
0.10209167367928335
0.10513801944952551
0.1083020502703086
0.11158626328506137
0.1149926251196763
0.11852252207248651
0.12217674974323242
0.12595553554376654
0.12985858723386312
0.13388515963641326
0.1380341307804202
0.14230407865491967
0.1466933508994716
0.15120012197039537
0.15582243510166835
0.1605582291038285
0.1654053522036582
0.17036156644068995
0.1754245465638389
0.18059187705231564
0.1858610500591632
0.1912294660076529
0.19669443749543272
0.2022531962536689
0.20790290226947447
0.2136406538416726
0.21946349727796255
0.225368435095841
0.2313524318837052
0.23741241733642457
0.24354528633756617
0.24974789627195826
0.2560170619895241
0.2623495489932136
0.2687420654915822
0.2751912539509847
0.2816936827179325
0.2882458381775685
0.29484411778508396
0.30148482416981703
0.3081641603786402
0.3148782262053178
0.3216230154528711
0.3283944138993271
0.33518819768496383
0.34200003181085403
0.34882546843143036
0.35565994463530826
0.36249877943481396
0.3693371697213292
0.3761701849866312
0.3829927606549171
0.38979968991278857
0.3965856139605267
0.40334501063460854
0.4100721813661757
0.416761236441286
0.42340607851651496
0.4300003843181442
0.4365375844181193
0.44301084093879856
0.44956986989378317
0.4565666783020484
0.46348689145452765
0.4703211545840699
0.47705941301308263
0.4836907887112464
0.4902034231242346
0.49658427388742493
0.5028188475713866
0.5088908422103122
0.5147816601435957
0.5204697303013568
0.5259295433573877
0.5311302415362013
0.536033494333588
0.5405901845428852
0.5447350227913057
0.5483773681029773
0.5513846944421882
0.5535509403150853
0.5545324557390289
0.5571733500101156
0.571309567843161
0.5927566133572846
0.6171160482575329
0.6399512201095572
0.6604362738215512
0.6790201658807593
0.6961522152382501
0.7121444431135826
0.7272071709148896
0.7414853031216423
0.7550816781542852
0.7680713488949001
0.780510442209487
0.7924418178468893
0.80389879730442
0.8149076941934574
0.8254895776282549
0.8356615306274939
0.8454375672311425
0.8548293134364848
0.8638465211454278
0.8724974617285852
0.8807892312616277
0.8887279899064404
0.896319151469762
0.9035675347633403
0.9104774853197397
0.9170529738465542
0.9232976762431943
0.9292150388717814
0.9348083319383481
0.9400806932194358
0.9450351639002244
0.9496747179348154
0.9540022860641946
0.9580207754164566
0.9617330854461202
0.9651421208390112
0.968250801903816
0.9710620728875107
0.9735789085829056
0.9758043195407099
0.9777413561515993
0.9793931118246486
0.9807627254550503
0.9818533833460795
0.9826683207245962
0.983210822968323
0.9834842266435374
0.9834919204343702
0.9832373460297861
0.9827239990196317
0.9819554298386495
0.980935244785577
0.9796671071335766
0.9781547383383734
0.9764019193420985
0.9744124919619604
0.9721903603464352
0.9697394924745517
0.9670639216685534
0.9641677480852182
0.9610551401464722
0.9577303358674908
0.954197644036289
0.95046144519823
0.9465261923962928
0.9423964116183249
0.938076701901728
0.9335717350474866
0.9288862548961333
0.9240250761214748
0.9189930824993646
0.9137952246135124
0.9084365169640735
0.9029220344492711
0.8972569081968019
0.8914463207270007
0.8854955004372416
0.8794097154040939
0.8731942665078953
0.8668544798925807
0.8603956987822641
0.8538232746852749
0.8471425580248569
0.8403588882450812
0.8334775834489948
0.8265039296341378
0.8194431695987111
0.8123004915977711
0.8050810178355843
0.7977897928847923
0.7904317721269619
0.7830118103120229
0.7755346503358023
0.7680049123360573
0.7604270832071436
0.7528055066343181
0.745144373747632
0.737447714496241
0.7297193898439561
0.721963084888622
0.7141823030095268
0.7063803611495284
0.698560386340868
0.6907253135850386
0.6828778851972597
0.675020651721964
0.6671559745183576
0.6592860301002587
0.6514128162931646
0.6435381602406989
0.6356637282536686
0.6277910374463779
0.6199214690511041
0.612056283241032
0.6041966352328548
0.5963435923844518
0.5884981519552769
0.5806612591647283
0.5728338251678253
0.5650167445723461
0.5572109121465237
0.5494172384101751
0.5416366638605381
0.533870171651508
0.5261187986157252
0.5183836445858008
0.5106658800303052
0.5029667520665827
0.49528758894554437
0.4876298031229948
0.479994893039282
0.47238444372764693
0.4648001263634419
0.45724369685744143
0.44971699358642325
0.44222193434875184
0.43476051263095694
0.4273347932744472
0.41994690763945564
0.4125990483732773
0.40529346389982723
0.39803245275471943
0.3908183578900586
0.38365356106332893
0.37654047740313673
0.36948155020902856
0.3624792459951628
0.35553604972950614
0.3486544601574604
0.3418369850343818
0.3350861360341736
0.3284044230527345
0.321794347593333
0.31525839490419244
0.3087990245398444
0.30241865903388687
0.2964686542828962
0.2918220391496484
0.2872080082432041
0.2826301752725259
0.27809183600762827
0.27359595679424953
0.26914516879774086
0.26474176820052486
0.26038772237678043
0.25608468185506394
0.25183399766966136
0.24763674351058945
0.24349374192471734
0.2394055937071043
0.23537270955831674
0.23139534306971965
0.2274736241297985
0.2236075919105518
0.21979722668255292
0.21604247980724972
0.21234330135432009
0.20869966487992214
0.2051115889726503
0.20157915522354375
0.1981025223050879
0.19468193585493218
0.19131773385934786
0.18801034722918555
0.18476029526929116
0.1815681757755625
0.17843464956834337
0.17536041940163144
0.17234620338802958
0.16939270335591977
0.16650056890472517
0.1636703583296071
0.1609024980146823
0.15819724229454707
0.15555463609543518
0.1529744828248902
0.15045631992638286
0.1479994042207178
0.14560270862285735
0.14326493109463498
0.14098451585155697
0.13875968598906563
0.13658848593598527
0.1344688315676879
0.13239856547047063
0.13037551475130568
0.12839754890305008
0.12646263550619694
0.12456889190224929
0.1227146313406517
0.12089840242361341
0.11911902091374478
0.11737559311319314
0.1156675300773659
0.11399455191859956
0.112449259542682
0.11103896479877651
0.10968929284648544
0.10840165116132008
0.10717706811889255
0.10638106248287155
0.10594419213111378
0.1056521398352816
0.10552291164909877
0.10555467525431299
0.10572094249171175
0.1059801917543629
0.10629161463051309
0.10662463429049883
0.10696011232473819
0.10728764264895284
0.10760243630786129
0.10790299911911337
0.10818965091730746
0.10846364410705829
0.10872665541160643
0.10898049763365608
0.10922695839146997
0.10946771176099201
0.10970427193809365
0.10993797137431742
0.11016995342514924
0.11040117385350583
0.11063240797342118
0.11086426160416693
0.11109718478769984
0.11133148766067506
0.11156735811627351
0.11180488102820042
0.1120440588931765
0.11228483381339993
0.11252711081103896
0.1127707825634129
0.11301575579028919
0.11326197973762643
0.11350947751486538
0.11375838149322842
0.11400897460637544
0.11426174026140135
0.11451742470595455
0.11477711710084437
0.11504235409539486
0.11531525702772297
0.11559871013918034
0.11589658579639804
0.11621401501486425
0.11655768508718106
0.11693611806409955
0.11735984632202331
0.11784136817187492
0.11839476687236225
0.1190349449853702
0.1197765678206122
0.12063296437540812
0.12161529452805923
0.12273219451005886
0.12398991402920624
0.12539278616395141
0.12694381105885535
0.1293592864969466
0.13281453635748947
0.1363125233362059
0.14036393592787133
0.14530512297496262
0.15034845012575399
0.15549325734440358
0.16073880586917066
0.16608428183686816
0.17152881184657118
0.17707147608013155
0.18271131516873274
0.18844733109226042
0.1942784837192462
0.2002036847604613
0.20622179063337348
0.21233159533230908
0.21853182400237997
0.22482112757563052
0.23119807856085706
0.23766116788465463
0.24420880255483984
0.2508393038506057
0.2575509057277986
0.264341753152541
0.2712099001315583
0.27815330728177606
0.285169838863977
0.2922572592852788
0.2994132291439492
0.3066353009418955
0.31392091462113225
0.3212673930907435
0.3286719379018954
0.3361316252049819
0.34364340208976474
0.3512040833722538
0.35881034885582963
0.36645874106320775
0.3741456634126868
0.38186737879836197
0.38962000852995643
0.3973995315920686
0.40520178419425135
0.4130224595991439
0.4208571082345702
0.4287011381142793
0.4365498156096887
0.44439826662952375
0.45224147827640293
0.4600743010581164
0.4678914517389915
0.4756875169235651
0.48345695747533707
0.49119411388878337
0.49889321275848925
0.5065483745296794
0.5141536227750004
0.5217028953321107
0.5291900577632067
0.5366089197778388
0.5439532555096455
0.5512168288857829
0.5583934258122876
0.5654768955782574
0.5724612048449486
0.5793405089730435
0.5861092474849241
0.5927622735694026
0.5992950325000059
0.6057038122886633
0.6119861055650103
0.6181411538629387
0.6241708196133319
0.6300811235553996
0.6358853537057285
0.6416116108813956
0.6473260066810747
0.6532330640916711
0.6605457006007447
0.6856441343423553
0.7107159852746255
0.7299923655433074
0.7466537266217872
0.761702786393937
0.7755978621772976
0.7885911629771294
0.8008376944192652
0.8124399987353662
0.8234695850191722
0.8339783488494434
0.8440051559520134
0.8535798752611956
0.8627259715819755
0.8714622389385268
0.8798039976069446
0.88776394350521
0.895352764846108
0.9025795985695909
0.9094523737537361
0.9159780735661773
0.922162937373967
0.9280126181408436
0.9335323059084929
0.9387268252070268
0.9436007121897099
0.9481582758410383
0.9524036465695529
0.956340814742995
0.9599736611657561
0.9633059810839965
0.9663415029879112
0.9690839032394444
0.9715368173661711
0.9737038487135383
0.9755885750302967
0.9771945534657885
0.9785253243793058
0.9795844142971085
0.9803753382966808
0.9809016020522091
0.9811667037338407
0.9811741359189259
0.9809273876427533
0.9804299466889544
0.9796853021958634
0.9786969476340639
0.9774683841911646
0.9760031245827597
0.9743046972936698
0.972376651239924
0.9702225608293437
0.9678460313887757
0.9652507049154648
0.9624402661019478
0.959418448576799
0.9561890412959128
0.9527558950144137
0.9491229287638889
0.9452941362552415
0.9412735921247943
0.9370654579377158
0.9326739878615163
0.9281035339202878
0.9233585507401303
0.91844359969549
0.9133633523669263
0.9081225932218371
0.902726221431003
0.8971792517365476
0.8914868142898963
0.8856541533817245
0.8796866249912096
0.873589693086654
0.867368924617036
0.8610299831406864
0.8545786210473285
0.8480206703391033
0.8413620319488263
0.8346086635865271
0.8277665661210181
0.820841768519844
0.8138403113896764
0.8067682291802408
0.7996315311360674
0.7924361811047059
0.7851880763348258
0.7778930254224377
0.7705567255907744
0.7631847395143212
0.755782471922912
0.7483551462463265
0.7409077815807693
0.7334451702784905
0.7259718564770362
0.7184921158966691
0.7110099372405202
0.7035290055344884
0.6960526877378788
0.6885840209455023
0.6811257034823762
0.6736800891659589
0.6662491849751698
0.6588346523213283
0.6514378120617959
0.6440596533325733
0.6367008462025567
0.6293617580676092
0.6220424736112001
0.6147428180601041
0.6074623833628101
0.6002005568196589
0.5929565516021316
0.5857294385219824
0.5785181783542696
0.5713216539903435
0.5641387016988647
0.5569681408117093
0.549808801220284
0.5426595481666038
0.535519303930921
0.5283870661440521
0.5212619225778089
0.5141430623794403
0.5070297838098546
0.49992149861557666
0.49281773321218214
0.48571812688499094
0.4786224272264981
0.4715304830372554
0.4644422349229353
0.45735770383190183
0.45027697779899
0.4432001971953849
0.4361275388348108
0.4290591993543852
0.4219953783787231
0.4149362620929688
0.40788200800421515
0.4008327318753648
0.39378849809580757
0.386749315143224
0.37971513834831183
0.3726858829780612
0.36566145182728954
0.358641783227362
0.3516269278992801
0.34461716674603093
0.33761318695439924
0.33061634118543004
0.3236290245907642
0.3166552166677207
0.30970124733646553
0.30277685186773867
0.29589655936522086
0.2890813766925185
0.28236052087387625
0.2757725522493921
0.2693647074078626
0.26318889588807004
0.25729352521570636
0.25171265024240413
0.24645673947453564
0.24150966408500976
0.23706143618640793
0.23405110806637588
0.23103196281281732
0.2280042382160357
0.22496821985055995
0.22192423151241142
0.21887262625329773
0.21581377801558352
0.21274807384396208
0.20967590662190227
0.20659766825230827
0.20351374317123794
0.20042450205010845
0.1973302955046519
0.19423144758809802
0.19112824880134005
0.18802094830549743
0.18490974497405632
0.18367352270267295
0.1843695034712125
0.1849292204504305
0.185353713739418
0.18564450589730225
0.1858039888537163
0.1858354593490013
0.18574298093491867
0.18553118443856742
0.18520506847809926
0.1847698283167457
0.1842307218482831
0.18359297150177056
0.18286169661801494
0.18204186976096495
0.1811382908511898
0.18015557402341753
0.17909814324339599
0.17797023375599114
0.17677589729974455
0.1755190097021931
0.17420327998344456
0.17283226046991151
0.1714093576842225
0.16993784395542597
0.1684208698069719
0.16686147724523623
0.16526261410165763
0.16362714958640062
0.16195789119783385
0.16025760310322618
0.1585290260628768
0.15677489890964463
0.1549979815131501
0.15320107904311836
0.15138706718738668
0.14955891776069347
0.1477197238439193
0.14587272320380087
0.1440213182525671
0.14216909022467553
0.140319804615626
0.13847740433709593
0.13664598665306799
0.13482976000581137
0.1330329776053386
0.13125984641361202
0.1295144130414435
0.1278004319321968
0.12612122544456744
0.12447954905577863
0.12287747668108785
0.12131632009514064
0.1197965924408479
0.1183180196174467
0.11687959654577498
0.1154796797120244
0.11411610429818676
0.11278631402510744
0.11148749410243278
0.11021670144139244
0.10897099053271454
0.10774753735834001
0.10654376693570261
0.10535749228680766
0.10418707332618796
0.10303160231571218
0.10189111593007057
0.10076681881625646
0.09966127495135968
0.09857847873601344
0.09800963931759687
0.09797961055223614
0.09799230516358551
0.09804979582782705
0.09815238743129494
0.09829930765016776
0.09848946479289976
0.09872210918196608
0.09899733058565782
0.09931639663799395
0.09968196825991807
0.10009822890491611
0.10057095177939991
0.10110751512514064
0.10171686716826915
0.10250125061400751
0.10564311673091634
0.10866686185275762
0.11158203027947436
0.11441834388709253
0.11720381178900989
0.11996095373251871
0.12270728412085906
0.12545643119195266
0.1282191097702113
0.13216177627928177
0.1363450358388145
0.1406841442440701
0.14517787733863594
0.14982433544083162
0.15462125528070966
0.15956625529057128
0.16465700592977112
0.16989132767708864
0.1752672271621799
0.18078288589712505
0.1864366168274479
0.19222680257000171
0.19815182679427
0.20421000747594567
0.21039953813011078
0.21671844080938515
0.22316453269579037
0.22973540653462554
0.23642842394820315
0.24324071981526382
0.25016921538898607
0.2572106376206983
0.2643615422102015
0.27161833815669545
0.27897731196925935
0.2864346501469782
0.2939864589978043
0.3016287812871185
0.30935760956212655
0.3171688962705843
0.32505856097970637
0.33302249510868037
0.3410565646289428
0.3491566111746977
0.3573184519578068
0.3655378788109321
0.3738106566030967
0.3821325211924621
0.39049917701023745
0.39890629431158975
0.40734950608722326
0.41582440460444525
0.4243265375373993
0.43285140365204056
0.44139444802819355
0.449951056826456
0.45851655163632293
0.46708618347090564
0.475655126497578
0.48430466884963325
0.49308546089484245
0.5018500501900062
0.5105932207776372
0.5193096637994756
0.5279939864499635
0.5366407224385793
0.5452443442457166
0.5537992775657611
0.562299918494004
0.5707406542598116
0.5791158886792868
0.5874200740671269
0.5956477522284577
0.6037936085531214
0.611852545525153
0.6198197858238856
0.6276910219511955
0.6354626416474972
0.6431320819664349
0.6506984127490318
0.6581633541722383
0.6655331783243796
0.672822587295453
0.6800635874528925
0.6873293294556139
0.6948157074051874
0.7032642942072002
0.7177431476185672
0.7397833788215803
0.7577144749651473
0.7731260535226776
0.7870070151160719
0.7998037086198556
0.8117553193256086
0.8230058274698776
0.8336490495183367
0.843749709463201
0.8533544410593683
0.8624980252594547
0.8712071588339625
0.8795028495164643
0.8874020019863174
0.8949185040898879
0.9020639918870056
0.9088484011540837
0.9152803726491635
0.9213675545914488
0.9271168312075024
0.9325344969873465
0.9376263903317246
0.9423979963225733
0.9468545256789782
0.9510009751226073
0.9548421730912358
0.9583828138251982
0.9616274821937034
0.964580671147481
0.967246793327555
0.9696301880911983
0.9717351250093319
0.9735658047274467
0.9751263579501989
0.9764208432010725
0.9774532439139342
0.9782274653311183
0.9787473316065668
0.9790165834442822
0.9790388765366034
0.9788177810075436
0.978356782009056
0.9776592815665838
0.976728601722321
0.9755679889825731
0.9741806200375053
0.9725696086907132
0.9707380139092429
0.9686888488846412
0.966425090980136
0.9639496924292499
0.9612655916452071
0.9583757249988496
0.9552830389248016
0.9519905022187044
0.9485011183959583
0.9448179379879428
0.9409440706613595
0.936882697053354
0.9326370802234651
0.9282105766305573
0.9236066465493874
0.9188288638469109
0.9138809250421176
0.9087666575772317
0.9034900272290124
0.898055144591324
0.8924662705589776
0.8867278207439389
0.8808443687534282
0.8748206482596786
0.8686615537899589
0.8623721401667552
0.8559576205284504
0.8494233628639642
0.8427748849986112
0.8360178479751199
0.8291580477815454
0.822201405389161
0.8151539550762061
0.8080218310301238
0.8008112522387228
0.7935285057023611
0.7861799280216476
0.7787718854401365
0.7713107524469413
0.7638028890701075
0.7562546170171534
0.748672194843163
0.7410617923497744
0.7334294644373498
0.7257811246504682
0.7181225186696433
0.7104591980133124
0.7027964942220836
0.6951394938027097
0.6874930142148141
0.6798615811879449
0.6722494076625735
0.6646603746567423
0.6570980143697069
0.6495654958456487
0.6420656135319783
0.6346007790750227
0.6271730166977637
0.6197839624915754
0.6124348679235961
0.605126607802844
0.5978596928585589
0.5906342869577328
0.5834502288266216
0.5763070579494751
0.5692040441078161
0.5621402198154491
0.5551144147206531
0.5481252909139605
0.541171378019434
0.5342511069750728
0.527362841525555
0.5205049066472801
0.5136756133748562
0.506873279766456
0.5000962479928269
0.4933428977301746
0.4866116561562185
0.4799010048839492
0.47320948412456487
0.46653569426483044
0.4598782948981138
0.45323600118221935
0.4466075772294669
0.4399918260731388
0.43338757560023194
0.4267936596857864
0.4202088935892424
0.4136320424559163
0.4070617814686217
0.4004966457684187
0.3939349676390358
0.3873747975245115
0.3808138040642962
0.374249146230875
0.36767730741946014
0.36109387624911893
0.354493250615204
0.3478682278497738
0.34120942023167267
0.3345043925750744
0.32773633819603465
0.3208819481359477
0.31390778064931546
0.30676361993305146
0.29936916865625773
0.2915839800875149
0.28312797704387616
0.27334617424228425
0.2617369825950202
0.2610352698554923
0.2607639515956662
0.2594338507043133
0.2575399881926285
0.2552908997004289
0.2527951072690615
0.25011697038938174
0.2472979760978933
0.24436635516607771
0.24134198817044858
0.23823915711239138
0.23506822285561887
0.23183674043129548
0.22855028228749688
0.2252131306360739
0.22182895208683204
0.2184015499400142
0.21493578234560692
0.21143871184065977
0.20792096327847476
0.20439803220173622
0.2008908546912399
0.19742452698814605
0.1940243550812605
0.1907100917384845
0.18749124972349115
0.18436616298138353
0.18132471266390485
0.17835244789090254
0.1762234316091764
0.1747809552757288
0.17332218222522677
0.1718455447304011
0.17034954714416045
0.16883276793703367
0.1672938643924965
0.16573157999817592
0.16414475474836523
0.16253233882193038
0.1608934104377287
0.15922719914248934
0.15753311639085055
0.15581079608155157
0.15406014877749663
0.1522814347244246
0.15047536253983865
0.14864322254539075
0.14678706594233193
0.14490994271366298
0.14301621068526418
0.14111192226970634
0.13920527793690837
