1.0
0.9998307693878601
0.9993232278504129
0.9984778261094236
0.997295314784435
0.9957767435183601
0.993923459754912
0.9917371071693971
0.9892196237547174
0.9863732395652186
0.9832004741210157
0.9797041334761984
0.9758873069545245
0.9717533635567623
0.9673059480441958
0.9625489767031549
0.9574866327959582
0.9521233617039976
0.9464638657689658
0.9405130988387698
0.9342762605249302
0.9277587901787572
0.9209663605936227
0.9139048714414127
0.9065804424512914
0.8989994063391589
0.8911683014968287
0.8830938644498296
0.8747830220933015
0.8662428837155555
0.857480732819198
0.8485040187499168
0.8393203481433453
0.8299374762002852
0.8203632978012318
0.8106058384710141
0.8006732452045103
0.7905737771646791
0.7803157962641754
0.7699077576419208
0.759358200046075
0.7486757361350089
0.7378690427075875
0.7269468508753592
0.7159179361863138
0.7047911087139545
0.6935752031216164
0.6822790687144608
0.6709115594905396
0.6594815242017131
0.647997796436089
0.6364691847329799
0.624904462741391
0.6133123594321674
0.6017015493760384
0.5900806430958886
0.5784581775041215
0.5668426064360221
0.5552422912872278
0.5436654917654314
0.5321203567651535
0.5206149153742886
0.5091570680208061
0.49775457776777166
0.48641506176427046
0.47514598285976833
0.46395464138897224
0.4528481671336822
0.44183351146873223
0.43091743969745894
0.42010652358319023
0.40940713408224666
0.3988254342841882
0.38836737256479276
0.3780386759573047
0.36784484374754417
0.357791141298963
0.3478825941134893
0.3381239821354257
0.3285198343041554
0.31907442336778974
0.3097917609606759
0.3006755929622756
0.29172939514476104
0.28295636912507943
0.2743594386373832
0.2659412461440184
0.25770414980649714
0.24965022083858615
0.24178124127178754
0.23409870216027798
0.22660380226043883
0.21929744722137
0.21218024932752158
0.20525252783597825
0.1985143099545472
0.19196533251245387
0.18560504436502684
0.1794326095924567
0.17344691153974062
0.1676465577418276
0.16202988578092706
0.15659497011271983
0.15133962989682437
0.14626143785592904
0.14135773016565104
0.13662561738197196
0.13206199638219424
0.12766356329894488
0.12342682738055809
0.11934812572320351
0.11542363878340764
0.11164940656674623
0.10802134537697242
0.10453526498907978
0.10118688610259567
0.09797185792133828
0.09488577569785678
0.09192419808678777
0.0890826641437197
0.08635670982001979
0.08374188380815888
0.08123376260712864
0.07882796470197583
0.07652016374704186
0.0743061006823501
0.07218159472572945
0.07014255320086582
0.06818498018586493
0.06630498398050269
0.06449878340969895
0.06276271299896762
0.06109322706644772
0.05948690278932461
0.057940442310885513
0.05645067395581311
0.05501455265424169
0.05362915959929586
0.052291701287581496
0.05099950796818357
0.049750031597236295
0.0485408433705565
0.047369630904164815
0.046234195123011676
0.04513244690791622
0.04406240357248727
0.043022185208627425
0.04201001095622101
0.041024195196953814
0.040063143763926876
0.03912535012271645
0.03820939164151739
0.03731392586120942
0.036437686885578524
0.035579481841661126
0.034738187416661036
0.033912746522592005
0.03310216506364743
0.03275466936942394
0.03304082299504966
0.03327475810794705
0.033454833589659914
0.03357955586734494
0.033647586178571165
0.03365774758876573
0.03360903178967141
0.033500605723325104
0.03333181808594217
0.03310220578552246
0.032811500442493
0.032459635052649004
0.03204675097145219
0.03157320541171438
0.03103957971416453
0.030446688776011352
0.029795592091863925
0.029087606961927574
0.02832432483032025
0.027507631832031504
0.02663973513877234
0.025723197236844107
0.02476098118417942
0.023756510658660024
0.02271375043882436
0.021637314253741508
0.020532609043368122
0.019406025521340624
0.018265183910396082
0.01711923557825526
0.015979199130800426
0.01485826003430932
0.013771874166250432
0.01273739765281329
0.01177289802712169
0.010894967177229263
0.010115911509404541
0.009441401041558188
0.008869779684756787
0.008393359807756547
0.008000878243301751
0.007679927848172978
0.007418650515366966
0.007206598571920504
0.007034993802569118
0.006896654970008144
0.006785785633916794
0.006765415409795921
0.007144244852671111
0.007565608338866518
0.008031803287223577
0.008540281921087038
0.00908695550308949
0.009665530694975276
0.010268342246111123
0.010887243810209467
0.011514315275787371
0.012142290088512465
0.012764728468736553
0.013376017255434124
0.013971276672064666
0.014546231139532148
0.015097076465643936
0.015620358186247052
0.01611286524941269
0.016571538322400176
0.016993388869939327
0.01737542506664774
0.017714579645732916
0.018007634640779452
0.018251137108573148
0.018441298797220555
0.01857386989762859
0.018643973188111534
0.01864587771771403
0.018572680197775228
0.0184158416450688
0.018164494098619116
0.017804374980100745
0.017316159794854315
0.016672888390563616
0.01583648804735006
0.014756512523168671
0.013392525642003576
0.012932171216432219
0.017823200628662102
0.023327389099139378
0.029033428321452396
0.03485437679746299
0.04079504650484859
0.04687554093084931
0.0531146519238418
0.05952726748772238
0.06612468541202858
0.0729153561224655
0.07990553731705764
0.08709978973002877
0.09450133773681653
0.10211232983342275
0.10993402787483486
0.1179669460948368
0.12621095456678408
0.13466535735561808
0.143328952383937
0.15220007801994215
0.16127664988872734
0.17055619043059467
0.18003585303613348
0.18971244208821939
0.19958242993324038
0.20964197148325717
0.21988691704783486
0.23031282380686222
0.24091496625906475
0.25168834589905636
0.2626277003252867
0.2737275119312484
0.28498201630529085
0.29638521042949373
0.3079308607653778
0.319612511275839
0.3314234914361609
0.3433569242705937
0.3554057344437176
0.3675626564290886
0.37982024277240967
0.3921708724609904
0.4046067594092585
0.4171199610667392
0.42970238714843795
0.44234580849164984
0.4550418660376077
0.4677820799345827
0.48055785875901796
0.49336050884832927
0.506181243743086
0.5190111937270189
0.5318414154598364
0.5446629016937761
0.557466591065703
0.5702433779532882
0.5829841223885711
0.5956796600152451
0.6083208120829706
0.6208983954637105
0.6334032326827611
0.6458261619507152
0.65815804718663
0.6703897880199037
0.6825123297598404
0.6945166733207166
0.7063938850915382
0.7181351067377167
0.7297315649237172
0.7411745809448145
0.7524555802562536
0.763566101888549
0.7744978077370614
0.7852424917150036
0.7957920887583906
0.8061386836720422
0.8162745198056699
0.8261920075495018
0.8358837326387877
0.8453424642571543
0.8545611629286199
0.8635329881885017
0.8722513060237975
0.8807096960736606
0.888901958581136
0.8968221210874298
0.9044644448603129
0.9118234310488349
0.9188938265564693
0.9256706296253865
0.932149095124971
0.9383247395377916
0.9441933456369634
0.9497509668488879
0.9549939312959805
0.9599188455142365
0.9645225978410938
0.9688023614690935
0.9727555971617794
0.97638005562815
0.9796737795528397
0.9826351052793317
0.9852626641441641
0.987555383460367
0.9895124871488313
0.9911334960168834
0.9924182276835933
0.9933667961518959
0.9939796110280337
0.9942573763892498
0.9942010893011233
0.9938120379863086
0.9930917996470302
0.9920422379439178
0.9906655001344095
0.9889640138741056
0.9869404836852513
0.9845978870965669
0.9819394704592769
0.9789687444446326
0.9756894792283876
0.9721056993683668
0.9682216783814975
0.9640419330270088
0.9595712173031152
0.9548145161645419
0.9497770389689566
0.9444642126603863
0.9388816746983256
0.9330352657414778
0.9269310220952615
0.9205751679328048
0.9139741072992623
0.9071344159095945
0.9000628327504162
0.8927662514965976
0.8852517117537215
0.8775263901376562
0.8695975912029744
0.861472738231871
0.8531593638958033
0.8446651008021301
0.8359976719382741
0.8271648810262573
0.8181746028004929
0.8090347732221159
0.7997533796432709
0.79033845093478
0.7807980475912624
0.771140251827375
0.7613731576794975
0.7515048611271075
0.7415434502483379
0.7314969954243139
0.7213735396070757
0.7111810886659826
0.7009276018276401
0.6906209822245735
0.6802690675678327
0.6698796209590677
0.6594603218573433
0.649018757216426
0.6385624128080403
0.6280986647466996
0.6176347712319323
0.6071778645232803
0.5967349431638683
0.5863128644679202
0.5759183372876664
0.5655579150749251
0.5552379892522221
0.5449647829084308
0.5347443448332001
0.5245825439042545
0.5144850638413005
0.5044573983394564
0.49450484659477184
0.4846325092335644
0.474845284656514
0.46514786580771
0.4555447373775576
0.44604017344773483
0.43663823558480686
0.4273427713881156
0.41815741349586716
0.4090855790520045
0.40013046963473237
0.39129507164574207
0.38258215715756017
0.37399428521432293
0.3655338035792754
0.35720285092055004
0.3490033594241362
0.34093705782131545
0.3330054748153799
0.3252099428903705
0.3175516024824258
0.3100314064923389
0.3026501251156777
0.2954083509651598
0.28830650445797085
0.28134483943909
0.27452344901019815
0.26784227153239426
0.2613010967697778
0.2548995721401005
0.24863720903796982
0.24251338919579343
0.23652737104730845
0.230678296059006
0.22496519499490328
0.21938699408114037
0.21394252103779993
0.2086305109468936
0.20344961192712502
0.19839839058816092
0.1934753372395994
0.18867887083257284
0.18400734361499788
0.17945904548508718
0.17503220803133224
0.17072500825138953
0.1665355719467026
0.16246197679423802
0.15850225510172922
0.15465439625778474
0.15091634889337432
0.14728602277644592
0.1437612904665054
0.14033998876089773
0.1370199199692732
0.13379885305676456
0.130674524700021
0.12764464030317518
0.12470687502254892
0.12185887484986827
0.11909825780328975
0.11642261527400034
0.11382951357293178
0.11131649571769478
0.10888108349407692
0.10652077981917628
0.10423307142512608
0.10201543187312472
0.0998653248978414
0.0977802080722955
0.09575753677322223
0.09379476841779752
0.0918893669336687
0.09003880741690794
0.08824058092639862
0.0864921993587741
0.08479120034536376
0.08313515211195967
0.08152165824321556
0.0799483622964658
0.0784129522140537
0.07691316448890914
0.0754467880449886
0.07401166780140042
0.07260570789712129
0.07122687456099053
0.06987319861969711
0.06854277764393849
0.06723377774002375
0.06594443500057608
0.0646730566338327
0.06341802179617646
0.062177782156366275
0.06095086222422181
0.05973585947867976
0.05853144433272899
0.05733635997430971
0.05614942212390479
0.05496951875135268
0.05379560979602434
0.05262672693709192
0.05146197346266575
0.05030052428904503
0.04914162618377358
0.047984598249047224
0.04682883272539133
0.04567379617944465
0.044519031144448475
0.043364158287002956
0.042208879178868876
0.04105297975706308
0.03989633455936855
0.03873891182345395
0.0375807795358107
0.03642211250864991
0.03526320054692505
0.03410445773883314
0.03294643285797317
0.03178982079661396
0.03063547485151338
0.029484419547973085
0.02833786350846006
0.0271972116426856
0.026064075656831647
0.024940281556899643
0.023827872475835607
0.022729104829438525
0.023212617377359537
0.023718051885649145
0.024247970659168838
0.02482276510889821
0.025479539341578743
0.02627244406505147
0.027253160462999252
0.02843561746251546
0.029788497806765683
0.03126525028681137
0.032828514687486016
0.034454249276468514
0.036127743467130796
0.037839558753121866
0.039582986506496796
0.041352674284020424
0.043143932216303985
0.04495240164577221
0.046773908955589305
0.048604410449589935
0.0504399791402412
0.052276808291457644
0.054111219340441996
0.05593966859985264
0.05775875066609133
0.059565198207845255
0.061355878592529
0.0631291828852314
0.0648814161336211
0.06660920368550707
0.06830987512074416
0.06998085459682367
0.07161965173490265
0.07322385275926897
0.07479111197322091
0.0763191435950626
0.0778057139344761
0.0792486338578
0.08064575146796263
0.08199494490767424
0.08329411518102395
0.08454117887674802
0.08573406066468617
0.08687068542361871
0.08794896984278251
0.08896681331914534
0.08992208794652796
0.09081262735895584
0.09163621414688838
0.09239056550762827
0.09307331671644628
0.0936820019064824
0.09421403151516816
0.09466666558132412
0.09503698184319248
0.09532183726951098
0.09551782121729055
0.09562119779737333
0.09562783415960091
0.095533110154821
0.09533180298497126
0.09501793767844757
0.09458893683894669
0.09403648256653083
0.09334853056950551
0.09251376707090754
0.09151824263894151
0.09034436743933086
0.08896936006486908
0.08736273589991989
0.085481991807405
0.08326460669587617
0.08061163767810413
0.07734900287033511
0.07311534427021714
0.06700905079826508
0.09390820853503017
0.11849150662948822
0.13807749726915497
0.15571285022437711
0.17230857928540608
0.1882745541174118
0.2038322416687142
0.2191145674192313
0.23420678027471245
0.24916595232324112
0.264031326961491
0.2788302591121025
0.29358183862508624
0.3082992104561141
0.3229911207984841
0.3376629824809369
0.3523176304360282
0.3669558709156671
0.38157688965000663
0.3961785612185998
0.41075768777780863
0.4253101863280479
0.43983123787148853
0.4543154079251942
0.4687567452127088
0.483148863527043
0.49748501046858845
0.5117581258393622
0.5259608918060557
0.5400857764524271
0.5541250719765649
0.5680709285133028
0.5819153843536143
0.5956503931729867
0.609267848757086
0.6227596076167846
0.636117509809107
0.6493333982208286
0.6623991365237506
0.675306625972794
0.688047821186982
0.7006147450287019
0.7129995026760831
0.7251942949670233
0.7371914310794311
0.7489833406013126
0.7605625850347844
0.7719218687705846
0.7830540495631804
0.7939521485311083
0.8046093597030757
0.8150190591261847
0.8251748135499729
0.8350703886969765
0.8446997571287294
0.8540571057140527
0.8631368427050881
0.871933604425341
0.8804422615729514
0.8886579251415888
0.8965759519607769
0.9041919498569265
0.9115017824359545
0.9185015734880989
0.9251877110154519
0.9315568508823571
0.9376059200892449
0.9433321196699128
0.9487329272128701
0.9538060990071899
0.9585496718134958
0.9629619642611388
0.9670415778724704
0.9707873977158011
0.9741985926886076
0.9772746154330703
0.9800152018861045
0.9824203704668713
0.9844904209042976
0.9862259327086198
0.9876277632901136
0.9886970457296861
0.9894351862055426
0.9898438610811487
0.9899250136596506
0.9896808506106848
0.9891138380756874
0.988226697458334
0.987022400907086
0.9855041664973067
0.9836754531207088
0.9815399550904169
0.9791015964702111
0.9763645251370308
0.9733331065861217
0.9700119174886167
0.9664057390117011
0.9625195499119796
0.9583585194128695
0.9539279998772572
0.9492335192871297
0.9442807735418872
0.9390756185877109
0.9336240623904672
0.9279322567649088
0.9220064890732855
0.9158531738066303
0.9094788440623923
0.9028901429320425
0.896093814812767
0.889096696657231
0.8819057091758925
0.874527848006088
0.8669701748625261
0.859239808683821
0.8513439167896754
0.8432897060635096
0.8350844141752087
0.8267353008587789
0.8182496392595284
0.809634707365177
0.800897779535442
0.7920461181441181
0.7830869653477001
0.7740275349940879
0.764875004685074
0.7556365080054057
0.7463191269314465
0.7369298844316674
0.727475737270972
0.7179635690303717
0.7084001833529587
0.6987922974266382
0.6891465357133351
0.6794694239338692
0.6697673833169435
0.6600467251197099
0.650313645427011
0.6405742202350774
0.6308344008250628
0.6211000094308716
0.6113767352049692
0.6016701304850042
0.591985607363565
0.5823284345620953
0.5727037346095166
0.5631164813249039
0.5535714976027287
0.5440734534983461
0.5346268646102984
0.5252360907553528
0.515905334931401
0.5066386425622521
0.49743990101809976
0.48831283940406867
0.47926102860909225
0.4702878816060331
0.4613966539935803
0.4525904447692348
0.44387219732210026
0.43524470063287884
0.4267105906678559
0.41827235195257095
0.40993231931110197
0.4016926797578798
0.39355547453341044
0.3855226012834994
0.377595816395475
0.3697767375208997
0.36206684632540964
0.3544674914970285
0.3469798920035587
0.33960514052479673
0.33234420693031574
0.32519794167137045
0.3181670790152346
0.3112522401344046
0.3044539361206914
0.29777257100317794
0.29120844482330166
0.28476175678653015
0.27843260848498025
0.27222100717324327
0.266126869076351
0.2601500227103618
0.254290212198109
0.24854710056409787
0.2429202729927241
0.23740924003233815
0.23201344072460048
0.22673224563435793
0.22156495974962961
0.21651082521566578
0.21156902386132562
0.20673867947247201
0.2020188597669476
0.19740857803163198
0.19290679439642236
0.18851241674488203
0.18422430129698258
0.18004125294471274
0.17596202546984244
0.17198532181602516
0.16810979461090364
0.16433404712509042
0.160656634804525
0.15707606742181637
0.15359081177535017
0.15019929474956556
0.14689990646663906
0.14369100323325257
0.14057091002243818
0.13753792231546497
0.13459030723529455
0.13172630400200552
0.12894412381197698
0.12624194928035823
0.12361793359536545
0.12107019952412361
0.11859683839395384
0.1161959091576193
0.11386543763985825
0.1116034160554687
0.10940780288472991
0.10727652318719337
0.10520746942774688
0.10319850287733887
0.10124745563415519
0.09935213328982578
0.09751031824053624
0.0957197736166604
0.09397824777936795
0.09228347931025929
0.09063320240260435
0.08902515255081772
0.08745707242863712
0.08592671784555994
0.08443186367421819
0.08297030964753203
0.0815398859324155
0.08013845839574105
0.07876393348786388
0.07741426267942503
0.07608744639881335
0.07478153743134659
0.07349464375755736
0.07222493082705565
0.07097062328592137
0.0697300061980503
0.06850142582264403
0.06728329002868284
0.06607406844080523
0.06487229241867414
0.06367655497249257
0.06248551071294893
0.06129787592486342
0.060112428843197875
0.058928010198299095
0.05774352408553942
0.056557939201527616
0.0553702904729598
0.05417968108140071
0.05298528485405204
0.051786348942702516
0.050582196646759364
0.049372230148284166
0.048155932814233415
0.04693287058030544
0.04570269175688685
0.04446512438246208
0.043219969979247444
0.0419670922156781
0.04070639851030715
0.03943781195311206
0.038161229955998174
0.0368764645684023
0.037499497125899874
0.038452717861655675
0.03924100702069212
0.03986864327531283
0.040340569352449875
0.04066647912390889
0.04086825235646011
0.040993661920708975
0.04113761646391264
0.0414578767915676
0.042142415888774584
0.04331064542572397
0.044948192207683126
0.046951687787544605
0.049207623314922316
0.05163065797507162
0.054165456328492394
0.05677743261191903
0.0594444891812905
0.06215178296606447
0.06488873142853145
0.0676473366122937
0.07042123559096376
0.07320514772947219
0.07599454211696577
0.07878543042251474
0.08157423341132489
0.08435769209451863
0.08713280675549412
0.0898967938903418
0.0926470549672548
0.09538115317207682
0.09809679566514459
0.10079181971097692
0.10346418156986226
0.10611194738160058
0.10873328549776828
0.11132645987259535
0.11388982422963885
0.11642181679779626
0.11892095546601116
0.12138583324740199
0.12381511397494889
0.12620752817452097
0.1285618690788531
0.1308769887586511
0.1331517943545492
0.1353852443961262
0.13757634519091272
0.13972414725685614
0.14182774175599566
0.14388625686504308
0.14589885399139674
0.14786472371280726
0.1497830812885083
0.15165316156252953
0.15347421306094172
0.15524549107726865
0.15696624954747085
0.15863573153918037
0.16025315821796252
0.1618177162037873
0.16332854328768237
0.1647847125359998
0.16618521486022436
0.16752894016767736
0.16881465722806016
0.17004099238894382
0.17120640725037362
0.17230917536581117
0.17334735797786954
0.17431877872784138
0.1752209972037419
0.1760512811204076
0.1768065768636268
0.17748347808930653
0.17807819206188236
0.17858650346780364
0.17900373559318727
0.1793247090926707
0.17954369926137817
0.17965439408141004
0.17964985803379216
0.17952251225229
0.17926415356535824
0.1788660622661979
0.17831931634643902
0.17761562087605584
0.17674960173225437
0.1757263171794406
0.17459715208255108
0.17403884766909042
0.2234181782038062
0.2549709915461186
0.2805997000958824
0.30352446375963127
0.3248359818001409
0.34505383672269097
0.36446939170865783
0.3832626151970897
0.40155189365450994
0.4194185148122362
0.4369199609489865
0.4540976822011619
0.4709819118265695
0.48759479031759323
0.503952470928936
0.5200665847777565
0.5359452884934153
0.551594031265335
0.5670161282025852
0.5822131968639304
0.5971854951303253
0.6119321866380728
0.626451552149043
0.640741159973631
0.6547980049611488
0.6686186230621834
0.6821991866894458
0.695535584824291
0.7086234908834682
0.7214584206724458
0.7340357822369524
0.7463509190366481
0.7583991475683461
0.7701757903388647
0.7816762049103811
0.7928958096034161
0.803830106332838
0.8144747009663784
0.8248253215258546
0.8348778344958393
0.8446282594600142
0.8540727822491134
0.863207766755262
0.8720297655433144
0.8805355293700803
0.8887220157064676
0.8965863963434166
0.9041260641518525
0.9113386390566542
0.9182219732770034
0.9247741558782527
0.9309935166748515
0.9368786295186741
0.942428315003251
0.9476416426107626
0.9525179323259583
0.9570567557388691
0.9612579366561931
0.9651215512398545
0.9686479276899387
0.9718376454882173
0.9746915342176582
0.9772106719727627
0.9793963833748562
0.9812502372062646
0.9827740436768682
0.9839698513361543
0.9848399436439097
0.9853868352123876
0.9856132677327034
0.985522205598158
0.9851168312371086
0.9844005401680564
0.9833769357895408
0.9820498239176487
0.9804232070838843
0.9785012786062881
0.9762884164471768
0.9737891768706592
0.971008287913813
0.9679506426855491
0.9646212925075176
0.9610254399121219
0.9571684315125024
0.9530557507602542
0.9486930106061382
0.9440859460795723
0.939240406801683
0.9341623494468733
0.9288578301664816
0.9233329969877976
0.9175940822003936
0.9116473947416243
0.9054993125923552
0.8991562751943141
0.8926247759003297
0.8859113544692528
0.8790225896172914
0.8719650916373377
0.864745495097331
0.8573704516278623
0.8498466228076845
0.8421806731551273
0.8343792632318463
0.8264490428650847
0.8183966444935898
0.8102286766428527
0.8019517175349169
0.793572308838439
0.7850969495646276
0.7765320901149588
0.7678841264862539
0.7591593946388182
0.7503641650333636
0.7415046373425587
0.7325869353437398
0.723617101999826
0.7146010947368012
0.7055447809265913
0.6964539335851877
0.6873342272958202
0.6781912343663158
0.6690304212286642
0.6598571450865903
0.6506766508144979
0.6414940681082084
0.6323144088852971
0.623142564930291
0.6139833057779439
0.6048412768267045
0.5957209976734846
0.586626860660974
0.5775631296288518
0.5685339388615339
0.559543292225393
0.5505950624905576
0.5416929908327903
0.5328406865127704
0.5240416267309607
0.5152991566571711
0.5066164896346799
0.49799670755934927
0.48944276143412674
0.48095747209978257
0.47254353114188935
0.46420350197429083
0.4559398210977905
0.4477547995326559
0.43965062442161507
0.43162936079929454
0.4236929535218539
0.4158432293493533
0.4080818991712075
0.4004105603634421
0.3928306992645819
0.3853436937554094
0.37795081592666696
0.37065323481772544
0.36345201920889536
0.3563481404503707
0.34934247531161544
0.3424358088363127
0.3356288371905565
0.3289221704940892
0.32231633562785406
0.3158117790139632
0.3094088693673404
0.30310790042113056
0.2969090936296172
0.2908126008536952
0.2848185070333056
0.27892683284939307
0.27313753737389274
0.2674505207000911
0.2618656265372961
0.2563826447428647
0.2510013137515447
0.245721322847482
0.24054231420833766
0.23546388463553164
0.23048558687055135
0.2256069303873229
0.22082738154585135
0.21614636299603915
0.21156325223438097
0.20707737924226077
0.20268802317424656
0.19839440811862058
0.19419569801998973
0.190090990933467
0.18607931286819332
0.18215961157001562
0.17833075068235726
0.17459150480192487
0.17094055600241334
0.16737649242399452
0.16389780950861274
0.1605029143927694
0.15719013384514183
0.15395772595693982
0.1508038955658879
0.14772681313514024
0.14472463653868423
0.14179553495097716
0.13893771382813475
0.1361494398240756
0.13342906442311228
0.13077504509524965
0.128185962885386
0.12566053551691744
0.12319762530279707
0.12079624139043078
0.11845553610205743
0.11617479535682394
0.11395342336879496
0.11179092200725961
0.10968686538642541
0.10764087042573205
0.10565256429262022
0.10372154980406292
0.10184737001335889
0.10002947332993141
0.09826718059343643
0.09655965552932042
0.09490587993450349
0.09330463476932715
0.09175448806749166
0.09025379023328604
0.08880067690199586
0.08739307912970105
0.08602874029155803
0.08470523873852956
0.08342001501886996
0.08217040232746199
0.08095365880539053
0.07976700036343941
0.07860763282812082
0.07747278238315825
0.07635972347957534
0.07526580359186287
0.07418846438952376
0.07312525906173752
0.07344309793615646
0.07401949500017643
0.07454402048267528
0.07500744092795567
0.07540182551373704
0.07572029853649523
0.075956819365139
0.07610599706630437
0.07616294099709625
0.07612314630782514
0.07598241324635442
0.07573680063782252
0.07538261655583434
0.07491645289717665
0.07433527532381906
0.07363658572231432
0.07281868029374519
0.07188103067912184
0.07082481367562532
0.06965359860307282
0.06837415722963316
0.06699727627102721
0.06553832947205186
0.06401725277809968
0.06245757401451652
0.06088440085748664
0.060003846485624956
0.06090460738362017
0.061790424634279056
0.06265175369016758
0.06348040313334469
0.06426946775941794
0.06501308989688562
0.06570616255025617
0.06634405789445062
0.06692243131309711
0.06770340601136277
0.06980203528631969
0.0720550676934428
0.07448034992350593
0.07706907764048156
0.07978282768379907
0.08256946870421694
0.08538381517049316
0.08819777912605867
0.09100023077298454
0.09379301059224514
0.0965868021179899
0.09939765730134653
0.10224398448736996
0.10514385638980325
0.10811276761288752
0.11120266094614725
0.11442517481615053
0.11773383409496
0.12112401924911327
0.1245889237352184
0.12812045188538185
0.13170990157342025
0.13534844408196595
0.13902743825241423
0.1427386192828445
0.1464741972359664
0.15022689306491105
0.15398993332891775
0.157757019379846
0.161522282577774
0.1652802338054527
0.1690257129854972
0.1727538423060569
0.17645998532442855
0.18013971296888678
0.1837887766398531
0.18740308807210376
0.19097870531159017
0.19451182403389727
0.19799877343702277
0.2014360160320507
0.20482015078967403
0.2081479192443181
0.21141621428455082
0.2146220914510722
0.2177627826089517
0.22083571185289735
0.2238385134372597
0.22676905139360348
0.22962544030382198
0.23240606643339523
0.2351096080946729
0.23773505370427528
0.24028171552688762
0.24274923657274275
0.2451375875645006
0.2474470503541767
0.24967818371793277
0.2518317671783805
0.2539087185165423
0.2559099810765559
0.2578841359640605
0.2597952353766713
0.26163635580652067
0.2634075420640492
0.26510805160269674
0.2667361281002425
0.2682887815619929
0.26976158942711975
0.2711485326345866
0.2724418769037309
0.27363210084557277
0.2747078556493184
0.275655909113505
0.27646096493683103
0.27710512459014713
0.2775665040378775
0.27781596993246943
0.2778097009761359
0.27747200266767774
0.27665234932941785
0.27499549193976885
0.27133894068705766
0.28507844036950775
0.34049776898537215
0.3743510919155384
0.40223400463257886
0.42703859834005464
0.44988067240569546
0.47132286955204633
0.4916919761070124
0.5111952380196458
0.5299721572820455
0.5481207059278781
0.5657118647466874
0.5827982638596526
0.5994196041663786
0.6156062112719444
0.6313814510152151
0.6467634219816663
0.6617661726432443
0.6764005965482057
0.6906751037977046
0.704596133534226
0.7181685511690158
0.731395960550551
0.7442809523487931
0.7568253039090217
0.7690301416868647
0.7808960744779296
0.7924233035934592
0.8036117146466671
0.8144609545271135
0.8249704963359707
0.8351396944528047
0.8449678314489856
0.8544541582141432
0.8635979283933276
0.8723984280226625
0.8808550010863444
0.8889670715873239
0.8967341626193309
0.9041559128439068
0.9112320907082195
0.9179626066841629
0.9243475237636026
0.9303870664081588
0.9360816281205666
0.9414317777802035
0.9464382648638112
0.9511020236556503
0.9554241765369975
0.9594060364328868
0.9630491084843553
0.9663550910065999
0.9693258757862532
0.9719635477660846
0.9742703841603026
0.9762488530402437
0.977901611426953
0.9792315029244184
0.9802415549253701
0.9809349754193328
0.9813151494314433
0.9813856351188955
0.9811501595506618
0.9806126141953967
0.9797770501407277
0.9786476730667553
0.9772288379951473
0.9755250438343295
0.9735409277404762
0.9712812593127916
0.9687509346407794
0.9659549702204226
0.9628984967552456
0.9595867528576094
0.9560250786648803
0.9522189093846425
0.9481737687826153
0.943895262626294
0.9393890720976571
0.9346609471873336
0.929716700083208
0.9245621985661783
0.919203359426202
0.9136461419123325
0.9078965412312833
0.9019605821102222
0.8958443124411319
0.889553797025865
0.883095111443791
0.8764743360658234
0.8696975502417488
0.8627708266898249
0.8557002261189613
0.8484917921139699
0.8411515463117379
0.8336854838912394
0.8260995693905941
0.8183997328512499
0.8105918662714221
0.8026818203300525
0.7946754013202666
0.7865783682108624
0.778396429739757
0.7701352414384451
0.7618004024958155
0.7533974523934028
0.7449318672827944
0.7364090561245049
0.7278343566583729
0.7192130313215913
0.7105502632613605
0.701851152601249
0.693120713110029
0.6843638693923443
0.6755854546764215
0.6667902092235185
0.6579827793327517
0.6491677168705662
0.6403494792191059
0.6315324295142699
0.6227208370326919
0.6139188775853082
0.6051306337828892
0.5963600950543417
0.5876111573194438
0.5788876222444801
0.5701931960392216
0.5615314877878148
0.5529060073423491
0.5443201628455994
0.5357772579874365
0.5272804891355132
0.518832942513361
0.5104375916250192
0.5020972951425238
0.49381479547760243
0.485592718250646
0.4774335728456104
0.4693397541998677
0.4613135459233311
0.45335712477457085
0.4454725664474328
0.43766185254439577
0.42992687853983674
0.4222694624727831
0.41469135406009633
0.4071942438918631
0.3997797723631372
0.39244953800958965
0.38520510494838495
0.3780480091749027
0.3709797635262158
0.36400186118829436
0.3571157776894043
0.3503229713832588
0.3436248824765782
0.33702293069638417
0.33051851171917396
0.32411299249864967
0.31780770563148214
0.3116039428933631
0.30550294806351047
0.2995059091365634
0.2936139499997436
0.2878281216320814
0.2821493928634847
0.276578640716252
0.271116640340301
0.2657640545480899
0.2605214229544231
0.25538915073107077
0.2503674969956403
0.2454565628676732
0.24065627924237015
0.2359663943523383
0.23138646121055606
0.22691582505226474
0.22255361091967166
0.21829871156121164
0.21414977584623338
0.21010519792661025
0.2061631074086584
0.20232136083135596
0.19857753477947498
0.19492892099111175
0.19137252384631995
0.18790506064392032
0.1845229650837119
0.18122239436712692
0.17799924030702255
0.17484914479288288
0.17176751988885597
0.1687495727471653
0.16579033539943727
0.1628846993459637
0.16002745470326799
0.15721333350062655
0.15443705654568932
0.15169338311817762
0.14897716260947066
0.14628338711477284
0.14360724391229399
0.14094416673709684
0.13828988478009832
0.13564046841608532
0.1329923707868174
0.1303424645315195
0.12768807316027916
0.12502699679725277
0.12235753226998614
0.11967848777813109
0.1169891926280924
0.11428950275918247
0.11157980299916528
0.10886100715969269
0.1061345571970489
0.10340242269660549
0.10066710185470673
0.09793162487775585
0.09519956022251835
0.09247502326866293
0.08976268573106623
0.08706778227732893
0.08439610836442
0.08175400035477107
0.07914828593906442
0.07658619070869829
0.07632202991848061
0.0760095884178709
0.07564735694366909
0.07523472715153402
0.07477180433770643
0.0742592000050212
0.07369778559904153
0.0730884217468331
0.07243168571039277
0.07172763061311645
0.07097562223153553
0.07017431229864493
0.06932182386618528
0.06841625345743686
0.06745665548450677
0.0664447912839637
0.06538808799324641
0.06430424112886826
0.06322678318992637
0.06220684700359329
0.06130101692570195
0.06054413948026316
0.05993257097170952
0.059436551296776725
0.05902196928276496
0.058661532188550795
0.05833623963008694
0.05803349443420794
0.05774501038596941
0.05746527386550507
0.057190523227914944
0.056918076784015115
0.05664587070570891
0.05759880927847261
0.05883716909919286
0.060102778794362405
0.061367398951365316
0.06261425645008999
0.06383622307457894
0.0650336477048046
0.06621248324911834
0.06738276414159035
0.06855722293652991
0.06974978440301811
0.07097385686526342
0.07224079087587207
0.07355938430196614
0.0749373406240414
0.07638481086723047
0.07791903459803994
0.07956832066839287
0.08137313943795971
0.08338177603645186
0.08563909395450221
0.08817153342717637
0.09097721213025019
0.09402855161026408
0.09728476736389788
0.10070489688547413
0.10425533529362156
0.10791187964008928
0.11165875923955891
0.11548669362140074
0.11939097927126736
0.12336992518570361
0.12742366089378926
0.1315532521443188
0.13576005324834378
0.14004524174841224
0.1444094983424349
0.14885280658744135
0.1533743526778275
0.15797250732215629
0.16264487154312574
0.16738836783803085
0.17219935864708713
0.17707377587635728
0.18200724814710556
0.18699521601214783
0.19203302903149788
0.1971160218687859
0.20223956917472136
0.207399120866009
0.21259022053264015
0.21780851023923373
0.22309708583242197
0.22847474313738683
0.2338674699534267
0.2392703181347024
0.24467841063644125
0.2500869318812792
0.2554911180634398
0.26088624812752337
0.2662676358975933
0.2716306236083053
0.2769705769040986
0.2822828812246955
0.28756293938251537
0.292806170054869
0.298008006853842
0.30316389759067774
0.30826930330924784
0.3133196966150774
0.31831055876131864
0.3232373748625929
0.32809562648021434
0.33288078065021204
0.33758827419586224
0.342213491870087
0.3467517364935917
0.3511981887782896
0.3555478539309842
0.35979549139642
0.36393552319020267
0.36796191515093646
0.37186802404993
0.3756464017525389
0.37928854539647794
0.38278457963364243
0.38612285304872923
0.38928942542730294
0.3922674149071225
0.39503616336957276
0.39757016407562196
0.39983767825446537
0.4017989526327003
0.4034039574533
0.4045896532291317
0.40527712539041716
0.40536990448454385
0.40489722407673046
0.40365458428063616
0.4122002429496586
0.43161137529783017
0.4528393757938579
0.4751382167730888
0.4976478550819053
0.519739072583062
0.5410899505317498
0.5615915362017103
0.5812435023473931
0.600089968070168
0.6181879800120893
0.6355939480304956
0.6523586036062972
0.6685256984176988
0.6841322253038715
0.699209178469764
0.7137824342693824
0.7278735859220856
0.7415006757590219
0.75467881516829
0.7674207006195135
0.7797370399446653
0.7916369036285215
0.8031280144428112
0.8142169867589735
0.8249095248863427
0.835210588024215
0.8451245279418895
0.8546552043008674
0.8638060815688029
0.8725803107068553
0.8809807982023485
0.8890102645347345
0.8966712937774035
0.9039663757314862
0.9108979417415545
0.9174683951453422
0.9236801371497371
0.9295355887947762
0.9350372095610556
0.9401875130887045
0.9449890804033163
0.949444570984797
0.9535567319649435
0.9573284056982797
0.9607625359152697
0.9638621726385399
0.9666304760171294
0.9690707192138253
0.9711862904622623
0.9729806943956364
0.974457552736135
0.9756206044225717
0.9764737052446315
0.9770208270434321
0.9772660565307114
0.9772135937725456
0.9768677503776806
0.9762329474251309
0.9753137131610333
0.9741146804903277
0.9726405842844962
0.9708962585232043
0.9688866332836215
0.9666167315879988
0.9640916661168722
0.9613166357922268
0.9582969222319805
0.9550378860749094
0.9515449631722632
0.9478236606407102
0.9438795527692966
0.9397182767716408
0.9353455283736238
0.9307670572265175
0.9259886621348618
0.9210161860893219
0.9158555110955983
0.9105125527916875
0.9049932548482041
0.8993035831491248
0.8934495197532586
0.8874370566408334
0.8812721892536127
0.8749609098416904
0.8685092006351469
0.8619230268636661
0.8552083296528179
0.8483710188301936
0.8414169656796711
0.8343519956858144
0.8271818813134284
0.8199123348694585
0.8125490014946826
0.8050974523316863
0.7975631779128446
0.7899515818080736
0.7822679745661403
0.7745175679773755
0.766705469678465
0.7588366781144726
0.7509160778679531
0.7429484353629665
0.734938394951859
0.7268904753959303
0.7188090667573177
0.7106984277271213
0.7025626834229564
0.6944058236959346
0.6862317019902973
0.6780440347975251
0.6698464017389035
0.6616422462974589
0.65343487720206
0.6452274704456726
0.6370230718991531
0.6288246004634291
0.6206348516894403
0.6124565017865738
0.6042921119388366
0.5961441328502425
0.588014909447772
0.5799066856785521
0.5718216093469896
0.563761736946227
0.5557290384457051
0.5477254020036421
0.5397526385795198
0.5318124864282141
0.5239066154645571
0.5160366314951441
0.5082040803226856
0.5004104517369021
0.4926571834146058
0.4849456647583797
0.4772772407090168
0.4696532155699361
0.4620748568828956
0.4545433993934107
0.44706004914139186
0.4396259877090236
0.43224237665378695
0.42491036215000133
0.41763107985843917
0.41040566003981727
0.40323523292383534
0.39612093434142887
0.3890639116225073
0.38206532975420193
0.3751263777852335
0.36824827544890326
0.36143227996019706
0.3546796929207609
0.34799186723838466
0.3413702139345224
0.3348162086746741
0.32833139781125503
0.32191740367826366
0.31557592882190344
0.3093087587930523
0.30311776306884824
0.2970048936145668
0.2909721805485968
0.2850217243384942
0.27915568394322193
0.2733762603343114
0.2676856748887196
0.2620861422590995
0.25657983750403673
0.2511688575092024
0.2458551770524927
0.24064060025494244
0.2355267085964286
0.2305148071276542
0.22560587093190382
0.22080049422470274
0.21609884466780135
0.21150062546392417
0.20700504755919488
0.20261081380989335
0.19831611630413565
0.1941186472372185
0.1900156229153162
0.1860038197090872
0.18207962019136273
0.17823906734406395
0.17447792465614143
0.1707917401806239
0.16717591319357328
0.16362576303432771
0.1601366010872991
0.15670380885900057
0.1533229280179123
0.1499897726111778
0.14670058022976482
0.14345222868850294
0.14024255871784916
0.13707086046910638
0.13393859520084778
0.13085040811592236
0.12781537896911352
0.12484813711915513
0.12196887087219349
0.11920077646383576
0.11656435568217287
0.1140708825760813
0.11171945870261328
0.10949952480494818
0.10739618188297642
0.10539473846457054
0.10348308128579647
0.10165228371748718
0.09989628790602656
0.09821125358925652
0.09659487211161306
0.09504576556272586
0.09356300724752104
0.0921457653375285
0.09079305799213924
0.08950360272483067
0.08827574089228148
0.08710741856954647
0.08599620703514657
0.08493934886997506
0.08393381858439496
0.0829763893246678
0.082063699478936
0.08119231497673768
0.08035878482762956
0.0795596889650258
0.07879167867112301
0.07805151067010682
0.07733607635016751
0.07664242754623023
0.07596779998616703
0.07541120581331287
0.0751999669159349
0.07496426714843037
0.07469642355506885
0.07439119036319633
0.07404536973898329
0.07365738196517094
0.0732268738497784
0.07275439394055265
0.07224114145672658
0.07168879576291592
0.07109945163259841
0.07047572850444714
0.06982120858471788
0.0691415195444085
0.06844659525259078
0.06775450888851475
0.06709495866579894
0.06650387933069174
0.06600132131810185
0.06557252730325146
0.06517790834525537
0.06538268822586844
0.06595365537067796
0.06652416475199649
0.06708067827999165
0.06761268376867842
0.06811217827609795
0.06857307511301357
0.06899065833292728
0.0693611105042081
0.07110526389415545
0.07357120444217435
0.07608723410573295
0.07863847104704193
0.08121239624574692
0.08379825667155145
0.08638691940505394
0.0889708534291331
0.09154410845100472
0.09410226393242928
0.0966423624230854
0.0991628491966394
0.10166353532968243
0.10414559396806056
0.1067601208995288
0.10948508011870381
0.11223554959201094
0.11502542775625445
0.11787015124892528
0.12078638838313349
0.12379145789557483
0.12690246720705503
0.13013524871952603
0.1335032722408772
0.13701677456519373
0.14068231981698795
0.14450287847600313
0.14847834805445392
0.1526063210168332
0.1568828843705244
0.1613032942474164
0.1658624559393487
0.17055521125082623
0.1753764738378465
0.18032126369091012
0.18538468590934676
0.19056188674434155
0.1958480076770669
0.20123814860317252
0.20672734449616453
0.21231055579524477
0.21798267053777848
0.22373851530604724
0.2295728718941761
0.23548049687549033
0.24145614173225027
0.24749457175490575
0.25359058244315086
0.2597390126046216
0.26593475373115183
0.2721727555355855
0.27844802775895233
0.28475563851717234
0.29109070955750793
0.29744840884698537
0.30382394092675497
0.3102125354459678
0.31660943424444626
0.32300987729235836
0.32940908772405897
0.3358022561281695
0.34218452417980716
0.3485509676274379
0.35489657857503115
0.36124844242162374
0.3679913812591186
0.3746804725322015
0.38130936299687923
0.38787158767404606
0.3943605364447266
0.4007694184485975
0.40709122308479606
0.4133186761543487
0.4194441893518628
0.42545980088118535
0.4313571043930147
0.4371271626582169
0.44276040130242345
0.44824647638500226
0.45357410737004666
0.4587308637237829
0.4637028883417476
0.4684745331718207
0.47302786984790585
0.4773420174210653
0.481392193847343
0.4851483349182945
0.4885730071831544
0.49161811156877866
0.49421939360936595
0.49628668853079555
0.4976851142880352
0.49819472032163814
0.49741004321007976
0.49442718266373525
0.4864256566341897
0.49603555597548366
0.5481405239511409
0.5817899461982565
0.6086394785959036
0.6318447220275266
0.6526888848553
0.6718266535041155
0.6896396260453331
0.7063705237522118
0.7221835493889136
0.7371949977603479
0.75149020802441
0.7651336065298978
0.7781749822306708
0.7906535813040281
0.8026008761326493
0.8140424949257524
0.8249996011790439
0.8354899016564576
0.8455283969825076
0.855127949808795
0.8642997210681818
0.8730535091265696
0.8813980163061087
0.8893410603015178
0.8968897432420488
0.9040505878214788
0.9108296475552491
0.9172325965222179
0.9232648027053879
0.9289313881276501
0.934237278291007
0.9391872429076643
0.9437859295135521
0.9480378912477876
0.9519476098413759
0.9555195146696802
0.9587579985724672
0.9616674310244216
0.9642521691408841
0.9665165669230341
0.9684649830800917
0.9701017877109369
0.9714313680804116
0.9724581336863308
0.9731865207790277
0.9736209964663343
0.9737660625118888
0.9736262589121684
0.9732061673192904
0.9725104143592279
0.9715436748809056
0.9703106751581754
0.9688161960560386
0.967065076161639
0.9650622148726935
0.9628125754275197
0.9603211878547325
0.9575931518146359
0.9546336392993193
0.9514478971540403
0.9480412493789121
0.944419099167019
0.9405869306317861
0.9365503101749642
0.9323148874447286
0.9278863958318421
0.9232706524511083
0.9184735575549612
0.9135010933255313
0.9083593219921922
0.90305438322215
0.8975924907325794
0.8919799280748898
0.8862230435437332
0.8803282441662115
0.8743019887304602
0.8681507798172676
0.861881154803228
0.8554996758109372
0.8490129185884823
0.8424274603095727
0.8357498662953824
0.8289866756710095
0.8221443859825911
0.8152294368158571
0.808248192474552
0.8012069237954611
0.7941117891986832
0.7869688150945072
0.7797838757943165
0.7725626731000917
0.7653107157759226
0.758033299135367
0.7507354850086219
0.7434220823831376
0.7360976290387594
0.7287663745224068
0.7214322648247166
0.7140989291318047
0.7067696690237333
0.6994474504790207
0.6921348990150081
0.6848342982499483
0.6775475921089632
0.6702763908169249
0.6630219807252893
0.6557853379125587
0.6485671453826731
0.6413678135704585
0.6341875037535072
0.6270261538753711
0.6198835062104774
0.6127591362545733
0.6056524822064208
0.5985628744192356
0.5914895642398021
0.584431751715799
0.5773886117293205
0.5703593182008126
0.5633430660947447
0.556339091041277
0.5493466864624725
0.542365218155666
0.5353941363402596
0.5284329852181355
0.5214814101350463
0.5145391624617008
0.5076061023419263
0.5006821994818782
0.4937675321800108
0.4868622848220861
0.47996674408773793
0.4730812941340752
0.4662064110346166
0.45934265675694846
0.4524906729577919
0.44565117485745637
0.43882494542775713
0.4320128300878315
0.42521573205421365
0.4184346084376506
0.41167046712448574
0.4049243644295891
0.3981974034654184
0.39149073314117006
0.3848055476895965
0.3781430866168022
0.37150463498110964
0.36489152392827495
0.3583051314383759
0.35174688327157155
0.3452182541317978
0.3387207690982351
0.33225600540104006
0.3258255946414475
0.319431225575599
0.3130746475971698
0.3067576750658805
0.3004821926368442
0.29425016174764135
0.2880636284129466
0.28192473245561134
0.27583571826040776
0.26979894706157503
0.2638169106544174
0.25789224623639345
0.25202775181578907
0.246226401256765
0.24049135754595696
0.2348259822703223
0.2292338386226081
0.22371868458119304
0.21828445239664443
0.21293521038761465
0.20767510359803698
0.20250827139789038
0.19743874281148538
0.1924703141519389
0.18760641793035293
0.1828499960409669
0.17820339267689683
0.1736682822238684
0.16924564408126871
0.16493579051827767
0.16073844672537732
0.1566528759804328
0.15267803881349076
0.14881277393296585
0.14505599033770106
0.14140686388680906
0.13786503714826306
0.13443082884575933
0.1311054702601068
0.12789140419225614
0.12479271445173001
0.12181581202087756
0.11958613829407501
0.11754046492180885
0.11544864582609396
0.11331425658767955
0.11114330174317946
0.10894546989887004
0.10673601601605945
0.1051813088687149
0.10428777615877963
0.10350509400269697
0.10278051048330708
0.10208386162047296
0.10139757273664135
0.10071065458330795
0.1000156318313085
0.09930701477378064
0.0985805167493259
0.09783262610038597
0.09706034772095246
0.0962610266813348
0.09543221194804401
0.09457153973498136
0.09367662650898602
0.09274496722492885
0.09177383803911648
0.09076020641526814
0.08970065692946726
0.08859135066173808
0.08742805406605073
0.08620630702160059
0.08492186102447641
0.08357162024976351
0.08215545502308061
0.08067933443856407
0.08011829415661677
0.07988883014226036
0.07976198443691952
0.07975349663478817
0.07986947398226696
0.08009741982722612
0.08040246095743919
0.0807355510618318
0.08104911704094628
0.08130824906337565
0.08149276166368864
0.08159390963721364
0.08161022904687053
0.08154438735126718
0.08140122093303834
0.08118662642183586
0.0809069703270515
0.08056878942756648
0.08017864729485966
0.07974307232940932
0.07926853777232637
0.0787614638465736
0.0782282329327306
0.07767521420246529
0.07710879639316069
0.07653542739094649
0.07596165740418889
0.07539417879232152
0.07483984985105754
0.07430568178571864
0.07391762199584397
0.0741518774799302
0.07604084113855607
0.07994781303957263
0.08371623644711881
0.08738466074416235
0.09097591619192216
0.09450430287848866
0.09797934902978833
0.10140782324872379
0.1047948733673194
0.10814471310386473
0.11146106600877945
0.1147474759864294
0.11800754422716564
0.12124512667199838
0.1244645118690984
0.1276705903923559
0.13086902089359204
0.13406639273016777
0.1372703800333276
0.1404898766088547
0.14373509518888405
0.14701760885130297
0.15035030819401995
0.15374724718741112
0.15722335611822907
0.16079401388400394
0.16447449440677442
0.16827932989806188
0.17222165982087323
0.17631264901125565
0.18056105375508907
0.18497298941450602
0.18955191459127896
0.19429880739690186
0.1992124811239011
0.20428997551511702
0.20952696468609427
0.21491813757564465
0.22045752464446672
0.22613876030434515
0.23195528183233116
0.2379004720756442
0.24396775603410964
0.2501506616980742
0.25644285444825465
0.26283815269073113
0.2693305306887143
0.27591411301047214
0.28258316373534687
0.2893320725607453
0.296155339206424
0.3030475569787377
0.3100033959951054
0.3170175863405467
0.324084901300004
0.3312001407541124
0.3383581148173882
0.3455536278158996
0.35278146272991756
0.3600363662531804
0.36731303463633513
0.3746061004838552
0.3819101206618045
0.38921956545048436
0.39652880904755744
0.4038321214990877
0.4111236621157404
0.4183974744244227
0.4256474827190172
0.4328674903122131
0.4400511796603873
0.4471921146428475
0.45428374543545863
0.46131941664315956
0.46856793474340086
0.47578521585078093
0.48292326081857084
0.48997165208760013
0.49691942522754806
0.5037550036759627
0.5104661163863695
0.5170396947214235
0.5234617446533875
0.5297171908065496
0.5357896913222465
0.5416614298532607
0.5473129101483498
0.5527228267309121
0.5578682054091272
0.5627253142191784
0.5672726542758955
0.5717916813957017
0.5770169688227486
0.5822028558115871
0.5872921304581786
0.5920476363253787
0.6015048460184327
0.6498823167501034
0.6760115032392422
0.6973654192320449
0.7161375977308179
0.7331765143359673
0.7489147119081151
0.7636069041011831
0.7774173035742076
0.790458640808156
0.8028119933455513
0.8145378299636594
0.8256826005759038
0.8362828855898872
0.8463681237332826
0.8559624697636485
0.8650860971958346
0.873756134517868
0.8819873520336581
0.8897926745853195
0.8971835699118
0.9041703463914712
0.9107623835831248
0.9169683121488004
0.9227961551264445
0.9282534393415063
0.9333472835185367
0.9380844680658268
0.9424714903587165
0.9465146085041852
0.9502198759432938
0.9535931687743882
0.9566402073188839
0.9593665731693403
0.9617777227378097
0.9638789981444366
0.9656756361404816
0.9671727756397303
0.968375464330616
0.9692886647545671
0.9699172601613489
0.9702660603868511
0.9703398079415294
0.9701431844476345
0.9696808175189277
0.9689572881385712
0.9679771385563694
0.9667448806988415
0.965265005059959
0.963541990020679
0.9615803115277841
0.9593844530499691
0.9569589157181706
0.9543082285497035
0.9514369586508202
0.9483497212894884
0.9450511897284211
0.9415461047095844
0.9378392834821773
0.9339356282691702
0.9298401340704043
0.9255578957037525
0.9210941139902301
0.9164541009923021
0.9116432842195134
0.9066672097187731
0.9015315439713608
0.8962420745215794
0.8908047092671586
0.8852254743441201
0.8795105105441621
0.8736660682063123
0.8676985005306561
0.8616142552674749
0.8554198647426309
0.8491219341888548
0.8427271283626668
0.8362421564394179
0.8296737551934258
0.823028670487602
0.8163136371171738
0.8095353570749277
0.8027004763323274
0.795815560259817
0.7888870678429211
0.7819213248862276
0.7749244964362372
0.7679025586946093
0.7608612707356383
0.7538061463846021
0.7467424266551689
0.739675053183528
0.732608643131415
0.725547466058314
0.7184954232813137
0.7114560302477447
0.7044324024372128
0.6974272452832159
0.6904428485593042
0.6834810856065495
0.6765434176898837
0.6696309036587285
0.6627442149552367
0.6558836558643505
0.6490491887395705
0.6422404637730784
0.6354568527183093
0.6286974858275649
0.621961291147385
0.6152470352311171
0.6085533642913566
0.6018788448293685
0.5952220028475409
0.5885813608694411
0.5819554721502808
0.5753429516443391
0.5687425034862099
0.5621529449205273
0.5555732267638485
0.5490024505909366
0.5424398829007979
0.5358849665378203
0.5293373296292379
0.5227967922621871
0.5162633710770081
0.5097372819078437
0.5032189405665215
0.496708961845801
0.49020815681296254
0.48371752847332566
0.47723826590044593
0.4707717369492787
0.46431947968703763
0.4578831926870676
0.45146472433180335
0.44506606125988696
0.43868931606961514
0.4323367143581495
0.4260105811368648
0.419713326622419
0.41344743136620565
0.4072154306571281
0.40101989811927197
0.39486342843088107
0.3887486191154872
0.3826780514010463
0.3766542702047239
0.370679763376565
0.3647569404180894
0.3588881109748926
0.35307546347899266
0.3473210443796225
0.3416267384444123
0.33599425063231825
0.3304250900319825
0.3249205563241006
0.3194817291645438
0.3141094608004511
0.3088043721284469
0.30356685228971303
0.29839706177728725
0.29329493891485914
0.28826020945986386
0.28329239899349046
0.2783908476903482
0.273554727014443
0.268783057866189
0.2640747297071126
0.25942852021208934
0.2548431150400303
0.2503171273685993
0.245849116902797
0.24143760813597698
0.23708110771222068
0.2327781208069216
0.22852716650634383
0.22432679222484636
0.2201755872502029
0.21607219555304952
0.21201532803700587
0.20800377444270526
0.20403641515415438
0.20011223319081564
0.19623032670568938
0.19238992234975158
0.18859038990517893
0.18483125863257088
0.18111223581395267
0.17743322799318434
0.17379436540006873
0.17019602996579755
0.16663888715464456
0.16312392149548555
0.15965247512871097
0.1562262878169834
0.1528475356430174
0.14951886402709458
0.14624340884207324
0.143024797565917
0.13986712110889485
0.1367748669265542
0.13375280608561793
0.13080583160979461
0.12793875246886469
0.12515605568805177
0.12246165605199233
0.1198586565243105
0.11828486426217576
0.11700621711269392
0.11569015507474534
0.11433376283381377
0.11293406212855162
0.11148799009083576
0.10999236423352414
0.1087520725375155
0.10839391185668061
0.10796513915353001
0.10746887106142172
0.10690838956334449
0.10628708628737187
0.10560843417317944
0.10487598202159977
0.10409336976533327
0.10326436434909324
0.10239291794277247
0.10148325179866907
0.1005399701552918
0.09956820850531707
0.098573817796404
0.09756357787076993
0.0965454149263743
0.0955285627457048
0.09452355188148041
0.09354184442575689
0.09259489747497864
0.09169252374780847
0.0908407062607982
0.09003945009755125
0.08928150385876195
0.08950983270230135
0.08982609107391784
0.09005487657548641
0.0902094517718342
0.09030383704099729
0.09035095073931944
0.09036185725075573
0.09034554380871518
0.09030900391254545
0.09025750215839115
0.09019492263267315
0.09012412404942002
0.09004725064247213
0.08996597268781786
0.08988164846726232
0.0897954089268593
0.08970816887472384
0.08962056690307346
0.08953283247105724
0.0894445739800406
0.0893544764228881
0.08925989043155332
0.08915628431858386
0.08903651449737507
0.08888984758030877
0.08870065492020296
0.08844677408522683
0.08809798196803507
0.08761674559551047
0.08945488068109805
0.09372608450560185
0.09802272475898074
0.10224932132634684
0.10631745174226964
0.11019358642443197
0.11388352471630643
0.11740837116658663
0.1207924149615517
0.12405909738587026
0.12723025632262044
0.13032640474344243
0.1333672110951678
0.13637189826028556
0.1393594700076931
0.14234874244254742
0.14535819088619112
0.14840564962748184
0.1515079286427244
0.154680431888022
0.15793686658209227
0.16128911591212225
0.16474731142512417
0.16832009740788292
0.17201504229585676
0.17583913166805754
0.1797992752643201
0.18390277109429376
0.18839154503701988
0.19493827071995834
0.20159142245669168
0.2083481106165178
0.21520532598425307
0.22215997100141177
0.22920889520273535
0.23634893039060106
0.24357692277996554
0.25088976045485656
0.2582843952226269
0.26575785845718236
0.27330727086201323
0.28092984630890117
0.28862289005375585
0.29638379172509066
0.30421001354287935
0.31209907426991723
0.3200485294342229
0.3280559483933738
0.336118888842257
0.3442348693921474
0.3524013408696555
0.3606156569943823
0.3688750450910589
0.3771765774728666
0.3855171440954066
0.3938934270259453
0.4023018772006093
0.41073869385573086
0.41919980692215403
0.4276808625662653
0.4361772119530296
0.44468390319798445
0.45319567636917507
0.461706961298762
0.47021187786660235
0.47877444453690376
0.4883896499970846
0.4979692930325763
0.50750551771726
0.5169906516769784
0.5264172227767833
0.5357779853038532
0.5450659577062645
0.554274474928852
0.5633972598684583
0.5724285207553225
0.5813630848889721
0.5901965850670817
0.5989257250171568
0.6075486675885852
0.6160656212673732
0.6244797612855252
0.6327987437279154
0.6410373320873353
0.6492222547278568
0.6574019066699804
0.6656676301894692
0.6742060260227981
0.6834449580802711
0.6944799941824376
0.7094891049031982
0.7278501509141267
0.7456513254952921
0.76187136078292
0.7767151841998495
0.7904435752259497
0.8032457062610048
0.8152530603285194
0.8265588925747094
0.8372313936091687
0.847321958138434
0.8568704189535983
0.8659084459020419
0.874461816776843
0.8825519756900829
0.890197128252792
0.8974130271760566
0.9042135455657854
0.9106111011497272
0.9166169735797889
0.9222415435548103
0.927494473806698
0.9323848462213499
0.9369212654672208
0.9411119368228459
0.9449647240200645
0.9484871915867514
0.9516866352094859
0.9545701029256405
0.9571444094189583
0.959416145279767
0.9613916827622104
0.9630771793031117
0.9644785798417222
0.965601618785168
0.9664518222941441
0.9670345114113453
0.967354806419662
0.9674176326958113
0.9672277282178602
0.9667896527913056
0.9661077989783797
0.9651864046478946
0.9640295670095822
0.9626412579548356
0.9610253404961614
0.9591855860778716
0.9571256925209268
0.9548493023619937
0.9523600213517843
0.9496614368866508
0.9467571361611715
0.9436507238450709
0.940345839105317
0.9368461718125638
0.9331554777882787
0.929277592967344
0.9252164463658207
0.9209760717596647
0.9165606179930166
0.9119743578471665
0.9072216954124958
0.9023071719153472
0.8972354699616155
0.8920114161671838
0.8866399821547868
0.8811262839053596
0.875475579462163
0.8696932649961624
0.8637848692527962
0.8577560464135325
0.8516125674189783
0.8453603098165091
0.8390052462111471
0.83255343141606
0.8260109884158596
0.8193840932735778
0.8126789591276178
0.8059018194394703
0.7990589106644821
0.7921564545253545
0.785200640072354
0.7781976057118901
0.7711534213784375
0.764074071012124
0.7569654354854537
0.7498332760994456
0.7426832187418603
0.7355207387692758
0.7283511466439491
0.72117957432515
0.7140109623876473
0.7068500478185535
0.6997013524293424
0.6925691718163323
0.6854575648097686
0.6783703433710304
0.6713110629284922
0.6642830131843447
0.6572892094743785
0.6503323848172737
0.643414982844203
0.6365391518477127
0.6297067402252622
0.622919293610765
0.6161780539818281
0.6094839609983723
0.6028376557667705
0.5962394871375022
0.5896895205372406
0.583187549218352
0.5767331076923632
0.5703254870111011
0.5639637514834941
0.5576467563760173
0.5513731661458672
0.5451414727970181
0.5389500140246106
0.5327969909100854
0.5266804850359068
0.5205984749893848
0.5145488523082965
0.5085294369784211
0.5025379926208735
0.4965722415058173
0.4906298795030719
0.48470859103636005
0.4788060640540463
0.47292000497251846
0.4670481534959131
0.4611882971722394
0.4553382855137069
0.4494960434904461
0.4436595842007163
0.43782702052615347
0.4319965755954608
0.4261665919019702
0.42033553894633296
0.4145020193037521
0.40866477304298465
0.40282268044956315
0.3969747630285667
0.3911201827800727
0.38525823975406365
0.37938836790008307
0.3735101292308473
0.367623206317245
0.36172739312640784
0.3558225842027259
0.34990876217488703
0.3439859835487694
0.3380543627158158
0.33211405406780464
0.326165232060077
0.32020806900396453
0.3142427102921365
0.30826924666422195
0.3022876829977441
0.29629790295485664
0.29029962861708414
0.2842923739848063
0.2782753908868689
0.2722476054137154
0.2662075424247584
0.26015323495329845
0.25408211441113
0.24799087638320594
0.24187531560773382
0.2357301228517181
0.22954863697195294
0.22500913422181834
0.224272798297805
0.22347967621552553
0.22263333658980203
0.22173765989543304
0.22079644576441
0.21981324412038836
0.21879129731435598
0.21773353450155142
0.21664258845721282
0.2155208200971805
0.21437034370335523
0.21319304979153086
0.21199062454887324
0.21076456576673014
0.20951619569093072
0.20824667145615466
0.206956993886106
0.20564801548533662
0.20432044844459443
0.20297487343685486
0.20161174989580133
0.20023142834241597
0.19883416516209834
0.19742014004209568
0.1959894760707078
0.1945422622923253
0.19307857832392067
0.1915985204854237
0.1902176055898744
0.18913257977295778
0.18801493161008137
0.18686237011228962
0.18567275648480625
0.1844441004190047
0.18317455922017936
0.18186243963012397
0.1805062020353219
0.1791044666518255
0.1776560212373278
