1.0
0.9998932023527091
0.9995728676289485
0.9990391703753568
0.9982924011441691
0.9973329659567337
0.9961613855558324
0.9947782944499894
0.9931844397543707
0.991380679833142
0.9893679827495181
0.98714742453057
0.9847201872542074
0.9820875569672264
0.9792509214434099
0.9762117677918729
0.9729716799259647
0.9695323359040459
0.9658955051537061
0.962063045591433
0.9580369006502069
0.953819096227512
0.9494117375668577
0.944817006085691
0.9400371561626316
0.9350745118973322
0.9299314638557377
0.9246104658137466
0.9191140315120968
0.9134447314351809
0.9076051896265618
0.9015980805538548
0.8954261260362105
0.8890920922475335
0.8825987868100993
0.8759490559936172
0.8691457820372495
0.8621918806141972
0.8550902984622993
0.8478440112085937
0.840456021422596
0.8329293569415037
0.8252670695220655
0.8174722338889122
0.8095479472691387
0.8014973295285184
0.7933235240593519
0.7850296996141246
0.7766190533375316
0.768094815326239
0.7594602551456336
0.7507186908643202
0.7418735013388208
0.7329281427060558
0.7238861703328148
0.7147512678490712
0.7055272853748962
0.6962182896560365
0.6868286295621163
0.6773630212621949
0.6678266583085667
0.6582253526705744
0.6485657131102857
0.638855366501203
0.6291032245671963
0.6193197911476
0.6095174908139859
0.5997109755959166
0.5899173315367248
0.5801560654838627
0.5704487216571453
0.5608179897116711
0.5512862602847695
0.5418737727513251
0.5325967242038412
0.523465835325501
0.5144857772884115
0.5056555694902428
0.4969697279731067
0.4884197610835992
0.4799956275005498
0.47168691580744454
0.46348366414586395
0.45537684765411685
0.44735861002089683
0.43942232182940727
0.43156253440521986
0.42377487861012936
0.41605594075158064
0.4084031348054406
0.4008145813688156
0.39328899824277297
0.3858256042958313
0.3784240364761735
0.3710842789534988
0.36380660300833756
0.35659151621098867
0.34943971950558905
0.34235207095415
0.33532955505679646
0.32837325672307094
0.3214843391147794
0.3146640247083264
0.30791357903364724
0.3012342966385068
0.2946274889031994
0.28809447339388533
0.28163656449426416
0.27525506509825265
0.2689512591810935
0.2627264050948702
0.25658172945865004
0.2505184215329295
0.24453762798491663
0.2386404479658773
0.23282792843420366
0.22710105966995545
0.22146077093754213
0.21590792626435282
0.21044332031434132
0.20506767434752665
0.19978163226909973
0.1945857567854692
0.18948052569944165
0.18446632839263652
0.1795434625594758
0.1747121312741643
0.16997244048849355
0.1653243970736094
0.16076790753211576
0.1563027775167818
0.15192871229756666
0.14764531831839947
0.14345210597829358
0.13934849375720126
0.1353338137848444
0.13140731892117816
0.12756819138013445
0.12381555288491267
0.12014847629416284
0.11656599858437344
0.11306713501487048
0.11120972933915685
0.11089764744688181
0.11057233727851397
0.11023447814693865
0.10988477080888509
0.10952393635931956
0.10915271477166878
0.1087718630410095
0.10838215288878483
0.1079843679910004
0.10757930069753144
0.10716774821883635
0.10675050826810381
0.10632837416203716
0.10590212940220128
0.10547254178084164
0.10504035707975433
0.1046062924573534
0.10417102964592875
0.10373520810663228
0.10329941831171677
0.1028641953397006
0.10243001297735009
0.1019972785206559
0.10156632845435938
0.1011374251657749
0.1007107548147416
0.10028642643972502
0.09986447233353943
0.0994448496749414
0.09915996617356727
0.09957812642008855
0.09999625338899032
0.10041445941873574
0.10083279493808497
0.10125124848854877
0.10166974785683133
0.10208816217223683
0.10250630480131807
0.10292393686267923
0.10334077118719173
0.10375647656055018
0.10417068210350966
0.1045829816674056
0.10499293814669022
0.10540008763377777
0.10580394336350245
0.10620399941376006
0.10659973414497537
0.10699061337395602
0.10737609328735247
0.10775562310674568
0.10812864752184287
0.1084946089105839
0.10885294936575175
0.10920311254727227
0.1095445453781252
0.10987669960008153
0.1101990332033296
0.11051101174207556
0.11081210954608192
0.11110181083634019
0.11137961075152217
0.11164501629067561
0.11189754717652733
0.11213673664329522
0.11236213215224541
0.11257329603803279
0.11276980608861492
0.11295125606142364
0.11311725613836679
0.11326743332223674
0.11340143177699993
0.11351891311450912
0.11361955663008083
0.11370305948946671
0.11515618884347856
0.11915052364109142
0.12320170747262102
0.1273144631200918
0.1314932324204725
0.13574215197673184
0.14006505429733418
0.14446547725181533
0.148946674368176
0.15351162305856705
0.15816303001013607
0.16290333396803627
0.16773470656109044
0.17265905196196063
0.17767800617125398
0.18279293663827192
0.18800494281484298
0.19331485810379068
0.19872325352202685
0.20423044326032838
0.20983649219377098
0.2155412252853424
0.2213442387340617
0.2272449126505977
0.23324242499903258
0.23933576652179012
0.2455237563641596
0.2518050581320734
0.25817819614778476
0.264641571710036
0.2711934792132508
0.2778321220327057
0.28455562813560525
0.29136206543121135
0.29824945692471855
0.30521579578998365
0.3122590605257957
0.3193772304100719
0.32656830151838057
0.33383030362886146
0.3411613183983307
0.34855949926645413
0.3560230936298354
0.3635504679294248
0.37114013641617294
0.3787907945048978
0.3865013577964335
0.3942710080433652
0.4020992475477012
0.4099859636926889
0.41793150548884916
0.4259367740830731
0.43400332900941047
0.4421335113189781
0.4503305832301423
0.4585988809653926
0.46694397204789195
0.4753727992139384
0.4838937787372243
0.4925168002521967
0.501253049073362
0.5101145468130469
0.5191132979805662
0.528259967940333
0.5375621343662847
0.5470223579604643
0.5566365445188338
0.5663931689883123
0.5762737542752245
0.5862545611242158
0.5963089915503127
0.6064100176874722
0.6165320927042315
0.6266523180534824
0.6367509210186824
0.6468112370138903
0.6568194077273365
0.6667639593275226
0.6766353645369672
0.6864256429178073
0.6961280210731347
0.7057366560360586
0.7152464162547397
0.7246527113089346
0.7339513611176619
0.7431384963155091
0.7522104828277595
0.7611638650438926
0.769995323200518
0.7787016415874392
0.7872796849886375
0.7957263813912678
0.8040387094722491
0.8122136897340795
0.8202483784362987
0.8281398636750416
0.835885263119503
0.8434817230312772
0.8509264182811455
0.8582165531444288
0.8653493627066446
0.872322114748886
0.8791321120114374
0.8857766947556175
0.8922532435602766
0.8985591823018159
0.9046919812758206
0.9106491604255456
0.9164282926475295
0.9220270071488256
0.9274429928332106
0.9326740016959413
0.9377178522082334
0.9425724326743957
0.9472357045450989
0.951705705671521
0.9559805534854905
0.9600584480919676
0.9639376752604596
0.967616609302595
0.9710937158242167
0.9743675543405065
0.9774367807438246
0.980300149614306
0.9829565163646408
0.9854048392106869
0.9876441809608854
0.9896737106180508
0.9914927047885024
0.9931005488937226
0.9944967381815757
0.9956808785341684
0.9966526870712313
0.9974119925482765
0.9979587355501447
0.9982929684811249
0.9984148553541206
0.9983246713820199
0.9980228023753582
0.9975097439510692
0.996786100558327
0.9958525843275761
0.994710013750226
0.9933593121967338
0.9918015062813235
0.9900377240826362
0.9880691932293865
0.9858972388611146
0.9835232814740781
0.980948834662793
0.9781755027677465
0.9752049784402959
0.9720390401352227
0.9686795495421046
0.9651284489658609
0.9613877586671964
0.9574595741732735
0.9533460635683261
0.9490494647741969
0.9445720828296537
0.9399162871776523
0.9350845089684802
0.9300792383868105
0.9249030220099788
0.9195584602041985
0.9140482045652242
0.9083749554095886
0.9025414593219239
0.8965505067642994
0.8904049297529579
0.8841075996085285
0.8776614247860158
0.8710693487919569
0.8643343481974248
0.857459430757341
0.8504476336495818
0.8433020218503705
0.83602568666766
0.8286217444600322
0.8210933355765542
0.8134436235636934
0.8056757946981553
0.797793057922041
0.7897986452784388
0.7816958129741828
0.7734878432326697
0.7651780471474295
0.756769768807524
0.7482663910450095
0.7396713432563544
0.7309881118810797
0.7222202542900759
0.7133714170523869
0.7044453598245877
0.6954459864518144
0.6863773852943175
0.6772438812990641
0.6680501029078887
0.6588010674798943
0.6495022893866881
0.6401599150724553
0.6307808887126884
0.6213731499013944
0.6119458598732875
0.6025096435205447
0.5930768191496658
0.5836615656689736
0.5742799498861436
0.5649497134593617
0.5556897176233961
0.5465189882988264
0.5374554101744414
0.5285142671780342
0.5197069507909143
0.5110401691429804
0.5025158517135064
0.4941317186736903
0.48588229243412645
0.47776005883458267
0.46975653499592357
0.4618631077793535
0.4540716077822299
0.4463746480094191
0.4387657829822657
0.43123954573179774
0.42379141008450333
0.41641771267164257
0.409115557481225
0.40188271692416583
0.3947175372637286
0.3876188523061881
0.3805859068471115
0.3736182899938383
0.36671587776120546
0.3598787840063879
0.3531073186639931
0.34640195226106396
0.3397632857708281
0.33319202496956163
0.3266889585714298
0.3202549395221967
0.3138908689298103
0.30759768219467354
0.30137633697669924
0.29522780269851645
0.28915305133663183
0.2831530492953978
0.27722875019328364
0.2713810884188727
0.26561097333574674
0.2599192840326462
0.25430686452866236
0.24877451935385858
0.24332300943438565
0.2379530482183573
0.23266529798495775
0.22746036628536434
0.22233880246921536
0.21730109425640637
0.21234766431970542
0.20747886685004127
0.20269498408333955
0.19799622277539747
0.19338271061953496
0.18885449261090792
0.1844115273707609
0.18005368345395306
0.17578073567307728
0.17159236148235066
0.16748813747367522
0.16346753604545414
0.15952992231130622
0.15567455132036687
0.15190056566253105
0.1482069935306365
0.1445927473063469
0.14105662272722588
0.1375972986787621
0.13421333763737361
0.13090318676838705
0.1276651796580139
0.12449753863105387
0.12139837757836772
0.11836570519201162
0.11539742848446108
0.11249135645528248
0.11021135625328571
0.10965704555563294
0.1090953210736532
0.10852711051672397
0.10795331261877834
0.10737479027331323
0.10679236491117086
0.10620681244248542
0.10561886098998013
0.10502919051525932
0.10443843429420813
0.10384718204670311
0.10325598438513672
0.10266535812989486
0.10207579195809025
0.10148775180930211
0.10090168546810353
0.10097069062030065
0.10164947235456034
0.10233384623624563
0.10302216056675594
0.10371274776284993
0.10440394871405194
0.10509413351004945
0.10578171843021546
0.10646517932304383
0.10714306165813789
0.10781398761888422
0.10847666063495595
0.1091298677460795
0.10977248015622466
0.11040345229167643
0.11102181962605288
0.11162669548615468
0.11221726700832049
0.112792790378
0.11335258545621779
0.11389602987588981
0.11442255267774959
0.11493162754929334
0.11542276572943447
0.11589550864531883
0.1163494203545894
0.11678407987501835
0.11719907349260426
0.11759398714757571
0.1179683990043513
0.11832187231524818
0.11865394868801882
0.11896414186347747
0.11925193210146144
0.11951676126098415
0.1197580286441559
0.11997508765352544
0.12016724328980641
0.12033375049210468
0.12047381329678766
0.12058658476471254
0.12067116760057583
0.12072661536321541
0.12075193414235205
0.12074608455561575
0.12070798390000345
0.12063650827377087
0.12196249653882701
0.12394455117348765
0.12589861317425702
0.12782358216065767
0.12971829341254598
0.13158152494250291
0.13341200452965926
0.13562931804043202
0.13937063080472062
0.14316406527353356
0.14701230484971167
0.15091807957178738
0.15488416356467233
0.1589133721258723
0.163008558144676
0.16717260768126493
0.17140843460970906
0.17571897426531322
0.18010717604381815
0.1845759948848705
0.18912838154320602
0.1937672715151643
0.19849557245327756
0.2033161498754722
0.2082318109655779
0.21324528627578446
0.218359209185988
0.22357609305370152
0.22889830610431383
0.23432804426254647
0.23986730230712683
0.245517843931358
0.25128117149728924
0.25715849646231864
0.2631507116126812
0.26925836633753103
0.27548164620228544
0.2818203580178288
0.2882739214506195
0.2948413679837413
0.3015213477392327
0.3083121443336584
0.3152116975952223
0.3222176336555863
0.32932730167466895
0.3365378162867616
0.34384610478531213
0.35124895809794127
0.3587430847357964
0.3663251671226051
0.3739919200007988
0.38174015095925345
0.3895668235135615
0.3974691235825945
0.40544453063370534
0.41349089520260834
0.42160652491547224
0.4297902815161456
0.43804169166403434
0.44636107428571853
0.4547496867948472
0.4632098911122229
0.4717453374006312
0.4803611576258734
0.48906415076729415
0.4978629245317444
0.5067679326851285
0.5157913125231445
0.5249463897229065
0.534246697216942
0.5437043895589362
0.553328075785787
0.5631203660377716
0.573075753317287
0.5831796156884211
0.5934088907305927
0.6037343529120814
0.614123778982647
0.6245450427052928
0.634968427924047
0.6453679183091883
0.655721599128676
0.6660114668723325
0.6762229338019788
0.686344232831992
0.6963658415184082
0.7062799798937699
0.7160801981790618
0.7257610506176441
0.7353178435195884
0.7447464436635853
0.7540431341396016
0.7632045067084127
0.7722273819118526
0.7811087501130245
0.7898457282561558
0.7984355284113805
0.8068754351512558
0.8151627895505137
0.823294978158636
0.8312694257122835
0.8390835906642201
0.8467349628364428
0.8542210626765774
0.8615394417240948
0.8686876839880348
0.8756634080092967
0.882464269432985
0.889087963956702
0.8955322305504073
0.9017948548656093
0.9078736727691891
0.9137665739494814
0.9194715055523032
0.9249864758118411
0.9303095576471179
0.9354388921992493
0.9403726922879864
0.9451092457688581
0.9496469187747959
0.9539841588274849
0.9581194978057155
0.9620515547593296
0.965779038558679
0.9693007503705705
0.9726155859531466
0.9757225377630573
0.9786206968693747
0.9813092546699224
0.9837875044066359
0.9860548424776514
0.9881107695449645
0.9899548914372241
0.9915869198486545
0.9930066728355377
0.9942140751130802
0.9952091581559678
0.9959920601070512
0.9965630254990108
0.9969224047950591
0.9970706537547566
0.9970083326321646
0.9967361052137187
0.996254737703738
0.9955650974659537
0.9946681516295675
0.9935649655688449
0.9922567012650658
0.990744615560239
0.9890300583112628
0.9871144704545249
0.9849993819891072
0.982686409888173
0.9801772559472062
0.9774737045774337
0.9745776205530388
0.9714909467199174
0.9682157016736561
0.9647539774141872
0.9611079369836423
0.9572798120944044
0.9532719007529318
0.9490865648854071
0.9447262279704204
0.9401933726836492
0.9354905385590954
0.9306203196713687
0.9255853623428533
0.9203883628798034
0.915032065340916
0.9095192593421386
0.9038527779010672
0.8980354953248341
0.8920703251450395
0.8859602181040562
0.87970816019708
0.8733171707749263
0.8667903007140816
0.8601306306603136
0.853341269355229
0.8464253520557534
0.8393860390597067
0.8322265143536487
0.8249499844032773
0.8175596771115072
0.8100588409762957
0.8024507444881871
0.7947386758181463
0.7869259428593004
0.7790158737034177
0.7710118176535449
0.7629171469022757
0.7547352590388159
0.7464695805924373
0.7381235718755489
0.7297007334606493
0.7212046147151018
0.7126388249306895
0.7040070477268167
0.6953130595808666
0.6865607535536461
0.6777541695311837
0.668897532596555
0.6599953014577948
0.6510522291566218
0.6420734384888025
0.6330645145412763
0.6240316162489195
0.6149816075036147
0.6059222055256439
0.5968621391573229
0.5878113016233245
0.5787808706262193
0.5697833541248255
0.5608325060843853
0.551943050204035
0.5431301623138042
0.5344087046351867
0.52579227820158
0.5172922433758856
0.50891691190144
0.5006710973802305
0.49255611805533006
0.4845702165955124
0.47670925801282615
0.46896752925688817
0.4613384903545081
0.4538153862831262
0.4463916882919575
0.4390613749041586
0.4318190833926146
0.4246601674293847
0.41758069285434485
0.41057739647225056
0.4036476255831783
0.39678926993687175
0.39000069331020687
0.38328066879171974
0.3766283198168634
0.3700430677287105
0.3635245858921088
0.3570727599814492
0.3506876538653468
0.34436948044085136
0.3381185767710905
0.3319353829189128
0.32582042392547056
0.3197742944439545
0.31379764559895723
0.3078911736976331
0.3020556104683317
0.2962917145460141
0.2906002639610828
0.28498204942056854
0.27943786819786925
0.27396851847091597
0.26857479396823264
0.2632574787995964
0.2580173423624761
0.25285513422795713
0.2477715789211256
0.2427673705213097
0.23784316701791725
0.2329995843691635
0.22823719022434463
0.22355649728721716
0.21895795631911324
0.21444194880727013
0.21000877935657822
0.20565866790202647
0.20139174188343947
0.19720802857193223
0.19310744778571207
0.1890898052773491
0.1851547871100977
0.1813019553620453
0.17753074549805273
0.17384046572706935
0.1702302986136101
0.16669930513851747
0.16324643130848315
0.15987051730438956
0.15657030904419675
0.15334447192879633
0.15019160644992469
0.1471102652780264
0.1440989714220914
0.1411562370665491
0.1382805827424299
0.1354705565778322
0.13272475349043472
0.13004183432591307
0.12742054510300105
0.12485973669277554
0.12235838543113157
0.11991561533467622
0.11753072275644766
0.11835960446594831
0.11978343695640067
0.12117144005002242
0.12252467504784748
0.1238441432028144
0.125130781893393
0.1263854638885514
0.12760899840343098
0.1288021331294314
0.12996555674011112
0.1310999015815706
0.13220574639020935
0.13328361896636629
0.13433399878569904
0.1353573195620635
0.13635397179282893
0.13732430532544454
0.1382686319851982
0.1391872283012234
0.1400803383618868
0.14094817682329097
0.14179093208585206
0.1426087696447812
0.14340183561053726
0.14417026038595207
0.1449141624768523
0.14563365240415466
0.14632883667626895
0.14699982177287893
0.1476467180839005
0.14826964374144863
0.14886872827834602
0.14944411604379654
0.14999596930623074
0.1505244709747827
0.15102982687450708
0.15151226751669156
0.15197204931386932
0.15240945519972726
0.15282479462650403
0.15321840292632094
0.15359064003791545
0.15394188861582686
0.15427255155476302
0.15458304897697922
0.15487381474488424
0.15514529257367826
0.15539793182992076
0.15563218311072188
0.1558484937045661
0.15604730303902786
0.15622903822189366
0.156394109781406
0.15654290770782386
0.1566757978927264
0.1567931190542691
0.15689518022594615
0.15698225887343997
0.15705459968857874
0.1571124140917818
0.15715588045476392
0.15829983186418936
0.16150433944523107
0.16469503113607645
0.1678717545889967
0.17103433059669207
0.17418254906413017
0.17731616433213981
0.18043488998309928
0.18353839324221344
0.18662628907003326
0.18969813402283503
0.19275341993737924
0.19579156747543527
0.19881191954173785
0.2018137345660092
0.20479617961624164
0.2077583232849331
0.2106991282623673
0.21361744347932676
0.21651199566436258
0.2193813801145995
0.2225790002645704
0.22698360174920237
0.23151685239755576
0.2361810245643234
0.24097798789147884
0.24590920187229948
0.250975701175228
0.2561780804895786
0.2615164854343899
0.2669906146661502
0.2725997361420921
0.2783427180286924
0.2842180724519596
0.29022400852264385
0.2963584900357295
0.30261929297592344
0.3090040583614709
0.3155103368488582
0.3221356226933666
0.3288773759279696
0.33573303283835065
0.3427000058789027
0.34977567503994805
0.3569573733180031
0.36424236935464643
0.3716278505026187
0.37911090956292864
0.38668853823395627
0.394357629953368
0.40211499433818915
0.40995738489498723
0.4178815411469293
0.42588424587850243
0.433962397899495
0.4421131006262737
0.4503337668981993
0.45862224077960567
0.46697693758608255
0.47539700389518447
0.4838824996298447
0.49243460404882405
0.5010558459777652
0.5097503547616792
0.5185241204448906
0.5273852369453998
0.5363440770516588
0.5454133097346778
0.5546076189407332
0.5639429302889288
0.5734349327904719
0.5830967636174885
0.59293598367261
0.6029514171401904
0.6131308691750115
0.6234507836470504
0.6338782830721695
0.6443750067850026
0.6549014401210058
0.665420479760669
0.6758996090710273
0.6863117211559008
0.6966349849120812
0.7068521975506409
0.7169499571499953
0.7269178512192169
0.7367477514523458
0.7464332407597869
0.755969166490281
0.7653513010307136
0.7745760883613031
0.7836404570071893
0.7925416831839991
0.8012772913959676
0.8098449827636285
0.8182425837938584
0.8264680101863795
0.8345192416911019
0.8423943050846776
0.8500912631118218
0.8576082078072209
0.8649432570302935
0.8720945533512672
0.879060264650069
0.8858385859536447
0.8924277421585937
0.8988259913739488
0.9050316286854704
0.9110429901909585
0.9168584571923342
0.9224764604572427
0.9278954844825679
0.9331140717079889
0.9381308266381574
0.9429444198411879
0.9475535917973494
0.9519571565769842
0.9561540053303992
0.9601431095755493
0.9639235242721618
0.9674943906725534
0.9708549389415722
0.974004490539951
0.9769424603661014
0.9796683586540219
0.9821817926253343
0.9844824678955819
0.9865701896360547
0.9884448634936417
0.9901064962726414
0.9915551963837588
0.9927911740664331
0.9938147413918103
0.9946263120546973
0.9952264009636567
0.995615623638852
0.9957946954284818
0.9957644305544024
0.9955257409984786
0.9950796352415103
0.9944272168662467
0.9935696830370208
0.9925083228677377
0.9912445156904063
0.9897797292364622
0.9881155177422266
0.986253519990556
0.9841954572995107
0.9819431314689966
0.9794984226956488
0.9768632874653449
0.9740397564324575
0.9710299322937821
0.9678359876642998
0.964460162960994
0.9609047642997739
0.9571721614095853
0.9532647855667892
0.9491851275511374
0.9449357356244372
0.9405192135312049
0.9359382185197211
0.9311954593809396
0.9262936945018108
0.9212357299287812
0.9160244174363241
0.910662652595438
0.9051533728360228
0.8994995554977067
0.8937042158633658
0.8877704051702795
0.8817012085948386
0.8754997432071794
0.8691691558946522
0.8627126212535229
0.856133339451748
0.8494345340672734
0.8426194499095112
0.8356913508349838
0.8286535175713493
0.8215092455680137
0.8142618428962486
0.8069146282254958
0.7994709289089788
0.7919340792169139
0.7843074187633304
0.7765942911807432
0.7687980431072572
0.7609220235638234
0.7529695838153789
0.7449440778303119
0.7368488634785324
0.7286873046416018
0.7204627744507399
0.7121786599207377
0.7038383683151903
0.6954453356609653
0.6870030379323693
0.6785150055499359
0.6699848419874292
0.6614162474528931
0.6528130487998077
0.6441792370189183
0.6355190138302351
0.6268368489804163
0.618137549757437
0.6094263437979804
0.6007089752380562
0.5919918122887169
0.5832819609608958
0.5745873744551638
0.5659169404400975
0.5572805195074558
0.5486888993491682
0.5401536245903692
0.5316866678145115
0.5232999294978863
0.515004595461362
0.5068104321327317
0.49872514240469906
0.4907539136412132
0.4828992515239569
0.4751611204138868
0.4675373343430882
0.4600240943030576
0.45261656003268647
0.44530936930755605
0.4380970557101646
0.43097435050301863
0.4239363775042499
0.416978761224837
0.4100976711594428
0.4032898228565984
0.39655245217206825
0.389883274690209
0.383280438501527
0.3767424755970947
0.37026825503728206
0.3638569396211298
0.3575079468539821
0.3512209144355446
0.3449956701549667
0.3388322058991672
0.3327306553987245
0.3266912753126669
0.32071442926453386
0.31480057447109605
0.30895025064184556
0.3031640708657686
0.29744271423918517
0.29178692002145146
0.28619748313443255
0.2806752508453442
0.2752211204916841
0.2698360381206885
0.26452099792479294
0.25927704235875804
0.25410526282278634
0.24900680078984652
0.24398284924269462
0.23903465426659293
0.2341635166155678
0.22937079303101945
0.2246578970392714
0.22002629888541092
0.2154775241714806
0.2110131506545323
0.20663480252332586
0.2023441413150883
0.19814285246634095
0.19403262633913568
0.19001513246669824
0.18609198578551173
0.18226470385033666
0.17853465456560877
0.17490299490303857
0.17137060245395047
0.1679380034276416
0.16460530264580397
0.16137212283092592
0.15823756157944513
0.15530017604145513
0.1541821975079801
0.15311421259363123
0.15204107104491993
0.15096576618969343
0.14989112795113393
0.14881979591153255
0.1477541984339993
0.14669653878594743
0.14564878879443025
0.14461269013343014
0.14358976294182701
0.1425813211333787
0.1415884935078866
0.14061224961198152
0.13965342922198146
0.13871277431366877
0.1377909624242864
0.13688864037974993
0.13600645743624248
0.13514509695687194
0.13430530580261374
0.13348792066053822
0.1344635858726919
0.13569909370725972
0.13693640395496215
0.13817230231333785
0.1394042002515898
0.14063003153600798
0.14184816937260109
0.14305735898939906
0.14425666183597574
0.14544540856359586
0.14662315866600895
0.14778966518517073
0.14894484327576807
0.1500887417181914
0.15122151670200729
0.15234340739122176
0.15345471294338642
0.154555770795256
0.15564693615277075
0.15672856273358493
0.15780098490390868
0.15886450142489497
0.1599193610719909
0.16096575040989958
0.1620037839930027
0.16303349721618368
0.16405484196708642
0.16506768513358874
0.16607180990934134
0.16706691972554522
0.1680526445301761
0.16902854904655162
0.16999414257868223
0.17094888989602286
0.17189222272575402
0.17282355140416522
0.17374227628546426
0.17464779856994522
0.17553953028702363
0.17641690324553616
0.17727937683851852
0.1781264446578334
0.1789576399328273
0.1797725398552027
0.18057076888877455
0.1813520011886481
0.18211596226998472
0.18286243007371006
0.18359123557613655
0.1843022630829863
0.18499545033678622
0.18567078855081753
0.1863283224636369
0.18696815048607107
0.18759042498817396
0.19105816192645286
0.19581857555503657
0.20059644313939567
0.2053913154695174
0.21020264095955626
0.21502977472533735
0.21987198631783084
0.22472846628672344
0.22959833174301453
0.2344806310797951
0.23937434800044732
0.24427840499594353
0.2491916664087824
0.2541129412207248
0.2590409857055271
0.2639745060969419
0.26891216143732477
0.2738525667953542
0.2787942970744303
0.28373589168093727
0.288675860386541
0.2936126908088875
0.2985448580564024
0.30347083724630636
0.308389119822404
0.3132982348877511
0.31819677714816264
0.3230834435657034
0.3279570814841961
0.332816751863494
0.33766181240992577
0.34249202689526287
0.3473077089000863
0.3521099106626084
0.3569006706441522
0.36168333660280233
0.36646298367113117
0.3712469474179653
0.376045486477847
0.38087257114713624
0.3857467519175289
0.39069197989910737
0.39573811798518505
0.40092071335125556
0.40627948464000746
0.4118550975166901
0.4176843638527622
0.4237949403985799
0.4302013326405931
0.43690374421517836
0.44389000103758836
0.4511394015320815
0.4586268864949843
0.46632640186191054
0.47421308736275725
0.4822644435205201
0.4904608114994441
0.49878547489880903
0.5072245982662427
0.515767127683854
0.5244047162638419
0.5331316997023586
0.5419451253289986
0.5508448235857688
0.5598334963440615
0.5689167759093348
0.5781031770277032
0.5874038193606296
0.5968317450165489
0.6064006176935898
0.616122619322052
0.6260055370225811
0.6360494151557958
0.6462436497221692
0.6565657006941397
0.6669822784706696
0.6774528810437305
0.687934513299939
0.698386061741906
0.7087712767557987
0.719060122624879
0.7292288397560592
0.7392592515222177
0.7491377680574178
0.7588543728476563
0.7684017320012085
0.777774471789176
0.7869686207822171
0.7959811926438056
0.8048098808943612
0.8134528391874281
0.8219085252437561
0.8301755914142932
0.8382528090438889
0.8461390171667605
0.8538330886304977
0.8613339086527347
0.8686403622100115
0.8757513276698071
0.8826656748058995
0.8893822658605767
0.8958999586940252
0.902217611331139
0.9083340874097025
0.9142482621739803
0.9199590287574059
0.9254653045710324
0.9307660376653093
0.9358602129717744
0.9407468583563918
0.9454250504369259
0.9498939201302304
0.9541526579049688
0.9582005187230194
0.9620368266576584
0.9656609791803624
0.9690724511109527
0.9722707982279359
0.9752556605376802
0.9780267652020596
0.9805839291260162
0.982927061207704
0.985056164254145
0.98697133656836
0.9886727732131712
0.9901607669599233
0.9914357089307978
0.9924980889451358
0.9933484955814478
0.9939876159685974
0.9944162353203516
0.99463523622932
0.9946455977370285
0.9944483941979748
0.9940447939564097
0.9934360578547612
0.9926235375934168
0.9916086739611697
0.9903929949560025
0.9889781138148663
0.9873657269711499
0.985557611957238
0.9835556252687223
0.9813617002056766
0.9789778447052009
0.9764061391777601
0.9736487343587433
0.9707078491849764
0.9675857687042569
0.9642848420248898
0.9608074803099821
0.9571561548211426
0.9533333950127125
0.9493417866786668
0.9451839701514212
0.9408626385512607
0.9363805360841537
0.9317404563839737
0.9269452408954336
0.9219977772919222
0.9169009979224039
0.9116578782808972
0.9062714354908151
0.9007447267966946
0.8950808480546781
0.8892829322134091
0.8833541477761181
0.8772976972352495
0.8711168154702597
0.8648147681003139
0.8583948497831945
0.8518603824530465
0.8452147134899602
0.8384612138161761
0.8316032759146442
0.8246443117677321
0.8175877507164087
0.8104370372418991
0.803195628675624
0.7958669928459483
0.788454605674301
0.7809619487365171
0.7733925068115476
0.765749765442352
0.7580372085417164
0.7502583160809596
0.7424165619073292
0.7345154117444012
0.7265583214400031
0.7185487355382698
0.7104900862665161
0.7023857930448731
0.6942392626475499
0.686053890168041
0.6778330609708064
0.6695801538446126
0.6612985456121868
0.6529916174934748
0.6446627635655251
0.6363154017081804
0.6279529874628087
0.6195790312541488
0.611197119415183
0.6028109393852913
0.594424309289711
0.5860412117972059
0.5776658316297784
0.5693025952816342
0.5609562103177212
0.5526317000185184
0.544334427161059
0.536070098588916
0.5278447404138734
0.5196646330359181
0.5115361967787535
0.503465823913015
0.4954596616525381
0.4875233624276832
0.47966182954798603
0.47187899401363587
0.4641776577364855
0.45655942833581303
0.44902475343989356
0.4415730436149348
0.4342028586549341
0.42691212561156866
0.4196983586991122
0.4125588584492472
0.4054908767290103
0.39849174267605453
0.3915589507796137
0.38469021597063024
0.37788350210932725
0.3711370303568072
0.3644492732190857
0.3578189390282746
0.3512449505667327
0.3447264205973413
0.33826262629591225
0.3318529839951235
0.3254970252240937
0.3191943747354053
0.3129447310233253
0.30674784973118085
0.300603530302969
0.29451160624439526
0.28847193941430144
0.2824844188684016
0.27654896492596065
0.2721581760442545
0.2683423238919047
0.26459226092767235
0.2609077221465079
0.2572883064778842
0.2537334719790714
0.25024253158736437
0.2468146498738522
0.24344884117940457
0.24014396944254207
0.23689874995528712
0.233711753209501
0.23058141092571968
0.22750602428934555
0.22448377435523215
0.2215127345182831
0.21859088488414952
0.2157161283083373
0.21288630780475493
0.2100992249590051
0.20735265892047527
0.20464438549819577
0.20197219585274828
0.19933391426707212
0.1967274144958373
0.19415063423738155
0.19160158734244684
0.18907837346532474
0.18657918496947473
0.18410231101265992
0.18164613884859016
0.17920915248516525
0.17678992892751483
0.17438713230262606
0.17199950620885418
0.1696258646571541
0.1672650819721608
0.16491608200196148
0.16257782694815298
0.16024930607534354
0.1579295244945153
0.15561749214041942
0.15578878993031114
0.1560669985517792
0.15631931020687415
0.15654965523467318
0.15676214225234508
0.15696091718998517
0.15715004010382624
0.1573333814610951
0.15751453932758475
0.15769677770246177
0.15788298460394623
0.15807564699585802
0.15827683874325288
0.15848821772756552
0.15871102897618855
0.15894611187424013
0.1591939108309946
0.15945448980563734
0.15972755162570285
0.16001246299974944
0.16030828563597216
0.16061381313525988
0.16092761256277338
0.1612480690109967
0.16157343116185968
0.16190185585910422
0.16223144996394623
0.16256030819436995
0.16288654614064524
0.16320832812100664
0.16352388993511077
0.16383155686142264
0.16412975742501532
0.16441703354737622
0.16469204770007717
0.16495358764231255
0.1652005692477429
0.16543203783546068
0.1656471683239515
0.1658452644334068
0.1660257570749552
0.16618820198668413
0.16633227660696087
0.16645777611470464
0.16656460851423116
0.1666527885987085
0.16672243059267852
0.1667737392515138
0.16680699918807362
0.16682256220728636
0.16682083246349105
0.166802249317522
0.16676726786568616
0.16671633724245152
0.16664987696261432
0.1665682517594349
0.16647174558115346
0.1663605356089515
0.16623466733054437
0.16609403181650736
0.1659383463753405
0.1657671396881244
0.1655797423382521
0.16594731260356788
0.17023499176918724
0.17475632095533816
0.17952483467356495
0.18454373531792584
0.18980410204601783
0.19528593049744886
0.20096176951955558
0.20680142201169344
0.21277597977148183
0.218860276592334
0.22503378825072656
0.23128048866068895
0.23758819942321985
0.2439478010706766
0.2503524972840414
0.25679720434005127
0.26327807541480486
0.26979214316517913
0.27633705682863796
0.28291089120752544
0.2895120088263133
0.29613896081499846
0.30279041577136734
0.30946510877338174
0.3161618049080494
0.32287927329150296
0.3296162687172175
0.33637151890388234
0.3431437159123717
0.3499315107301084
0.35673351032918804
0.3635482767265978
0.3703743277342264
0.37721013920121116
0.38405414863158704
0.3909047601168233
0.39776035055947045
0.40461927718738633
0.41147988636981325
0.41834052375107844
0.425199545717
0.4320553322050134
0.43890630086485505
0.4457509225726003
0.45258773829930027
0.45941537733760923
0.4662325768953827
0.4730382030762718
0.479831273282166
0.4866109800931274
0.49337671670613925
0.5001281040463628
0.506865019706067
0.5135876289213845
0.5202964178737928
0.5269922297152445
0.5336763038857415
0.5403503195533107
0.5470164444137764
0.5536773907200858
0.5603364813921128
0.5669977305675516
0.5736659452653692
0.5803468583492727
0.5870473083067644
0.5937754894092979
0.6005413079518788
0.6073568984772263
0.6142373809039277
0.6212019783919713
0.6282756676769652
0.6354915885409143
0.6428944465268501
0.6505449256051408
0.6585241703969569
0.6669345432567176
0.6758869375759866
0.6854604687612618
0.6956384046904669
0.7062746573904229
0.7171458747493635
0.7280437384559522
0.7388245290647233
0.7494070136223667
0.7597519299828268
0.7698438026880267
0.7796793918759201
0.7892612515632073
0.7985943493984092
0.8076843590656804
0.8165368329468732
0.8251568301371972
0.8335487768654383
0.841716443025854
0.849662974247929
0.8573909480681521
0.8649024380822875
0.8721990780399992
0.8792821221129535
0.8861524998068429
0.8928108651399537
0.8992576402789524
0.9054930540781789
0.9115171760601838
0.9173299463809356
0.9229312022894433
0.9283207015395197
0.9334981431559044
0.9384631859013154
0.9432154647422101
0.9477546055650787
0.952080238358263
0.9561920090386541
0.9600895900770106
0.9637726900489109
0.9672410622207729
0.9704945122607299
0.973532905152706
0.976356171377274
0.9789643124156191
0.9813574056226583
0.9835356085100997
0.9854991624735483
0.9872483959942792
0.9887837273420732
0.9901056668030914
0.991214818454452
0.9921118815057873
0.9927976512273992
0.9932730194833166
0.9935389748883144
0.993596602607654
0.9934470838189444
0.9930916948560427
0.9925318060562474
0.9917688803326269
0.9908044714942974
0.9896402223387741
0.9882778625414546
0.9867192063677589
0.9849661502341969
0.9830206701454823
0.9808848190339531
0.9785607240284155
0.976050583678327
0.9733566651583927
0.9704813014780304
0.9674268887179786
0.9641958833149741
0.960790799413315
0.9572142062996557
0.9534687259353849
0.9495570305976242
0.9454818406381112
0.941245922365937
0.9368520860575131
0.9323031840947306
0.9276021092296721
0.9227517929714617
0.9177552040894735
0.9126153472237493
0.9073352615928427
0.9019180197868011
0.8963667266317668
0.8906845181111885
0.8848745603278529
0.8789400484894657
0.872884205900084
0.8667102829391077
0.8604215560086983
0.8540213264306613
0.8475129192737214
0.8408996820920067
0.8341849835564488
0.8273722119615986
0.8204647735915264
0.8134660909305397
0.8063796007066855
0.7992087517595432
0.7919570027269238
0.7846278195506099
0.7772246728061193
0.769751034867836
0.7622103769277371
0.7546061658936275
0.7469418612008725
0.7392209115802926
0.7314467518345664
0.7236227996845227
0.7157524527586727
0.70783908581029
0.6998860482599271
0.6918966621779006
0.6838742208390974
0.675821988006525
0.6677431981282187
0.6596410576674882
0.6515187478302171
0.6433794290063234
0.6352262473064766
0.6270623436513808
0.6188908659568774
0.6107149850531998
0.6025379150697987
0.5943629390982291
0.5861934409830818
0.5780329440455136
0.5698851573420542
0.5617540296005726
0.5536438101090765
0.545559114376468
0.537504990142603
0.5294869761513369
0.5215111420851564
0.5135840937025473
0.5057129237436583
0.49790508867806504
0.4901681965659234
0.48250970441256424
0.4749365442289782
0.46745472106984537
0.46006894478510835
0.45278236036685565
0.44559642487999923
0.43851094656565437
0.4315242660710822
0.4246335340201576
0.4178350302557376
0.41112447668018415
0.404497310978708
0.3979489053217707
0.3914747276075599
0.3850704512380971
0.3787320232930256
0.37245570164752223
0.3662380704799399
0.3600760417837516
0.35396684857813754
0.34790803382311675
0.34189743770188014
0.33593318493943997
0.33001367313924207
0.32413756268068766
0.3183037684789927
0.31251145382296813
0.30676002654411455
0.3010491379110793
0.29537868487025065
0.2897488165502395
0.2841599462988591
0.278612770897442
0.2731082989582893
0.2676478907870615
0.2622333120796071
0.25686680356146924
0.251551167844215
0.24678009061940911
0.24305553894962711
0.2393912785645569
0.23578755367632886
0.23224407313642653
0.22875998581551038
0.2253338947519173
0.22196390616086914
0.2186477052279586
0.21538264831887463
0.21216586094072853
0.2089943320918445
0.2058649978771292
0.20277480978377452
0.19972078531326962
0.1967000404811005
0.19370980495186976
0.19074742133505598
0.18781033055084104
0.18489604533247633
0.18200211399632168
0.1791260766970557
0.17626541658010694
0.1734175086055089
0.1705795693805125
0.16774861210901953
0.16492141173360622
0.16209448648725183
0.15926410334979388
0.15642631621487518
0.15357704656055685
0.15071221602633297
0.1478279359364761
0.14852545404132228
0.1495882901668283
0.1506476802701248
0.15170043487711854
0.15274425876865272
0.15377750646383925
0.1547990018960128
0.15580790451206136
0.1568036091738812
0.15778567090797335
0.1587537481342555
0.15970755981806345
0.16064685325779984
0.16157138010835476
0.1624808788614796
0.16337506244039474
0.164253609873317
0.16511616122961453
0.16596231516112056
0.16679162850911347
0.16760361752866443
0.16839776035520704
0.16917350039951792
0.16993025041044743
0.17066739699167546
0.17138430540073046
0.17208032449573163
0.17275479172804106
0.1734070381070195
0.17403639308656813
0.17464218934188835
0.17522376741957907
0.17578048025438717
0.17631169755295822
0.17681681004845498
0.17729523363105015
0.1777464133581409
0.17816982734554976
0.178564990537025
0.1789314583448045
0.17926883014881906
0.17957675263684914
0.1798549229624582
0.18010309169231195
0.18032106550917867
0.1805087096318832
0.18066594990870072
0.18079277453581566
0.18088923534806434
0.18095544862488067
0.18099159535051926
0.1809979208642528
0.18097473383392101
0.18092240448500416
0.18084136201811266
0.1807320911511576
0.18059512772890232
0.1804310533537246
0.18024048900739967
0.18002408765633457
0.17978252586222004
0.17951649445765105
0.1792266883920473
0.17891379590735923
0.17857848726465197
0.17822140331102082
0.17784314424895817
0.1774442590452976
0.17702523599090728
0.18177408057586927
0.18768636069332556
0.19356833819475647
0.19944996943998472
0.20535028094042984
0.21128177850375612
0.21725282778610805
0.2232690473891256
0.22933417484832075
0.23545062978182615
0.24161989239755075
0.2478427639222042
0.25411954862862157
0.26045018228531785
0.2668343232005038
0.27327141674657796
0.2797607408829946
0.28630143797162433
0.2928925366676862
0.2995329666199841
0.3062215679730825
0.312957097136027
0.31973822990217
0.32656356273134707
0.333431612808132
0.3403408173472951
0.3472895325144622
0.3542760322548614
0.3612985072677756
0.3683550643221606
0.3754437260756325
0.3825624315308312
0.38970903723763684
0.39688131932561643
0.40407697642686524
0.41129363352535003
0.418528846745027
0.4257801090658674
0.4330448569356075
0.44032047772651484
0.4476043179718699
0.45489369230733
0.46218589303793106
0.46947820025455683
0.4767678924317649
0.48405225745519675
0.4913286040483528
0.49859427359728387
0.5058466524064484
0.5130831844602962
0.5203013848140785
0.5274988537950359
0.5346732922645623
0.5418225182782728
0.548944485590551
0.5560373045944426
0.5630992664843679
0.5701288717026077
0.5771248641233129
0.5840862730017854
0.5910124655787187
0.5979032145452341
0.60475878663641
0.6115800619198428
0.618368698766387
0.6251273686429114
0.6318601008165932
0.6385728058453507
0.6452741007910278
0.6519766653099506
0.6586995773545817
0.6654725573710996
0.6723441631284303
0.6793986891545191
0.68679309791403
0.69483691001267
0.7041040524725626
0.7151516767930979
0.7273883666636214
0.7396118356036643
0.7513290313375078
0.7624935221375378
0.7731615191826369
0.7833954778299758
0.7932465040885979
0.8027538723631998
0.8119474366366608
0.8208499777687621
0.829479015094779
0.8378481290295201
0.8459679171789053
0.8538466896636018
0.8614909808712666
0.8689059314295129
0.8760955774669371
0.8830630727910787
0.8898108618710762
0.8963408162605355
0.9026543435007474
0.9087524750560102
0.9146359380883898
0.9203052146413949
0.92576059091249
0.931002198647082
0.9360300502108982
0.9408440685431346
0.9454441129270463
0.949830001312144
0.9540015297680854
0.9579584895300693
0.9617006820032018
0.9652279320197146
0.968540099585485
0.9716370903065245
0.9745188646494385
0.9771854461602104
0.9796369287427927
0.9818734830787798
0.9838953622553589
0.9857029066551647
0.9872965481526125
0.9886768136532157
0.9898443280056552
0.990799816312894
0.9915441056638908
0.9920781263064773
0.9924029122792355
0.992519601521122
0.9924294354766572
0.992133758216303
0.9916340150923825
0.9909317509534913
0.9900286079423177
0.9889263229044408
0.987626724438547
0.9861317296216094
0.9844433404450343
0.9825636400006388
0.9804947884585442
0.9782390188797684
0.9757986329097453
0.9731759963989536
0.9703735349980354
0.9673937297751348
0.9642391129014568
0.9609122634510492
0.9574158033576871
0.9537523935694737
0.9499247304384635
0.9459355423783331
0.9417875868188538
0.9374836474810528
0.933026531991641
0.928419069849709
0.9236641107534904
0.9187645232891833
0.9137231939784516
0.9085430266761898
0.9032269423055238
0.8977778789118527
0.8921987920151985
0.8864926552355535
0.8806624611640598
0.8747112224511315
0.8686419730799338
0.8624577697950786
0.8561616936548636
0.849756851676783
0.8432463785474661
0.8366334383700901
0.8299212264249425
0.8231129709218012
0.8162119347267163
0.809221417049514
0.8021447550831606
0.7949853255908849
0.787746546442218
0.7804318781043119
0.7730448251016467
0.7655889374620723
0.7580678121742125
0.7504850946869416
0.7428444804886434
0.7351497168094264
0.72740460449626
0.719613000116604
0.7117788183512859
0.7039060347422216
0.6959986888636134
0.6880608879872057
0.6800968113109389
0.6721107148155834
0.6641069368043042
0.6560899041624842
0.6480641393479
0.6400342680807756
0.6320050276445286
0.6239812756281122
0.6159679988316542
0.6079703219174094
0.5999935152106155
0.5920430008411711
0.5841243561719106
0.5762433131947474
0.5684057523213175
0.5606176887893689
0.5528852498154885
0.5452146407214473
0.5376120986316444
0.5300838330508988
0.5226359537123016
0.515274387481896
0.5080047876646093
0.5008324405074079
0.4937621747043344
0.48679827994722863
0.4799444398375013
0.473203682797756
0.4665783522844587
0.4600700950927491
0.45367986442202207
0.4474079330977203
0.4412539121517005
0.4352167708027874
0.42929485546470364
0.42348590731298486
0.41778707972082946
0.4121949581532123
0.40670558566810383
0.40131449695354926
0.3960167629391605
0.39080704668994454
0.38567966981368684
0.38062868728343097
0.3756479676200615
0.37073127492001906
0.36587234926034146
0.36106498248379604
0.3563030871208367
0.35158075708996944
0.34689231969996853
0.34223237926356054
0.3375958532769824
0.33297800261565125
0.32837445756606326
0.32378124179271994
0.31919479656363337
0.3146120077523341
0.31003023829575216
0.30544736887050133
0.30086184944322486
0.2962727638491931
0.2916799083324409
0.28708388259807227
0.28248618788778407
0.2778893205742404
0.2732968420713065
0.26871339804505134
0.26414465538096443
0.2595971290600379
0.2550778874475216
0.2505941535223676
0.2461528534183645
0.2417601876986962
0.23742130142047854
0.23314010348977962
0.22891924530422547
0.22476023123933522
0.22066361250777658
0.21662921391773493
0.21265635413730904
0.20874403583396545
0.20594751073445997
0.2033107366285392
0.2006656209472774
0.19801354593289525
0.19535555179769368
0.19269228665028879
0.19002398625793324
0.18735048613279098
0.18467127060507246
0.1819855663335097
0.17929249160219055
0.17659127822290502
0.17388158979307491
0.1711639664993221
0.16844042612440588
0.16571522780757766
0.1629957304304824
0.16029311685245456
0.15762251803780802
0.15541931291699773
0.15368606874767135
0.15197289885992066
0.15061643906965472
0.14980316846222022
0.14901558815599025
0.14825160735238577
0.1475092039832529
0.1467864503302121
0.14608153307768998
0.14539276789392905
0.14471860881843515
0.1440576528603572
0.14419222852117158
0.14583933230325213
0.1474404211539917
0.1489964228061968
0.15050845896761916
0.15197767174647897
0.1534051460434293
0.15479187932778887
0.1561387746275445
0.15744664453944932
0.15871622007328834
0.15994816121007477
0.16114306763397693
0.16230148891391527
0.16342393382806836
0.16451087873207068
0.16556277496949962
0.16658005536431517
0.16756313984770246
0.16851244027219514
0.16942836446152848
0.17031131954024253
0.17116171458430013
0.1719799626336635
0.17276648211028955
0.1735216976895416
0.17424604067940713
0.17493994896920378
0.17560386661692856
0.17623824315108233
0.1768435326679739
0.17742019280802745
0.17796868369417257
0.1784894669104822
0.17898300459027178
0.1794497586687233
0.1798901903360615
0.18030475970352786
0.18069392566643488
0.1810581459172077
0.1813978770280505
0.18171357448933811
0.1820056925580617
0.18227468374311415
0.18252099773397928
0.18274507956842848
0.18294736683740448
0.18312828574216095
0.18328824585340758
0.18342763347410315
0.18354680357658282
0.18801000251679428
0.19300637543577104
0.1981108310367055
0.203321784007289
0.2086376558696079
0.21405689290516197
0.21957795948576497
0.22519932049085986
0.23091942082776837
0.2367366662567777
0.242649407355988
0.24865592710818857
0.2547544318972918
0.2609430454070569
0.2672198048464899
0.27358265897344364
0.2800294674840866
0.28655800144248705
0.29316594452124517
0.29985089490258626
0.30661036774681294
0.31344179817276413
0.3203425447164816
0.32730989324306803
0.33434106128601193
0.3414332027822302
0.3485834131611717
0.3557887347352093
0.3630461623274924
0.3703526490630148
0.3777051122393219
0.3851004391860307
0.3925354930164844
0.4000071181713756
0.4075121456536846
0.4150473978564667
0.4226096928917145
0.4301958483392308
0.43780268435000746
0.44542702605863416
0.45306570528271145
0.46071556151394155
0.4683734422312542
0.47603620259222135
0.4837007045789355
0.49136381569003373
0.4990224072770893
0.5066733526228235
0.5143135248483506
0.5219397947197989
0.5295490284006453
0.5371380851677762
0.54470381507757
0.5522430565346144
0.5597526336797016
0.5672293534761841
0.5746700023311784
0.5820713420390746
0.5894301047723873
0.5967429867632925
0.6040066402055297
0.6112176627447089
0.618372583688132
0.6254678457127073
0.6324997803116684
0.6394645743848277
0.6463582240408628
0.6531764694862373
0.6599147011430615
0.6665678205390648
0.6731300272804702
0.6795944794553387
0.6859527245928877
0.692193683896118
0.6983016825900515
0.7042521733172163
0.7100007860300959
0.7154466648996847
0.7202186133222206
0.7343559517131846
0.751348987642228
0.7644022504719442
0.7760071936925139
0.7867531150963213
0.7968893888984548
0.8065480792619916
0.8158083366413028
0.8247214665986715
0.833322551399108
0.8416365092303887
0.849681534360385
0.857471181456833
0.8650156950194865
0.8723228934976739
0.8793987780366809
0.886247964136339
0.8928739955914193
0.8992795779261644
0.9054667554016965
0.9114370476118092
0.9171915565816391
0.9227310519673613
0.9280560397488964
0.9331668183063098
0.938063524731644
0.9427461734932093
0.9472146890456196
0.9514689335951608
0.9555087309499606
0.9593338871736676
0.962944208603402
0.966339517671618
0.9695196668782825
0.972484551187943
0.975234119068515
0.9777683823443396
0.9800874249998199
0.9821914110412711
0.984080591501243
0.9857553106508512
0.9872160114699167
0.9884632404126595
0.9894976514962889
0.9903200097313426
0.9909311939067644
0.9913321987370207
0.9915241363754693
0.9915082372952738
0.9912858505382477
0.9908584433315711
0.990227600073373
0.9893950206900465
0.988362518371142
0.9871320166910181
0.9857055461321327
0.9840852400290594
0.9822733299593288
0.9802721406136229
0.9780840841845326
0.9757116543207373
0.973157419700529
0.9704240172854395
0.9675141453215914
0.9644305561621811
0.9611760489894565
0.9577534625185897
0.9541656677688399
0.9504155609880548
0.9465060568168007
0.9424400817766027
0.9382205681627955
0.9338504484178441
0.9293326500542486
0.9246700911880253
0.9198656767347935
0.91492229531023
0.9098428168657968
0.9046300910793211
0.8992869465089685
0.8938161905073307
0.8882206098820937
0.8825029722792359
0.8766660282561033
0.8707125140031038
0.8646451546663226
0.8584666682182427
0.8521797698193152
0.8457871766116662
0.8392916128842031
0.8326958155505637
0.8260025398823292
0.8192145654441221
0.8123347021821558
0.8053657966241276
0.798310738155718
0.7911724653481466
0.7839539723201545
0.776658315129774
0.7692886182013569
0.76184808080625
0.7543399836275222
0.7467676954507091
0.7391346800343148
0.7314445032225387
0.7237008403697035
0.7159074841479687
0.708068352805067
0.7001874989265439
0.6922691187294517
0.6843175618726997
0.6763373417025669
0.6683331457578802
0.6603098462269938
0.6522725098738507
0.6442264067227488
0.6361770165088538
0.628130031566571
0.6200913544523666
0.612067088214676
0.6040635168858398
0.5960870735647822
0.588144293503073
0.5802417500410009
0.5723859722079891
0.5645833443984134
0.5568399907564884
0.5491616495751481
0.541553545752372
0.5340202715889664
0.5265656873140292
0.5191928521689793
0.5119039944779717
0.504700525163265
0.4975830943560033
0.49055168608577127
0.48360574242978166
0.47674430656155925
0.4699661739899878
0.46327004262619653
0.45665465460421856
0.4501189253994413
0.443662058222115
0.4372836435723688
0.4309837450583522
0.42476297305424915
0.4186225475274886
0.4125643504194405
0.40659096633065195
0.4007057079308047
0.3949126195064052
0.38921644851733156
0.3836225713813794
0.37813685685334714
0.3727654498990358
0.3675144631347128
0.36238957411794875
0.3573955463053574
0.35253571746987244
0.34781152508174085
0.3432221525856027
0.3387643727351054
0.3344326305247585
0.33021935741034075
0.32611545885691334
0.3221108872183857
0.3181952097875113
0.3143581027272288
0.3105897328691495
0.3068810186551932
0.30322378173286746
0.2996108106236963
0.29603585977777513
0.2924936045640878
0.2889795681925728
0.28549003205448226
0.28202193739585185
0.2785727838457181
0.2751405289652533
0.2717234923466082
0.26832026750050214
0.26492964449618184
0.26155054582759446
0.25818197718610075
0.2548229937760026
0.2514726816744207
0.24813015271235453
0.24479455061394942
0.24146506577593535
0.23814095610749847
0.234821571717261
0.23150638182346053
0.22819500296189865
0.22488722828473756
0.22158305841749634
0.21828273493934017
0.21498677805380084
0.21169603040250476
0.20841170919524685
0.20513546878039046
0.20186947525753046
0.1986164933975145
0.19537998346497923
0.1921642008681544
0.1889742842554888
0.18581630764996676
0.18269726090745045
0.17962491454630794
0.17660752781286707
0.1736533823779522
0.170770172679652
0.16796434661521017
0.16529700239405495
0.16438821428604505
0.16354595053152265
0.1627608090041824
0.16202262394981906
0.16132101977271682
0.16064590876604912
0.1599878799587018
0.15933845630970844
0.1586902253198893
0.15803686649077295
0.15737310641899266
0.15669463121103358
0.15599798021396896
0.1552804380619867
0.15453993571934854
0.15377496637304225
0.1529845187660073
0.15216802858247694
0.15132534741807424
0.15045672832256451
0.14956282658319098
0.14864471406269977
0.1477039047973483
0.14674238850761784
0.14576266704342833
0.14476778655633735
0.14376135556629313
0.14274753662735176
0.14203685363521115
0.14332257872275161
0.1445590828866394
0.14574364127021547
0.14687563542362778
0.1479556769587067
0.14898509183025116
0.14996562375635994
0.15089926906684964
0.15178818989472365
0.1526346736876216
0.15344111947264236
0.15421003853580656
0.1549440612817828
0.15564594430296852
0.15631857290740575
0.15696495506615674
0.1575882033374933
0.15819150212070368
0.15877805882184962
0.15935103929239883
0.15991349016354275
0.1604682531508185
0.1610178785416559
0.16156454630701578
0.16211000311171755
0.16265552177811424
0.1632018867722293
0.16374940570255356
0.1642979434789145
0.16675188980004388
0.17100450263437103
0.17532221834035608
0.179709194137485
0.18416994163882836
0.1887090612104746
0.19333104559914774
0.1980401401582975
0.20284024766821512
0.20773486758391504
0.21272706140309097
0.21781943740374105
0.22301414926826638
0.22831290418441152
0.23371697697047622
0.23922722764479448
0.24484412064311947
0.2505677445594802
0.25639783182269704
0.2623337781096924
0.26837466154004613
0.27451926181110103
0.28076607944684123
0.2871133552784461
0.29355909018241266
0.3001010650022896
0.306736860491673
0.3134638770554473
0.3202793540361039
0.32718038829489016
0.3341639518656703
0.3412269085069478
0.34836602903485675
0.35557800537859763
0.3628594633540306
0.3702069741954706
0.37761706491750074
0.38508622759802
0.39261092768071193
0.4001876113922673
0.4078127123599228
0.4154826575007584
0.4231938722385344
0.43094278509019934
0.4387258316527989
0.4465394580154129
0.4543801236189281
0.46224430359034474
0.47012849058584066
0.47802919618814665
0.48594295191648335
0.4938663099213333
0.5017958434492763
0.5097281471749141
0.5176598375074818
0.5255875529883779
0.5335079549049844
0.5414177282566338
0.5493135832236395
0.55719225731384
0.5650505183989124
0.572885168911938
0.5806930515707617
0.5884710571346358
0.5962161349223862
0.6039253071612382
0.6115956887680088
0.6192245150108349
0.6268091808699986
0.6343472981959958
0.6418367806587189
0.649275973370042
0.6566638567028874
0.6640003780517462
0.6712870140618477
0.678527769947306
0.6857310602189749
0.6929135029106195
0.700108253445307
0.7073852829505024
0.7149064016009656
0.7230779359100913
0.7327225381955612
0.7439169776602552
0.7552754262876415
0.7661575854402009
0.7765320991772439
0.7864658768916001
0.7960203488852593
0.8052413199879103
0.8141619644089436
0.8228064343828476
0.8311925273703704
0.8393335111536155
0.847239365087878
0.854917635904641
0.8623740393682591
0.8696128920545858
0.8766374274686402
0.8834500318751762
0.8900524233373415
0.8964457898655233
0.9026308976376657
0.9086081769809398
0.914377791596812
0.91993969499818
0.9252936770708764
0.93043940292455
0.9353764456609035
0.9401043142966343
0.9446224777903232
0.9489303859073116
0.9530274874952157
0.9569132466183755
0.9605871569049245
0.9640487543856472
0.9672976290458782
0.9703334352650934
0.9731559012823289
0.9757648377951382
0.9781601457755572
0.9803418235669373
0.9823099733076215
0.9840648067151884
0.9856066502522693
0.9869359496856716
0.9880532740425862
0.9889593189613249
0.98965490942832
0.9901410018897657
0.9904186857230906
0.9904891840519501
0.9903538538882181
0.9900141855845029
0.989471801583095
0.9887284544497279
0.9877860241846419
0.9866465148080577
0.9853120502242266
0.9837848693735516
0.9820673206917836
0.98016185590258
0.9780710231796218
0.9757974597237088
0.9733438838098539
0.9707130863697317
0.9679079221832294
0.9649313007623824
0.9617861770185095
0.9584755418097741
0.955002412471848
0.9513698234376738
0.947580817053179
0.9436384346963577
0.9395457083029051
0.9353056523979356
0.930921256725689
0.9263954795603441
0.9217312417711286
0.9169314217027353
0.9119988509195219
0.9069363108492651
0.9017465303481846
0.8964321841966445
0.8909958925219215
0.8854402211335549
0.8797676827459648
0.8739807390548856
0.8680818036261292
0.8620732455505024
0.8559573938143629
0.8497365423327202
0.8434129555920697
0.836988874849426
0.830466524837319
0.8238481209260026
0.8171358766992388
0.8103320119032539
0.8034387607337552
0.796458380430874
0.7893931601570537
0.7822454301370535
0.7750175710446597
0.7677120236237244
0.760331298534512
0.7528779864172109
0.7453547681650148
0.7377644253952746
0.7301098511017252
0.7223940604592971
0.7146202017364285
0.7067915672450814
0.6989116042236817
0.6909839255024325
0.6830123197385123
0.675000760932274
0.6669534168401701
0.6588746557885661
0.650769051266795
0.6426413835446559
0.6344966374334585
0.6263399952071891
0.6181768236534815
0.610012654264487
0.601853155749562
0.5937040983937922
0.5855713103301768
0.5774606265443225
0.5693778323573825
0.5613286041522513
0.5533184510814159
0.5453526622481748
0.5374362641956447
0.5295739933269101
0.5217702870503083
0.5140292960577325
0.5063549183805455
0.4987508539873929
0.49122067696483046
0.48376792096423876
0.4763961726896902
0.4691091676760323
0.4619108822542064
0.45480561510880446
0.44887579631459007
0.44479704110720353
0.44069001536074404
0.4365546474024114
0.4323908357821747
0.4281984491535685
0.4239773260715319
0.41972727466808446
0.4154480721548947
0.41113946409085933
0.4068011633412113
0.402432848644474
0.3980341626937785
0.39360470963280253
0.38914405186344
0.3846517060672608
0.3801271383594974
0.37556975853211005
0.370978913416113
0.3663538795278847
0.3616938554033805
0.3569979544438724
0.3522651998295864
0.3474945243379915
0.34268478015095793
0.33783476770394244
0.3329432996849927
0.32800932888949985
0.3230321911061368
0.3180120537333933
0.31295072748654623
0.3078530991824431
0.3027295508113948
0.29759967766020784
0.29249687115643147
0.2874709539439209
0.28258258719920765
0.2778851415245729
0.27340364895729297
0.26912938252573093
0.26623457339116136
0.2633959150668811
0.2605479211188566
0.25768906817570936
0.2548183139155888
0.2519350256613368
0.24903893199184957
0.24613009205623038
0.24320887852033848
0.24027597093182418
0.2373323568193221
0.2343793381046217
0.23141854046801172
0.22845192323381738
0.2254817872128197
0.22251077784046674
0.21954188097853303
0.2165784089914362
0.21362397522590304
0.21068245581939304
0.2077579387767492
0.20485466135455946
0.2020379461250745
0.20052021554206118
0.19898671755091737
0.19743550106178226
0.195864833976835
0.19427323492782111
0.19265949494079682
0.19102268913304363
0.18936217942183783
0.18767760983088022
0.1859688963133218
0.18423621311413554
