1.0
0.9999239732356763
0.9996959456056943
0.999316054268832
0.9987845310775376
0.9981017002346023
0.9972679778934204
0.9962838716494102
0.9951499799193639
0.9938669912098268
0.9924356832749472
0.9908569221646262
0.9891316611643425
0.9872609396273067
0.9852458817008513
0.9830876949478334
0.9807876688653798
0.978347173302046
0.9757676567759642
0.973050644695482
0.970197737485167
0.9672106086189123
0.9640910025638435
0.9608407326367341
0.957461678776983
0.9539557852390739
0.9503250582080585
0.9465715633420207
0.9426974232456435
0.938704814879209
0.9345959669076054
0.9303731569944454
0.9260387090465642
0.9215949904143689
0.917044409054013
0.9123894106576962
0.9076324757585962
0.9027761168173647
0.897822875297353
0.8927753187362796
0.8876360378221085
0.882407643481268
0.8770927639878495
0.871694042102259
0.8662141322485883
0.860655697739422
0.8550214080577668
0.849313936205307
0.8435359561263795
0.8376901402171933
0.8317791569296294
0.8258056684786881
0.8197723286627392
0.8136817808049058
0.8075366558240009
0.8013395704426712
0.7950931255396831
0.7887999046527959
0.782462472637708
0.7760833744875991
0.7696651343168658
0.7632102545114126
0.7567212150465117
0.750200472972182
0.7436504620642295
0.7370735926377914
0.7304722515186595
0.7238488021656975
0.7172055849361328
0.7105449174837387
0.7038690952780345
0.6971803922305118
0.6904810614127441
0.68377333584859
0.6770594293613273
0.6703415374549312
0.6636218382066085
0.6569024931464653
0.6501856480986429
0.6434734339569343
0.6367679673669127
0.6300713512856584
0.6233856753896211
0.6167130163010883
0.6100554376035553
0.603414989617201
0.5967937089063184
0.5901936174926488
0.5836167217500203
0.5770650109592941
0.5705404555052751
0.5640450047020574
0.5575805842376924
0.5511490932349956
0.5447524009313994
0.5383923429876525
0.5320707174430579
0.525789280342241
0.5195497410674107
0.5133537574178396
0.507202930487052
0.5010987993957989
0.49504283594649684
0.48903643927109586
0.4830809305497428
0.4771775478813822
0.47132744138969224
0.4655316686479688
0.45979119050486944
0.45410686738906086
0.44847945616480395
0.44290960760249476
0.4373978645183711
0.4319446606258593
0.4265503201283879
0.4212150580696952
0.4159389814431764
0.41072209104783075
0.40556428406400624
0.4004653573091464
0.395425011121792
0.3904428538114994
0.38551840660352665
0.3806511090005223
0.3758403244785621
0.3710853464318979
0.3663854042802808
0.3617396696533133
0.357147262569037
0.3526072575275561
0.348118689445551
0.34368055936315406
0.33929183986055
0.3349514801281856
0.3306584106403183
0.3264115473876339
0.3222097956294887
0.3180520531310248
0.3139372128534273
0.30986416506801734
0.30583179886572937
0.30183900303311195
0.29788466626397425
0.2939676766725013
0.2900869205681008
0.28624128044564445
0.2824296321352636
0.2786508410454454
0.2749037574194962
0.27118721051020356
0.2698668327726439
0.269940392389271
0.26997849762314086
0.26998138494017077
0.269949312639607
0.2698825607458795
0.2697814309017676
0.2696462462650502
0.26947735141111745
0.2692751122439369
0.26903991591800785
0.26877217077376037
0.26847230628914065
0.26814077304992173
0.2677780427414125
0.26738460816408527
0.26696098327568074
0.2665077032621731
0.26602532463984957
0.2655144253906513
0.2649756051325813
0.26440948532677533
0.2638167095223469
0.26319794363972315
0.26255387629245946
0.2618852191467113
0.26119270731659255
0.2604770997923265
0.25973917989661166
0.259062698018101
0.2597528484097329
0.2604170503957025
0.2610545851525433
0.26166476051772747
0.26224691040268366
0.26280039427844776
0.26332459672895886
0.26381892706698884
0.2642828190077495
0.26471573039510915
0.2651171429754047
0.2654865622136616
0.26582351714704106
0.2661275602704727
0.26639826744940626
0.26663523785499427
0.2668380939172788
0.2670064812923207
0.26714006883966157
0.2672385486067407
0.2673016358174517
0.2673290688620715
0.2673206092862354
0.2672760417767729
0.2671951741423137
0.267077837286926
0.26692388517498034
0.2685239986924248
0.27224639130570893
0.27599887010583857
0.27978265706831584
0.28359896434543613
0.2874490017171715
0.2913339828006614
0.29525513011139887
0.2992136790483812
0.30321088085768255
0.3072480046139275
0.31132633824675604
0.31544718862981275
0.3196118807424733
0.32382175591037476
0.3280781691288681
0.3323824854744622
0.3367360756132381
0.34114031042130544
0.34559655474200435
0.35010616031580183
0.35467045793339336
0.3592907488781872
0.36396829574235157
0.36870431271892856
0.37349995549132564
0.3783563108597161
0.38327438626011995
0.3882550993458355
0.39329926781127267
0.3984075996436595
0.4035806839888906
0.40881898281248574
0.414122823525287
0.4194923927266511
0.42492773119512717
0.43042873022885514
0.43599512940700313
0.4416265158085705
0.44732232469011607
0.4530818415877807
0.45890420577534874
0.4647884149789375
0.4707333312215998
0.4767376876494845
0.48280009617441894
0.48891905575750166
0.4950929611540178
0.5013201119408466
0.5075987216543726
0.5139269268773847
0.520302796128308
0.5267243384227335
0.533189511396737
0.5396962289006434
0.5462423679925344
0.5528257752795731
0.5594442725741557
0.5660956618483393
0.5727777294854433
0.5794882498408419
0.5862249881350345
0.5929857027117319
0.5997681467007002
0.6065700691309637
0.613389215543983
0.6202233281589159
0.6270701456436562
0.6339274025455454
0.6407928284350696
0.647664146814709
0.6545390738431259
0.6614153169227022
0.6682905731955177
0.6751625279902521
0.6820288532592206
0.6888872060415512
0.6957352269853084
0.7025705389579746
0.7093907457718159
0.7161934310467519
0.7229761572310172
0.729736464796276
0.7364718716212236
0.7431798725747982
0.7498579393073863
0.7565035202560257
0.7631140408670736
0.769686904037657
0.7762194907750999
0.782709161071697
0.789153254990374
0.7955490939554073
0.8018939822406774
0.808185208647161
0.8144200483598432
0.8205957649737943
0.8267096126781532
0.8327588385862713
0.8387406851998281
0.8446523929945962
0.8504912031149489
0.8562543601646455
0.8619391150810662
0.8675427280804229
0.8730624716615182
0.8784956336560902
0.8838395203138725
0.8890914594111163
0.8942488033716415
0.8993089323899396
0.9042692575462014
0.9091272239040571
0.9138803135819061
0.9185260487893127
0.9230619948207817
0.9274857629992252
0.931795013562456
0.9359874584862256
0.9400608642377963
0.9440130544548985
0.9478419125447531
0.95154538419884
0.9551214798192604
0.9585682768529933
0.9618839220305482
0.9650666335063771
0.9681147028980092
0.9710264972219438
0.9738004607239842
0.9764351166025084
0.9789290686230162
0.9812810026227412
0.9834896879042717
0.9855539785173234
0.987472814427974
0.9892452225749685
0.990870317812531
0.9923473037396908
0.9936754734159225
0.9948542099633605
0.9958829870555702
0.9967613692933736
0.9974890124680629
0.9980656637126682
0.9984911615418952
0.9987654357816133
0.998888507388641
0.9988604881620466
0.9986815803469736
0.9983520761322143
0.9978723570429906
0.9972428932302609
0.9964642426582568
0.9955370501917542
0.9944620465848929
0.9932400473736126
0.9918719516733288
0.9903587408841691
0.9887014773059807
0.9869013026650936
0.9849594365556095
0.9828771747973889
0.9806558877135059
0.978297018329712
0.975802080498827
0.9731726569528396
0.9704103972858868
0.9675170158708449
0.9644942897132333
0.9613440562453291
0.9580682110642537
0.9546687056175301
0.9511475448397001
0.947506784744303
0.9437485299750741
0.9398749313207545
0.9358881831982371
0.9317905211087966
0.927584219072633
0.9232715870469085
0.9188549683331975
0.9143367369798575
0.9097192951854993
0.9050050707097106
0.9001965142970683
0.8952960971207176
0.8903063082520211
0.8852296521621325
0.880068646262181
0.8748258184880457
0.8695037049362189
0.864104847556776
0.8586317919101014
0.8530870849931791
0.847473273141993
0.8417929000157212
0.8360485046689032
0.8302426197170131
0.8243777696006847
0.8184564689538184
0.8124812210797219
0.8064545165394488
0.8003788318555402
0.794256628334068
0.7880903510066267
0.7818824276936
0.7756352681889789
0.7693512635658701
0.7630327856011068
0.7566821863163471
0.7503017976316231
0.7438939311266254
0.7374608779034453
0.7310049085436269
0.7245282731510527
0.7180332014707933
0.7115219030733817
0.7049965675921201
0.6984593650005286
0.6919124459154894
0.68535794191084
0.6787979658253028
0.672234612047787
0.6656699567624037
0.659106058135277
0.6525449564249175
0.6459886739978338
0.6394392152316644
0.6328985662883883
0.6263686947412089
0.6198515490400303
0.6133490578019659
0.606863128915067
0.6003956484459495
0.5939484793443164
0.5875234599402632
0.5811224022331531
0.5747470899740259
0.5683992765469806
0.562080682657938
0.5557929938430344
0.5495378578116075
0.5433168816424963
0.5371316288550212
0.5309836163790072
0.5248743114508216
0.51880512846477
0.5127774258112278
0.5067925027346839
0.5008515962462327
0.4949558781260567
0.4891064520521721
0.48330435089126333
0.47755053418775467
0.4718458858852906
0.4661912123137783
0.460587240472315
0.4550346166356273
0.4495339053078235
0.4440855885432819
0.4386900656496144
0.43334765328308283
0.428058585941073
0.4228230168513982
0.41764101925234565
0.4125125880523095
0.4074376418524715
0.4024160253111513
0.3974475118236343
0.39253180648701336
0.3876685493155698
0.38285731866886213
0.3780976348516815
0.37338896384292874
0.36873072110864563
0.36412227545392317
0.35956295286811696
0.3550520403189881
0.35058878945272753
0.3461724201595338
0.34180212396750526
0.3374770672312881
0.3331963940862634
0.3289592291433621
0.3247646799043179
0.3206118388814203
0.31649978541017004
0.31242758714667224
0.3083943012446799
0.3043989752092136
0.30044064742460463
0.2965183473546452
0.2926310954106879
0.2887779024802819
0.284957769103789
0.2811696842793516
0.27741262386762544
0.2736855485568349
0.2719931149749021
0.2719870346857103
0.2719463020169813
0.2718711814653089
0.2717619584340256
0.27161893920701463
0.2714424508930503
0.2712328413421684
0.27099047903829065
0.2707157529750699
0.2704090725248132
0.27007086731266755
0.2697015871099552
0.26930170176072826
0.2688717011547094
0.268412095257506
0.2679234142053412
0.2674062084678137
0.26686104907788966
0.2662885279251559
0.26568925810569094
0.2650638743208619
0.2644130333170477
0.2637374143589634
0.26303771973038964
0.26231467525685964
0.2615690308456808
0.26080156103832147
0.2600130655694507
0.2592043699251834
0.25837632589057047
0.2581402467987161
0.2587731490744076
0.2593772147553082
0.2599518068431561
0.26049631515023286
0.2610101555650281
0.26149276931967413
0.26194362225338924
0.2623622040658546
0.26274802755409704
0.26310062782673144
0.26341956149003165
0.2637044058017886
0.2639547577915031
0.264170233348441
0.26435046628353326
0.26449510737587356
0.2646038234201253
0.26467629629683254
0.2647122220934263
0.26471131030854733
0.264673283176002
0.26459787514657007
0.26448483256483646
0.2643339135745858
0.26414488827899596
0.26459499359576916
0.26834925497501394
0.2721333430033224
0.27594833607421676
0.27979533597675216
0.28367547458799786
0.28758991960656316
0.2915398793770188
0.29552660683897547
0.29955140261823565
0.30361561726019315
0.30772065258851633
0.3118679621559679
0.31605905073881446
0.3202954728136462
0.3245788299451561
0.32891076700760835
0.33329296716070206
0.3377271455046014
0.34221504134853126
0.34675840904368105
0.35135900735478914
0.35601858737553194
0.3607388790307851
0.3655215762535029
0.370368320974371
0.37528068611638155
0.3802601578424886
0.3853081173593511
0.39042582262998315
0.39561439039024554
0.4008747788935834
0.4062077718230802
0.41161396380524923
0.41709374793650905
0.4226473056881809
0.4282745994918544
0.4339753682262013
0.4397491257325737
0.4455951623857569
0.4515125496435314
0.45750014740030037
0.46355661388205927
0.46968041774642005
0.47586985199609716
0.48212304927923766
0.48843799813549693
0.49481255975132865
0.5012444848104575
0.507731430061267
0.5142709742700508
0.5208606332824308
0.527497873972215
0.5341801269142044
0.5409047976720524
0.5476692766427054
0.554470947443394
0.5613071938653378
0.5681754054495256
0.5750729817644367
0.5819973354837983
0.5889458943748519
0.5959161023151629
0.6029054194590245
0.6099113216742643
0.6169312993669588
0.6239628558065792
0.631003505057051
0.6380507696114031
0.6451021778196302
0.6521552611900497
0.6592075516366332
0.6662565787354583
0.6732998670460754
0.6803349335455346
0.6873592852156355
0.6943704168178747
0.7013658088837647
0.7083429259434996
0.7152992150102708
0.7222321043334575
0.7291390024296419
0.7360172973970313
0.742864356515056
0.7496775261289477
0.7564541318155911
0.7631914788254162
0.7698868527929138
0.7765375207065303
0.7831407321276312
0.789693720646654
0.7961937055637823
0.80263789378069
0.8090234818889327
0.8153476584405054
0.8216076063853668
0.8278005056603842
0.8339235359145518
0.8399738793542559
0.8459487236936613
0.8518452651939101
0.8576607117764177
0.8633922861947269
0.8690372292503084
0.8745928030376922
0.8800562942053468
0.8854250172185332
0.8906963176116482
0.8958675752179022
0.9009362073647961
0.9058996720251621
0.9107554709137642
0.9155011525204892
0.9201343150723053
0.924652609416512
0.9290537418191321
0.9333354766725966
0.9374956391080368
0.9415321175082378
0.9454428659173891
0.9492259063451185
0.9528793309622627
0.9564013041864268
0.9597900646559208
0.9630439270905489
0.9661612840386841
0.9691406075095524
0.971980450490183
0.9746794483469656
0.977236320111262
0.9796498696492818
0.9819189867161616
0.9840426478947614
0.9860199174193129
0.9878499478848217
0.9895319808427537
0.9910653472838408
0.992449468009044
0.9936838538896888
0.9947681060176541
0.9957019157472153
0.9964850646290435
0.9971174242383851
0.9975989558980008
0.997929710297629
0.9981098270113575
0.998139533914364
0.9980191465008404
0.9977490671047886
0.9973297840259624
0.996761870562883
0.9960459839554288
0.9951828642394538
0.9941733330160637
0.9930182921382881
0.9917187223180237
0.9902756816560353
0.988690304098077
0.9869637978200186
0.9850974435448598
0.9830925927946818
0.9809506660806184
0.9786731510332871
0.976261600477503
0.9737176304533874
0.9710429181875967
0.9682392000175384
0.9653082692718492
0.9622519741106527
0.959072215328981
0.9557709441271814
0.9523501598521363
0.9488119077132765
0.9451582764778538
0.9413913961496275
0.9375134356356305
0.9335266004058771
0.92943313015043
0.9252352964391379
0.9209354003884562
0.9165357703405245
0.9120387595589139
0.9074467439458245
0.9027621197849754
0.8979873015144978
0.8931247195337595
0.888176818048073
0.8831460529549856
0.8780348897757037
0.8728458016355165
0.8675812672964758
0.8622437692463353
0.8568357918470499
0.8513598195467456
0.8458183351585075
0.8402138182095196
0.8345487433635675
0.8288255789197291
0.8230467853892768
0.8172148141522175
0.8113321061942059
0.8054010909230788
0.7994241850636884
0.7934037916282858
0.7873422989585078
0.7812420798338551
0.7751054906409887
0.7689348705964864
0.7627325410159773
0.7565008046216102
0.7502419448798595
0.7439582253620964
0.7376518891201966
0.7313251580706412
0.724980232380516
0.7186192898498417
0.712244485284911
0.705857949857487
0.6994617904451158
0.6930580889470521
0.6866489015702899
0.6802362580796275
0.6738221610048478
0.6674085847977811
0.6609974749318721
0.6545907469366036
0.6481902853602907
0.6417979426554176
0.6354155379831594
0.6290448559358185
0.6226876451795085
0.6163456170230004
0.6100204439226594
0.6037137579376112
0.5974271491527445
0.5911621640906329
0.5849203041351737
0.5787030239908739
0.5725117302007731
0.5663477797442863
0.5602124787324533
0.5541070812137688
0.5480327880986101
0.5419907462046619
0.535982047420996
0.530007727983582
0.5240687678521155
0.5181660901757099
0.5123005608345053
0.5064729880450463
0.5006841220192138
0.49493465466977127
0.4892252193594198
0.4835563906946541
0.47792868437064384
0.4723425570778999
0.4667984064858891
0.4612965713227908
0.4558373315739285
0.4504209088234168
0.4450474667653356
0.4397171119107864
0.43442989451630704
0.42918580975695836
0.42398479916402
0.41882675234287037
0.4137115089809436
0.40863886114928555
0.40360855589445377
0.39862029810951355
0.3936737536660553
0.38876855278096395
0.38390429358545497
0.37908054585731893
0.37429685487230063
0.3695527453268314
0.36484772528179626
0.36018129007597527
0.3555529261587848
0.35096211479395667
0.3464083355892117
0.3418910698123917
0.33740980345987487
0.3329640300503789
0.328553253124021
0.32417698843463
0.31983476583012055
0.3155261308235488
0.3112506458636183
0.3070078913195424
0.3027974662000707
0.29861898863052133
0.294472096114966
0.2903564456130336
0.28627171346298924
0.28221759518504586
0.27819380520232967
0.27520032973966946
0.27515392911984377
0.27507292692322094
0.2749575807002048
0.27480816543140807
0.27462497390269897
0.27440831710433944
0.2741585246445968
0.2738759451652728
0.27356094674390696
0.27321391726502753
0.27283526474088177
0.27242541756156946
0.2719848246549714
0.2715139555391622
0.27101330025409187
0.2704833691648511
0.26992469263589386
0.2693378205832124
0.26872332191931464
0.26808178391258897
0.2674138114880237
0.2667200264996871
0.2660010670061402
0.26525758657925097
0.2644902536742509
0.26369975108578264
0.2628867755114841
0.2620520372419654
0.2611962599943392
0.2603201809049365
0.259424550695276
0.25851013402250417
0.2575777100204356
0.25662807302908713
0.2556620334990444
0.2552120270079813
0.25564753959637126
0.2560458085407394
0.2564060723921707
0.2567276433110289
0.25700991780532934
0.2572523853136194
0.25745463447683303
0.2576163571919238
0.2577373507414276
0.2578175184231575
0.2578568691537175
0.25785551649546845
0.2578136774764666
0.25773167145898035
0.25760991918760673
0.2574489420305006
0.25724936133134285
0.25701189772187355
0.256737370208726
0.2564266948432137
0.25608088280477603
0.25570103777365893
0.25736609300714886
0.26113085457272267
0.2649168501127645
0.26872506849716044
0.2725566532922642
0.27641290544210484
0.2802952877645913
0.28420543062240156
0.2881451381723383
0.29211639461178385
0.29612136983422377
0.30016242388193687
0.30424210955226283
0.3083631724777839
0.3125285479724087
0.3167413539213292
0.32100487900597807
0.32532256560613826
0.3296979868216309
0.3341348172152945
0.33863679710312955
0.34320769050588207
0.34785123722192707
0.35257109986582263
0.3573708071141212
0.36225369477454267
0.367222846607733
0.37228103704223325
0.3774306780022295
0.3826737719921497
0.3880118733505007
0.3934460592102138
0.39897691121794965
0.4046045085113345
0.41032843188378576
0.4161477785271291
0.4220611862773755
0.4280668659264722
0.4341626399218729
0.44034598565776295
0.4466140815602662
0.4529638542663006
0.4593920253703181
0.4658951564403335
0.4724696912613175
0.47911199452761666
0.4858183864609727
0.4925851730618653
0.4994086719025413
0.5062852335344774
0.5132112587111521
0.5201832117193393
0.5271976301737769
0.5342511316638212
0.5413404176526395
0.5484622750246688
0.5556135756589652
0.5627912743802829
0.5699924056079574
0.5772140789891844
0.5844534742688995
0.59170783561478
0.5989744655852053
0.6062507188985362
0.6135339961365572
0.620821737491717
0.6281114166472425
0.6354005348622145
0.6426866153176468
0.6499671977671415
0.6572398335243209
0.6645020808093424
0.6717515004695077
0.6789856520817397
0.6862020904394412
0.6933983624217662
0.7005720042403515
0.7077205390555285
0.7148414749530083
0.7219323032708505
0.7289904972664557
0.7360135111135353
0.7429987792197809
0.7499437158565996
0.7568457150932884
0.7637021510287879
0.7705103783146475
0.7772677329628074
0.7839715334318951
0.790619081984564
0.7972076663075104
0.8037345613842741
0.810197031608809
0.816592333126074
0.8229177163838814
0.829170428877916
0.8353477180705011
0.8414468344619316
0.8474650347925049
0.8533995853520897
0.8592477653747715
0.8650068704954906
0.87067421624703
0.8762471415760297
0.88172301235877
0.8870992248983793
0.8923732093872527
0.8975424333201739
0.9026044048452229
0.9075566760418867
0.9123968461167493
0.9171225645091763
0.9217315339006963
0.9262215131228472
0.9305903199593516
0.9348358338394009
0.9389559984192789
0.9429488240502226
0.946812390131063
0.9505448473436865
0.9541444197707175
0.9576094068937419
0.9609381854717364
0.9641292112982416
0.9671810208371675
0.9700922327359621
0.9728615492161549
0.9754877573403176
0.9779697301554687
0.9803064277124676
0.9824968979614749
0.9845402775231651
0.9864357923363299
0.9881827581816529
0.9897805810823143
0.9912287575820832
0.9925268749014178
0.9936746109727695
0.9946717343561828
0.9955181040367023
0.9962136691054736
0.9967584683265375
0.9971526295919394
0.997396369267952
0.9974899914356005
0.9974338870288695
0.9972285328744582
0.9968744906364574
0.9963724056701035
0.9957230057880107
0.9949270999420681
0.9939855768244883
0.9928994033901223
0.9916696233026931
0.9902973553066917
0.9887837915266817
0.987130195695465
0.985337901313061
0.9834083097378808
0.9813428882126832
0.9791431678275991
0.976810741423606
0.9743472614398522
0.9717544377090072
0.9690340352054002
0.9661878717503842
0.9632178156807254
0.9601257834849038
0.956913737413175
0.9535836830669772
0.9501376669734355
0.9465777741507447
0.9429061256703203
0.9391248762216541
0.9352362116858561
0.9312423467239475
0.9271455223859393
0.9229480037468428
0.9186520775756599
0.9142600500432286
0.9097742444750203
0.9051969991542022
0.9005306651805071
0.8957776043899973
0.8909401873401415
0.886020791364678
0.8810217987015856
0.8759455946977402
0.8707945660922435
0.8655710993808112
0.8602775792622194
0.8549163871674301
0.8494898998716147
0.8440004881880622
0.838450515743049
0.8328423378295918
0.8271783003379499
0.8214607387600927
0.815691977264724
0.8098743278397655
0.8040100894979798
0.798101547542197
0.7921509728855615
0.7861606214224219
0.7801327334451545
0.7740695331023364
0.767973227892644
0.7618460081897143
0.7556900467917275
0.7495074984900741
0.7433004996503126
0.7370711677987615
0.7308216012070621
0.7245538784669887
0.7182700580469084
0.7119721778211083
0.70566225456267
0.6993422833901309
0.6930142371584161
0.6866800657839945
0.6803416954952437
0.6740010279989743
0.6676599395559462
0.6613202799589605
0.6549838714101424
0.6486525072958764
0.6423279508616994
0.6360119337924529
0.6297061547069055
0.6234122775795591
0.6171319301052737
0.6108667020243608
0.6046181434269211
0.5983877630540873
0.5921770266122554
0.585987355112188
0.5798201232409909
0.5736766577697934
0.5675582359958546
0.561466084214739
0.555401376216807
0.5493652318034106
0.5433587153211722
0.5373828342182446
0.5314385376326327
0.5255267150310519
0.5196481949235526
0.5138037436870575
0.5079940645364125
0.5022197966859656
0.49648151474692614
0.4907797284058355
0.4851148824274486
0.4794873570204786
0.47389746859854065
0.4683454709598576
0.4628315568991718
0.4573558602539538
0.4519184583747993
0.4465193749972761
0.44115858347999043
0.43583601036236047
0.43055153918462036
0.425305014504207
0.42009624603569645
0.414925012836791
0.40979106746072075
0.4046941399955093
0.3996339419129809
0.39461016965476114
0.38962250788893904
0.3846706323789162
0.3797542124151889
0.3748729127704435
0.37002639514955854
0.3652143191161156
0.36043634248815354
0.3556921212060039
0.350981308684348
0.3463035546693855
0.3416585036288233
0.3370457927087529
0.33246504929480786
0.3279158882179637
0.32339790864503853
0.3189106906924328
0.3144537917975024
0.3100267428753714
0.3056290442804302
0.3012601615799121
0.2969195211327905
0.29260650544947403
0.28832044828648695
0.284060629404934
0.2798262688905005
0.2774003803269738
0.27734980255549907
0.27726289285229316
0.27713979581937176
0.27698067105412866
0.27678569228585254
0.2765550465444259
0.2762889333577932
0.2759875639740962
0.2756511606035676
0.27527995567500957
0.2748741911012674
0.27443411754826175
0.2739599937022204
0.27345208553047823
0.2729106655317541
0.27233601197303775
0.2717284081117303
0.2710881414034169
0.270415502698083
0.2697107854306232
0.268974284815085
0.2682062970568284
0.2674071186027849
0.26657704545735345
0.26571637260126213
0.26482539356315693
0.26390440020972106
0.2629536828414538
0.2619735307088149
0.260964233100112
0.25992608120101174
0.25952223880096337
0.2603108121624864
0.2610697589275407
0.26179815302032083
0.262495076327992
0.26315962033773044
0.26379088798621003
0.2643879956919835
0.2649500755250228
0.2654762774530772
0.2659657715931611
0.2664177503884131
0.2668314306277123
0.26720605522756685
0.2675408947035079
0.2678352482711205
0.2680884445341957
0.26829984173761634
0.2684688275847222
0.26859481864001633
0.2686772593579351
0.26871562079402445
0.2687093990665031
0.2686581136420719
0.2685613055210607
0.26841853539306976
0.2682293818271111
0.26799343955070853
0.26771031786265953
0.26737963921619673
0.2693283882268034
0.27304428727339
0.27678226757103547
0.28053931237161134
0.28431313710086165
0.28810214029446046
0.2919053396877457
0.29572230629672414
0.2995531043042028
0.3033982408386394
0.3072586272610489
0.3111355520892801
0.315030664883591
0.3189459700349422
0.32288382924796877
0.32684697146294395
0.33083850893187977
0.33486195809740094
0.3389212637886626
0.34302082502307835
0.3471655203782482
0.3513607304733394
0.3556123545825814
0.35992681781967084
0.3643110647203863
0.36877253447573227
0.3733191126197989
0.3779590537807709
0.38270087032227657
0.38755318254006593
0.3925245277712209
0.3976231285613526
0.40285662409941086
0.4082317744723474
0.4137541535750407
0.41942785289083206
0.4252552234270712
0.431236685054773
0.4373706296937945
0.4436534364114722
0.4500796033274044
0.45664198572566944
0.4633321155539644
0.47014056797098813
0.4770573377938729
0.4840721925239138
0.4911749772136393
0.4983558570392171
0.5056054934994559
0.5129151579885012
0.5202767914405497
0.5276830210041441
0.535127144908334
0.5426030955890753
0.5501053894150727
0.5576290694639375
0.5651696460449576
0.5727230381841008
0.580285518120839
0.587853659997914
0.5954242933091476
0.6029944612544613
0.610561383885577
0.6181224257685393
0.6256750678066613
0.6332168828342095
0.6407455145899749
0.6482586596963
0.6557540522968004
0.6632294510365296
0.6706826281012362
0.6781113600629223
0.6855134203076647
0.6928865728480396
0.7002285673454108
0.7075371351882072
0.7148099864911136
0.7220448078958787
0.7292392610698094
0.7363909818105595
0.7434975796784388
0.7505566380874132
0.757565714796353
0.7645223427502268
0.7714240312290812
0.7782682672690537
0.785052517325883
0.7917742291561867
0.7984308338960373
0.8050197483195867
0.8115383772631082
0.8179841162015652
0.8243543539661955
0.8306464755919698
0.836857865284106
0.8429859094925867
0.8490280000832365
0.8549815375930114
0.8608439345566532
0.8666126188912021
0.8722850373239689
0.8778586588493896
0.8833309781995253
0.888699519313675
0.8939618387915468
0.8991155293161961
0.9041582230327222
0.9090875948697833
0.91390136579225
0.9185973059742266
0.923173237882867
0.9276270392652014
0.9319566460304697
0.9361600550228413
0.9402353266796605
0.9441805875717855
0.9479940328235934
0.9516739284106928
0.9552186133343731
0.9586265016722234
0.9618960845045721
0.965025931717055
0.9680146936794753
0.9708611028011798
0.9735639749635128
0.976122210829479
0.9785347970309617
0.9808008072334133
0.9829194030781705
0.9848898350020816
0.9867114429343162
0.9883836568697809
0.9899059973189744
0.9912780756335664
0.9924995942073263
0.993570346551958
0.9944902172475656
0.9952591817673359
0.995877306176508
0.9963447467059181
0.9966617492000993
0.9968286484412409
0.9968458673494337
0.9967139160610535
0.9964333908867281
0.996004973151162
0.9954294279173534
0.9947076025978382
0.993840425456596
0.9928289040046906
0.9916741232936908
0.9903772441108061
0.9889395010797264
0.9873622006714906
0.985646719129601
0.983794500313631
0.981807053465383
0.9796859509020789
0.9774328256403461
0.9750493689553545
0.9725373278794048
0.9698985026437317
0.967134744068535
0.9642479509055711
0.9612400671381263
0.958113079244019
0.9548690134267577
0.951509932821415
0.94803793468109
0.944455147551453
0.9407637284400013
0.9369658599883165
0.9330637476549051
0.9290596169174006
0.9249557105028183
0.9207542856552632
0.9164576114504407
0.9120679661670856
0.9075876347257908
0.9030189062056058
0.8983640714496431
0.893625420770749
0.8888052417685501
0.8839058172692659
0.8789294233993177
0.8738783278033189
0.8687547880167273
0.8635610500019139
0.8582993468555398
0.8529718976935419
0.8475809067176441
0.8421285624657069
0.8366170372452083
0.8310484867464464
0.8254250498294767
0.8197488484751878
0.8140219878885167
0.8082465567383957
0.8024246275166277
0.7965582569955596
0.7906494867622212
0.7847003438055687
0.7787128411323523
0.772688978387211
0.7666307424529396
0.7605401080078555
0.7544190380196538
0.7482694841562929
0.7420933870985744
0.7358926767412138
0.7296692722733045
0.7234250821324771
0.7171620038307849
0.710881923653996
0.704586716239445
0.6982782440409377
0.6919583566919034
0.6856288902807792
0.6792916665544156
0.672948492067049
0.6666011572932069
0.6602514357235201
0.6539010829620738
0.6475518358431773
0.6412054115842453
0.6348635069893045
0.6285277977155359
0.6221999376122623
0.6158815581390318
0.6095742678660633
0.603279652057238
0.596999272332909
0.5907346664069677
0.5844873478903162
0.5782588061510915
0.5720505062204753
0.5658638887321212
0.5597003698823373
0.5535613413982031
0.5474481704998317
0.5413621998431226
0.5353047474279911
0.5292771064563714
0.5232805451223637
0.5173163063148621
0.5113856072109758
0.5054896387357866
0.49962956486195065
0.4938065217207924
0.48802161649581727
0.48227592606952435
0.47657049539609864
0.47090633557565914
0.4652844216103636
0.45970568982878995
0.4541710349725785
0.44868130694781155
0.4432373072526545
0.43783978510284594
0.4324894332860532
0.4271868837862316
0.4219327032286798
0.41672738820611577
0.4115713605557724
0.406464962667088
0.40140845290899146
0.3964020012753054
0.3914456853551612
0.38653948674259964
0.38168328800415285
0.3768768703249204
0.37211991195001226
0.36741198753036075
0.3627525684667846
0.35814102432591793
0.35357662537490175
0.34905854625056176
0.34458587074426306
0.34015759764752534
0.33577264756810443
0.33142987059411655
0.3271280546553303
0.3228659344097919
0.3186422004688462
0.314455508767098
0.3103044898839099
0.3061877581292861
0.3021039202189664
0.2980515833780886
0.2940293627289031
0.2900358878341122
0.28606980828010836
0.2821297981934133
0.27821455958622876
0.2777032599141992
0.27749904888181437
0.27725869796027175
0.27698208481110204
0.27666909993927846
0.27631964395783193
0.27593362477141853
0.2755109546403002
0.2750515470825992
0.27455531356800067
0.2740221599507113
0.2734519825823973
0.27284466403735264
0.27220006837138894
0.27151803582283796
0.2707983768474424
0.2700408653580384
0.2692452310136794
0.2684111503690236
0.2675382366516063
0.26662602787842876
0.26567397294993456
0.26468141526288314
0.26513998084752294
0.26575438885495867
0.26635408784679043
0.2669383947683915
0.267506631593068
0.26805812840334475
0.2685922261310876
0.269108278902918
0.26960565594447505
0.27008374300594656
0.27054194328269227
0.2709796778179831
0.27139638538957706
0.2717915218977069
0.27216455928809213
0.2725149840597583
0.272842295422363
0.2731460031812599
0.2734256254397502
0.2736806862162521
0.2739107130794564
0.27411523490580003
0.27429377986169173
0.27444587370714585
0.2745710385084736
0.27466879183627657
0.2747386465111763
0.2747801109453298
0.2747926901129381
0.274775887169486
0.27472920572705906
0.27465215278420213
0.2745442423020647
0.27440499941544194
0.27423396526718585
0.2758984296868362
0.2795617027876562
0.2832427202185474
0.2869408161897419
0.2906553264616514
0.2943855923749085
0.29813096379770376
0.3018908011016244
0.305664476278749
0.30945137330901806
0.31325088788009736
0.3170624265522894
0.32088540545006083
0.3247192485492535
0.32856338561679505
0.3324172498458712
0.3362802752162072
0.3401518935949408
0.3440315315787893
0.34791860706330685
0.35181252550813147
0.35571267585012206
0.3596184259962739
0.36352911780651287
0.36744406145070646
0.37136252899361916
0.37528374702411593
0.37920688809724573
0.3831310606969848
0.38705529734619765
0.3909785403817293
0.39489962476242346
0.3988172570699733
0.4027299895659398
0.4066361877425305
0.4105339891792609
0.41442125058376283
0.4182954784701227
0.4221537367042142
0.4259925205834757
0.4298075812437326
0.43359367417310235
0.4373441878888105
0.44105057606927717
0.44470145273646927
0.44828107870288075
0.4517666768162127
0.4551233139127376
0.4582932235213162
0.46117084267116465
0.4672586364645524
0.4749224015415253
0.4848643414073027
0.49682518317357655
0.5082913611733815
0.5188580514143667
0.5287875374827802
0.5382771411408499
0.5474490756518049
0.5563811093298564
0.5651250693949755
0.5737169414852961
0.5821825521281994
0.5905409226972018
0.5988063425495886
0.606989703855282
0.6150993919363464
0.6231418974912959
0.6311222488295568
0.6390443241350519
0.6469110816739521
0.6547247325934609
0.6624868727467776
0.6701985847547768
0.6778605181075759
0.6854729528376998
0.6930358507500961
0.7005488971228422
0.7080115350372881
0.7154229939553985
0.7227823137705538
0.730088365268746
0.7373398677237275
0.7445354041878282
0.751673434918569
0.7587523092876912
0.765770276447188
0.7727254949717189
0.7796160416528646
0.7864399195872437
0.7931950656734317
0.7998793576119583
0.8064906204853813
0.8130266329827281
0.8194851333212245
0.8258638249100143
0.8321603817929748
0.838372453902113
0.844497672147727
0.8505336533672031
0.8564780051506257
0.8623283305576138
0.8680822327372145
0.8737373194593342
0.8792912075641118
0.8847415273330149
0.8900859267834821
0.8953220758870056
0.9004476707091802
0.9054604374683188
0.9103581365091707
0.9151385661859469
0.9197995666499487
0.9243390235353746
0.9287548715374488
0.9330450978769468
0.9372077456453412
0.9412409170253759
0.9451427763819135
0.9489115532191742
0.9525455450004672
0.956043119827206
0.9594027189753257
0.9626228592866678
0.9657021354144402
0.9686392219218483
0.9714328752334102
0.9740819354390272
0.9765853279507793
0.9789420650130931
0.981151247066248
0.9832120639643379
0.9851237960473163
0.9868858150682157
0.9884975849752632
0.9899586625492691
0.9912686978961803
0.9924274347945697
0.9934347108978813
0.9942904577910628
0.9949947009010537
0.9955475592608475
0.9959492451266332
0.9962000634480257
0.9963004111908748
0.996250776513208
0.9960517377947263
0.995703962520024
0.9952082060177875
0.9945653100564465
0.9937762012990149
0.9928418896193574
0.991763466282875
0.9905421019948865
0.9891790448207838
0.9876756179819177
0.9860332175321478
0.9842533099196686
0.9823374294396752
0.9802871755833081
0.978104210288696
0.9757902551004781
0.9733470882440419
0.970776541621478
0.9680804977365886
0.9652608865567818
0.9623196823202979
0.9592589002982749
0.9560805935212864
0.9527868494820084
0.9493797868255975
0.9458615520412393
0.942234316168834
0.9385002715363727
0.9346616285437042
0.9307206125099843
0.9266794606020358
0.9225404188617754
0.9183057393502005
0.9139776774262761
0.9095584891773716
0.905050429018345
0.9004557474740144
0.8957766891594647
0.8910154909703321
0.8861743804933625
0.881255574645674
0.8762612785486253
0.8711936846395858
0.8660549720226534
0.8608473060563471
0.8555728381736046
0.850233705926918
0.8448320332483303
0.8393699309116556
0.8338494971815875
0.828272818632276
0.8226419711151918
0.8169590208550629
0.8112260256501189
0.8054450361520769
0.7996180972001576
0.7937472491826593
0.7878345293994472
0.7818819733981855
0.7758916162584616
0.7698654937975493
0.7638056436730801
0.7577141063589844
0.7515929259725627
0.7454441509320034
0.7392698344257408
0.7330720346768947
0.7268528149884681
0.7206142435566847
0.7143583930429624
0.7080873398970169
0.7018031634263072
0.6955079446095909
0.6892037646554007
0.682892703308532
0.6765768369105899
0.6702582362232753
0.6639389640258141
0.657621072500207
0.6513066004203005
0.6449975701630373
0.6386959845616469
0.6324038236225092
0.6261230411281605
0.6198555611505921
0.6136032744987606
0.6073680351252021
0.6011516565166551
0.5949559080932598
0.5887825116408376
0.5826331378000901
0.5765094026362044
0.5704128643110932
0.5643450198800375
0.5583073022328776
0.5523010771983872
0.5463276408293597
0.540388216882854
0.5344839545087067
0.5286159261561765
0.5227851257062622
0.5169924668342931
0.5112387816048234
0.505524819298647
0.4998512454699082
0.494218641230131
0.48862750275582684
0.4830782410168048
0.47757118172410723
0.4721065654983721
0.4666845482632479
0.46130520187124824
0.4559685149734034
0.45067439414738997
0.4454226653010114
0.4402130753695466
0.43504529432506184
0.4299189175137584
0.4248334683328779
0.4197884012527454
0.41478310518061545
0.40981690715326086
0.4048890763335578
0.3999988282748875
0.3951453294051548
0.3903277016716104
0.385545027278959
0.38079635344667634
0.37608069710810865
0.37139704947377217
0.36674438038500573
0.362121642390877
0.35752777449134093
0.3529617055029489
0.34842235701865043
0.3439086459510058
0.33941948666796085
0.33495379275167636
0.3305104784354145
0.3260884598005366
0.32168665584805395
0.31730398959812983
0.3129393894192433
0.3085917908516906
0.30426013927102136
0.2999433938437685
0.29564053336862006
0.29135056477987764
0.28707253532841565
0.28280554975824956
0.2808697430477566
0.2809405312487909
0.28097810783167065
0.280982146313457
0.28095240264868304
0.2808887054564658
0.28079094723834813
0.2806590766038979
0.2804930914665842
0.28029303313863824
0.28005898123484674
0.27979104928646426
0.27948938096552023
0.27915414682291745
0.27878554145001694
0.27838378098106703
0.27794910086236735
0.2774817538226497
0.2769820079876536
0.2764501450898769
0.27588645873218337
0.27529125267056026
0.274664839087773
0.2740075368345851
0.2733196696198791
0.2726015641338603
0.2718535480908704
0.27107594817882924
0.2702690879017215
0.2694332852996125
0.2688848764663308
0.26946202538055153
0.2700313652972036
0.2705921736078317
0.2711437382534594
0.2716853560129063
0.27221633047802823
0.2727359697297884
0.27324358373818114
0.27373848152008584
0.27421996810042715
0.2746873413344701
0.2751398886605527
0.27557688386361073
0.27599758393911283
0.27640122615398405
0.27678702540583056
0.2771541719824848
0.27750182982228694
0.27782913536922915
0.2781351971079126
0.27841909585039304
0.2786798858309632
0.27891659664639445
0.2791282360588246
0.27931379365683684
0.2794722453486891
0.27960255864064065
0.2797036986343966
0.2797746346607479
0.28286953130924786
0.28668036673335573
0.29050192628218185
0.294334369408577
0.29817785828623405
0.3020325575640912
0.3058986336888668
0.30977625385394014
0.3136655846144406
0.3175667901961867
0.3214800305179944
0.32540545894176304
0.32934321976058517
0.3332934454319657
0.3372562535598242
0.34123174362470327
0.3452199934563307
0.34922105543555193
0.3532349524031548
0.35726167324089303
0.36130116807438184
0.36535334302731937
0.3694180544315106
0.37349510236518135
0.37758422335274444
0.38168508200865225
0.38579726134491726
0.3899202513805812
0.39405343558707334
0.39819607456668793
0.4023472861813329
0.4065060211073972
0.41067103246646747
0.41484083773427355
0.4190136705108095
0.4231874188662955
0.4273595457490041
0.4315269851858169
0.4356860054833079
0.43983202699644897
0.44395937679603303
0.4480609551449327
0.45212777858407777
0.45614835195538855
0.4617455473985292
0.4680477347162534
0.4745026839276053
0.481143662145168
0.48801310095484446
0.49516010780635505
0.5026293272654907
0.5104366737697769
0.5185418376008293
0.5268483829195184
0.5352432631294974
0.5436384475176873
0.5519831344939707
0.5602549859557536
0.5684479682448228
0.5765638637128575
0.5846075811628324
0.5925848515549971
0.6005011903723174
0.6083614831832094
0.6161698633629707
0.6239297196104684
0.6316437556940984
0.6393140663090163
0.6469422129347103
0.654529293135386
0.6620760012259522
0.6695826802444278
0.6770493660062785
0.6844758242876646
0.6918615822013805
0.6992059547372467
0.7065080673121142
0.7137668750430752
0.7209811793387474
0.7281496422977163
0.7352707993158576
0.7423430702303493
0.7493647692672384
0.7563341140097692
0.7632492335639676
0.7701081760645111
0.776908915636959
0.783649358910092
0.7903273511545816
0.7969406821092615
0.8034870915450527
0.8099642746068859
0.8163698869665678
0.8227015498137008
0.8289568547068612
0.8351333683035106
0.8412286369842672
0.8472401913844511
0.8531655508440474
0.8590022277854207
0.8647477320265096
0.8703995750360649
0.8759552741359681
0.8814123566544951
0.8867683640331884
0.8920208558887063
0.8971674140299448
0.9022056464291016
0.9071331911452306
0.9119477201964615
0.916646943377458
0.921228612016631
0.9256905226678865
0.9300305207304825
0.9342465039904121
0.9383364260762385
0.9422982998224401
0.9461302005330945
0.9498302691386767
0.9533967152396976
0.9568278200302
0.9601219390956203
0.963277505079232
0.9662930302123481
0.969167108703958
0.9718984189859905
0.9744857258110112
0.9769278821999066
0.9792238312373535
0.9813726077133632
0.983373339610238
0.9852252494335303
0.9869276553869896
0.9884799723910499
0.9898817129449274
0.9911324878321549
0.9922320066698912
0.9931800783019279
0.9939766110354327
0.9946216127215965
0.99511519067989
0.9954575514658162
0.9956490004818304
0.9956899414310723
0.9955808756135934
0.995322401064483
0.9949152115335747
0.994360095306649
0.9936579338675126
0.9928097004015551
0.9918164581406833
0.990679358550403
0.989399639360142
0.9879786224376561
0.9864177115101007
0.9847183897329381
0.9828822171098834
0.9809108277664784
0.9788059270805631
0.9765692886731278
0.9742027512634925
0.9717082153928303
0.9690876400204032
0.9663430389977211
0.9634764774252983
0.9604900678988083
0.9573859666506678
0.9541663695954583
0.9508335082884186
0.9473896458078309
0.9438370725742133
0.9401781021213625
0.936415066836556
0.9325503136898815
0.9285861999748568
0.9245250890850273
0.9203693463530764
0.9161213349816933
0.9117834120953042
0.9073579249442132
0.9028472072918909
0.8982535760166115
0.893579327956819
0.8888267370291003
0.8839980516443713
0.8790954924459331
0.8741212503891439
0.8690774851792904
0.8639663240795941
0.8587898610973134
0.8535501565510326
0.8482492370177751
0.842889095653842
0.8374716928783118
0.8319989574044134
0.8264727875988993
0.8208950531465765
0.8152675969927733
0.8095922375339543
0.8038707710241654
0.7981049741623558
0.7922966068245384
0.7864474149033648
0.7805591332173436
0.7746334884516795
0.768672202093507
0.7626769933245914
0.7566495818367046
0.7505916905356934
0.744505048102997
0.7383913913851743
0.7322524675844362
0.7260900362260386
0.719905870880807
0.7137017606235995
0.7074795112113779
0.7012409459668336
0.6949879063561206
0.6887222522510441
0.6824458618686099
0.676160631382484
0.6698684742024733
0.6635713199201803
0.657271112919998
0.650969810656462
0.6446693816002733
0.6383718028568371
0.632079057462914
0.6257931313689141
0.6195160101162227
0.6132496752218747
0.6069961002852884
0.6007572468350928
0.5945350599376101
0.5883314635923588
0.5821483559441338
0.5759876043451582
0.5698510403054374
0.563740454373148
0.5576575909913177
0.551604143379497
0.5455817484926778
0.5395919821109628
0.5336363541146927
0.5277163039993615
0.5218331966834774
0.5159883186601611
0.5101828745395541
0.504417984024854
0.49869467935925144
0.49301390327500294
0.48737650746898675
0.4817832516223343
0.47623480297391907
0.4707317364503288
0.4652745353474549
0.45986359255141657
0.4544992122798015
0.44918161231721176
0.44391092671312243
0.4386872089041433
0.43351043521778426
0.42838050871017347
0.42329726328668493
0.4182604680513522
0.413269831829373
0.40832500780573805
0.4034255982237828
0.3985711590884688
0.3937612048218497
0.38899521282189276
0.384272627880246
0.37959286641993245
0.37495532051989905
0.3703593616996112
0.36580434444311954
0.3612896094479438
0.3568144865898193
0.352378297598631
0.3479803584447885
0.3436199814375825
0.33929647703842997
0.33500915539188014
0.33075732757632004
0.32654030657377886
0.32235740795568546
0.3182079502772943
0.3140912551692574
0.31000664710998954
0.30595345285732745
0.30193100051219396
0.2979386181811544
0.2939756321975949
0.2900413648539
0.2861351315876976
0.28261533456329324
0.28271715189528973
0.2827875273862997
0.282826449124169
0.2828339553394444
0.2828101284131147
0.2827550897675691
0.282668995563398
0.28255203311658755
0.2824044179497855
0.28222639139473565
0.28201821866843446
0.28178018735267135
0.28151260621345003
0.2812158043037924
0.2808901302996684
0.2805359520246751
0.28015365612426996
0.2797436478547069
0.2793063509561277
0.2788422075824419
0.27835167826404156
0.2778352418818774
0.2772933956341953
0.276726654979231
0.27613555353957314
0.2755206429555471
0.27488249267721643
0.2742216896863367
0.27353883814140445
0.27283455894088576
0.2721094892017339
0.27136428165197835
0.27059960393842025
0.2706792758410304
0.2712224620083009
0.27174821081780653
0.2722559048186185
0.27274495238468355
0.2732147878938342
0.2736648717268572
0.27409469007497594
0.2745037545490903
0.2748916015904449
0.27525779168836706
0.27560190841733534
0.2759235573114184
0.276222364599866
0.2764979758322209
0.2767500544251674
0.27697828016646864
0.2771823477127745
0.2773619651191504
0.2775168524377181
0.2776467404214019
0.2777513693666195
0.27783048812540295
0.2778838533136293
0.2779112287374658
0.2813640304878996
0.2850820523645265
0.28881130387317533
0.2925519888297002
0.29630431149856024
0.30006847609636816
0.3038446863802019
0.30763314520225554
0.31143405393411877
0.31524761168097315
0.31907401421967574
0.3229134526047821
0.32676611139337425
0.3306321664433809
0.3345117822403073
0.33840510870388213
0.3423122774188635
0.3462333972221981
0.3501685490611841
0.3541177800133338
0.35808109632551666
0.36205845528614117
0.3660497556844694
0.3700548265305041
0.37407341359826146
0.37810516320142495
0.38214960239356033
0.3862061144748335
0.390273908233958
0.39435197868056876
0.3984390559980625
0.40253353784794266
0.4066333975912217
0.41073605673910174
0.41483820262824717
0.4189355191647492
0.42302227359790817
0.4270906521950149
0.4311296288867705
0.43512289076808736
0.439044638378762
0.4428497957285407
0.4464455154026528
0.4495637293863987
0.45485627959619473
0.46693369735008416
0.4763998607474114
0.48513313065571756
0.49349521420166903
0.5016319445827643
0.5096182509961019
0.5174979483767624
0.5252987922591742
0.5330393224999672
0.5407323771552278
0.5483870616012247
0.5560099274172898
0.5636057156417112
0.5711778452413152
0.5787287452197603
0.5862600868632775
0.5937729500318425
0.6012679446294589
0.6087453008615639
0.6162049372938028
0.6236465128345715
0.631069466892578
0.638473050720006
0.6458563521112165
0.653218315046449
0.6605577554603665
0.6678733740235652
0.6751637666119942
0.6824274329832735
0.6896627840616762
0.6968681481453914
0.704041776282321
0.7111818470083021
0.7182864706012191
0.7253536929723156
0.7323814992906961
0.7393678174164027
0.7463105212014445
0.7532074337044256
0.7600563303538671
0.7668549420865576
0.7736009584798582
0.7802920308912807
0.7869257756138627
0.7934997770523152
0.8000115909216905
0.8064587474688002
0.8128387547140468
0.8191491017114011
0.8253872618227317
0.8315506960028847
0.837636856091949
0.8436431881111377
0.8495671355592647
0.8554061427071593
0.8611576578880882
0.8668191367822848
0.8723880456945157
0.8778618648237777
0.8832380915240152
0.888514243555739
0.8936878623271383
0.8987565161240801
0.9037178033274677
0.9085693556160217
0.9133088411525024
0.9179339677500632
0.9224424860154213
0.9268321924647506
0.9311009326073914
0.9352466039923006
0.939267159211599
0.9431606088548634
0.9469250244082372
0.9505585410914643
0.9540593606266562
0.9574257539319241
0.9606560637339078
0.9637487070927527
0.9667021778339373
0.9695150488815596
0.9721859744878557
0.9747136923545795
0.9770970256422077
0.9793348848631165
0.9814262696553255
0.983370270434533
0.9851660699210824
0.986812944539994
0.9883102656919889
0.9896575008930105
0.990854214780713
0.9919000699857525
0.9927948278656826
0.9935383490991296
0.994130594138381
0.9945716235168024
0.994861598009042
0.995000778640322
0.9949895265417906
0.9948283026479658
0.994517667232887
0.9940582792806536
0.9934508956864343
0.9926963702841491
0.9917956526964398
0.9907497870033701
0.9895599102261872
0.9882272506227172
0.9867531257919429
0.9851389405849152
0.983386184820797
0.9814964308068319
0.9794713306620697
0.9773126134455531
0.975022082091024
0.972601610150348
0.9700531383499928
0.9673786709654967
0.9645802720200725
0.9616600613152638
0.9586202103025453
0.9554629378060578
0.952190505608861
0.9488052139158586
0.945309396708685
0.9417054170094211
0.937995662071812
0.9341825385206033
0.9302684674612911
0.926255879584866
0.922147210293841
0.9179448948780615
0.9136513637698548
0.9092690379109735
0.9048003242638888
0.90024761150225
0.8956132659151613
0.8908996275608727
0.8861090067052
0.8812436805787718
0.8763058904864558
0.8712978393000789
0.8662216893625181
0.8610795608287742
0.8558735304650642
0.8506056309226492
0.8452778504985834
0.8398921333895031
0.8344503804393953
0.8289544503761874
0.8234061615256544
0.817807293985559
0.8121595922363218
0.8064647681595564
0.8007245044293496
0.7949404582371518
0.7891142653060281
0.7832475441460572
0.7773419004997049
0.7713989319229134
0.7654202324458037
0.759407397255503
0.7533620273424526
0.7472857340519985
0.7411801434824198
0.7350469006717293
0.7288876735165111
0.7227041563672123
0.7164980732457117
0.7102711806329576
0.7040252697761268
0.69776216846687
0.691483742245175
0.6851918949853283
0.678888568825112
0.6725757434029226
0.6662554343732787
0.6599296911779586
0.6536005940582369
0.6472702503038702
0.6409407897467193
0.6346143595210176
0.6282931181284598
0.621979228864378
0.6156748526810134
0.60938214058395
0.6031032256787525
0.5968402150044666
0.5905951813088605
0.5843701549349943
0.5781671159996941
0.5719879870496919
0.5658346263804993
0.5597088221947712
0.5536122877620955
0.5475466577187532
0.5415134856169812
0.5355142427975368
0.5295503186188801
0.5236230220331635
0.5177335844544984
0.5118831638203077
0.5060728497048513
0.500303669305619
0.4945765940896612
0.48889254686021233
0.4832524089831056
0.4776570274994043
0.4721072218446489
0.4666037898967835
0.46114751308392277
0.45573916029973266
0.45037949039931563
0.4450692530811623
0.43980918800248464
0.4346000220258587
0.4294424645550573
0.4243372009859355
0.41928488437496964
0.414286125509203
0.40934148164573886
0.4044514442713522
0.39961642630757077
0.3948367492485599
0.39011263076099595
0.38544417329193564
0.3808313542171463
0.3762740180169263
0.37177187088915026
0.36732447810360636
0.36293126427440564
0.3585915165879135
0.35430439088117177
0.3500689203342896
0.34588402642597016
0.34174853171574926
0.337661173962846
0.33362062107169277
0.32962548636841255
0.3256743437542111
0.3217657423474506
0.31789822030726617
0.3140703176211582
0.3102805877311781
0.3065276079617097
0.30280998879347404
0.2991263821004642
0.2954754885285753
0.2918560642474729
0.28826692735230736
0.2847069642323071
0.2814508900589805
0.28164857515316566
0.28181274236178583
0.281943615205474
0.2820414379575563
0.28210647424359114
0.2821390057850436
0.28213933129614915
0.28210776554331424
0.2820446385751318
0.28195029512912223
0.2818250942183869
0.28166940889893055
0.2814836262156233
0.2812681473225739
0.28102338777155056
0.28074977796067174
0.28044776373428154
0.2801178071239996
0.27976038722064006
0.279376001166372
0.27896516525679005
0.27852841614279594
0.2780663121229169
0.27757943451749323
0.2770683891168382
0.276533807696453
0.2759763495930786
0.27539670333578437
0.2747955883264648
0.2741737565637001
0.273531994402713
0.27287112434227095
0.2721920068262586
0.27149554204326937
0.2720168115469777
0.2728114303848133
0.2735830193261317
0.27433100787475306
0.2750548750828401
0.2757541455417657
0.2764283854773381
0.27707719890531946
0.27770022381318893
0.2782971283446372
0.27886760697353996
0.27941137666481364
0.2799281730295567
0.2804177464915638
0.28087985849099806
0.2813142777589169
0.2817207767026891
0.28209912794747577
0.2824491010821351
0.28277045965951075
0.2830629585004316
0.2833263413482425
0.2835603389161039
0.28376466736261
0.2870191491307453
0.2905889142281464
0.29417778353707086
0.2977857989431523
0.30141303215211634
0.3050595866533635
0.30872560013427
0.3124112474183871
0.3161167440426359
0.31984235063978744
0.32358837835707
0.32735519562431936
0.33114323669393975
0.33495301251765325
0.33878512471750316
0.34264028366745036
0.34651933205513696
0.35042327577588933
0.35435332467548336
0.35831094657109197
0.36229793923093134
0.36631652669248094
0.37036948855641016
0.3744603337739847
0.37859353382695615
0.3827748334460283
0.3870116582670512
0.39131363355414694
0.39569320662235297
0.4001663097733762
0.4047528837855775
0.4094768851554005
0.4143651704927713
0.4194446110732116
0.424737357320037
0.43025552747742113
0.4359978470407534
0.44195024446393
0.4480899908566322
0.45439097369382414
0.4608278589090532
0.46737834982241433
0.47402388618857927
0.480749452730499
0.4875430268658165
0.49439496407611144
0.5012974503684879
0.5082440593622662
0.5152294109209044
0.5222489144374577
0.5292985779363927
0.5363748665531823
0.5434745973836305
0.5505948608883819
0.5577329616290633
0.5648863730871664
0.5720527027732928
0.5792296648922924
0.5864150585918615
0.5936067503688731
0.6008026596014777
0.6080007464574317
0.6151990016334014
0.6223954375283015
0.6295880805601672
0.6367749644152301
0.6439541240737565
0.6511235904996557
0.6582813859104121
0.6654255195662684
0.6725539840332982
0.67966475188665
0.6867557728280395
0.6938249711974904
0.7008702438632841
0.7078894584763655
0.7148804520771871
0.7218410300440189
0.7287689653717923
0.735661998270907
0.7425178360746278
0.7493341534439736
0.7561085928573952
0.7628387653730403
0.7695222516495012
0.7761566032112486
0.7827393439435038
0.7892679718014519
0.7957399607173464
0.802152762689682
0.808503810037554
0.8147905178040519
0.8210102862919181
0.8271605037159319
0.833238548956356
0.8392417943989338
0.8451676088475801
0.8510133604974026
0.8567764199561498
0.8624541633042412
0.8680439751843634
0.8735432519125783
0.8789494046051219
0.8842598623148444
0.8894720751732764
0.8945835175345019
0.8995916911180808
0.9044941281479579
0.9092883944854704
0.9139720927537646
0.9185428654515152
0.9229983980527383
0.9273364220902466
0.9315547182186008
0.9356511192531599
0.9396235131803777
0.9434698461346489
0.947188125336366
0.9507764219855177
0.9542328741051207
0.9575556893280625
0.9607431476215829
0.9637936039430788
0.9667054908209499
0.9694773208547645
0.9721076891286486
0.9745952755325101
0.976938846985467
0.9791372595563058
0.9811894604763646
0.9830944900395442
0.9848514833853044
0.9864596721603659
0.9879183860543803
0.9892270542060573
0.990385206475149
0.9913924745764371
0.9922485930715313
0.992953400214072
0.9935068386442218
0.9939089559275203
0.9941599049335633
0.9942599440493795
0.9942094372220937
0.9940088538256442
0.993658768345327
0.9931598598746285
0.9925129114177905
0.9917188089920321
0.9907785405229989
0.9896931945270183
0.9884639585741786
0.9870921175260015
0.9855790515423667
0.9839262338523643
0.9821352282846413
0.9802076865537448
0.9781453452993497
0.9759500228768907
0.9736236158993263
0.9711680955306637
0.968585503534004
0.9658779480785957
0.963047599311801
0.9600966847044801
0.9570274841802443
0.9538423250417788
0.9505435767092503
0.9471336452895548
0.9436149679971066
0.9399900074501288
0.9362612458695815
0.9324311792106598
0.9285023112596202
0.9244771477322317
0.9203581904121382
0.9161479313705035
0.9118488473100688
0.9074633940785385
0.902994001397255
0.8984430678518426
0.8938129561905487
0.8891059889754213
0.8843244446291946
0.8794705539179365
0.8745464969052518
0.8695544004098473
0.8644963359925112
0.8593743184921742
0.854190305125102
0.8489461951531683
0.8436438301213153
0.8382849946564171
0.8328714178133385
0.8274047749475922
0.8218866900874765
0.8163187387740726
0.8107024513321103
0.8050393165311304
0.799330785593474
0.793578276503279
0.7877831785689965
0.7819468571919722
0.7760706587930429
0.7701559158501092
0.7642039520009167
0.7582160871668552
0.7521936426558863
0.7461379462045261
0.7400503369218546
0.7339321701004692
0.7277848218620324
0.7216096936070311
0.7154082162406109
0.7091818541478007
0.7029321088926609
0.6966605226170017
0.6903686811141643
0.6840582165537732
0.6777308098324369
0.6713881925243415
0.6650321484047628
0.6586645145177361
0.6522871817577285
0.6459020949340593
0.6395112522855931
0.6331167044136905
0.6267205526015714
0.6203249464909018
0.6139320810898575
0.6075441930923837
0.6011635564957478
0.5947924775129098
0.5884332887872792
0.5820883429310069
0.5757600054218032
0.569450646909199
0.5631626349967901
0.556898325582151
0.5506600538506011
0.5444501250309114
0.5382708050307788
0.5321243110755653
0.526012802476493
0.5199383716521785
0.5139030355218225
0.5079087273783728
0.5019572893367747
0.4960504654366489
0.49018989546146724
0.484377109516973
0.47861352339385543
0.4729004347215692
0.4672390199044405
0.4616303318176584
0.45607529822989773
0.4505747209119143
0.4451292753860001
0.43973951127058347
0.4344058531758283
0.4291286021116933
0.4239079373764639
0.41874391890279705
0.41363649004806724
0.4085854808250185
0.4035906115773572
0.39865149711207626
0.3937676513034703
0.388938492184937
0.3841633475405093
0.37944146100079346
0.37477199863574523
0.3701540560214171
0.36558666573924414
0.36106880524656093
0.35659940503607596
0.352177356982343
0.34780152275579024
0.34347074217054163
0.3391838413225759
0.33493964037002816
0.3307369608081913
0.32657463209775395
0.32245149751559743
0.3183664191127648
0.31431828168248227
0.31030599566193723
0.30632849891296743
0.30238475734913944
0.2984737643970046
0.2945945392985621
0.2907461242780421
0.2887538149378671
0.28911409195942595
0.2894354409048584
0.28971891854752396
0.28996553125609326
0.29017623513142493
0.29035193730983333
0.29049349806370334
0.2906017334272705
0.29067741814848375
0.29072128882284043
0.29073404710568185
0.2907163629301699
0.29066887768017596
0.2905922072842601
