0.3789136896408833
0.3788807983020229
0.3788631247806044
0.37886039062833776
0.3788719423096256
0.37889756615469256
0.3789371856690019
0.37899076683939237
0.3790582826543589
0.37913971949251957
0.37923505578372907
0.3793442749055751
0.37946735662278935
0.3796042786164533
0.3797550162655072
0.37991954246382026
0.3800978274403707
0.38028983857044923
0.3804955401735328
0.3807148932965558
0.3809478554824959
0.38119438052464083
0.3814544182071784
0.3817279140328111
0.3820148089382442
0.38231503899837366
0.38262853512014183
0.38295522272702337
0.38329502143517924
0.3836478471659377
0.3840136022265061
0.3843921890638085
0.384783500698955
0.3851874226410778
0.38560383253787045
0.3860325998263226
0.3864735853849999
0.38692664118929515
0.3873916099710404
0.3878683248839549
0.3883566091763523
0.3888562758726128
0.3893671274648514
0.38988895794177475
0.39042154346178143
0.3909646552887296
0.39151805095935804
0.39208147614071054
0.39265466441366026
0.39323733707669445
0.39382920297131496
0.39442995833034283
0.39503928665039145
0.3956568585897092
0.3962823318925514
0.39691535134116196
0.39755554873640125
0.398202545259912
0.3988559423293167
0.39951533513333054
0.40018030395893733
0.4008504164754397
0.4015252279043882
0.4022042812231519
0.4028871074025501
0.40357322567876885
0.40426214385975423
0.4049533586661212
0.4056463561065572
0.4063406118875457
0.40703559424395946
0.40773075505223344
0.40842554412660903
0.4091194007374123
0.40981175640354633
0.4105020354989211
0.4111896558891305
0.4118740295973507
0.4125545634983364
0.41323066247635476
0.41390172057949876
0.41456713595318484
0.41522630233569624
0.41587861216265926
0.4165234574007671
0.4171602327472953
0.41778832722087816
0.41840713878331004
0.4190160661858533
0.41961451210610534
0.42020188405882486
0.4207775953124755
0.4213410658093621
0.4218917230871542
0.4224290031995716
0.4229523516340089
0.4234612242238343
0.4239550880531119
0.4244334223514865
0.4248957193769773
0.42534148528446136
0.42577024097761584
0.42618152294214834
0.42657488405816824
0.4269498943895843
0.4273061419484939
0.42764323343255845
0.42796079493342387
0.4282584726143425
0.42853593335519313
0.42879286536318584
0.4290289810520445
0.429244008467424
0.4294377052991962
0.4296098504298049
0.42976024655413175
0.42988872055359334
0.42999512382662386
0.43007933257463893
0.4301412480427138
0.4301807967142941
0.43019793045942534
0.4301926266360931
0.4301648881443747
0.430114743433285
0.43004224646024725
0.42994747660331145
0.4298305385263428
0.4296915643132103
0.42953070404820265
0.42934813922930665
0.42914407338961097
0.4289187339850784
0.4286723719892488
0.4284052614459182
0.428117701337363
0.4278100057616137
0.4274825171182451
0.42713559646111754
0.42676962509218114
0.4263850038903196
0.4259821526084875
0.4255615091409836
0.4251235287627492
0.42466868334263425
0.42419746053267615
0.4237103629354485
0.4232079072515866
0.4226906257656516
0.4221590561330002
0.4216137543336216
0.4210552846155594
0.4204842208417593
0.41990114556488267
0.4193066490978262
0.418701330925379
0.41808578951585534
0.41746063510909825
0.41682647975622183
0.4161839386344842
0.4155336291383417
0.41487616998133214
0.41421218031080453
0.4135422788374129
0.4128670829812697
0.41218720803656367
0.41150326635635764
0.41081586655924424
0.41012561275942966
0.40943310382171744
0.4087389326427918
0.4080436854601374
0.4073479411897514
0.40665227321829417
0.40595723925145477
0.40526339485702284
0.40457128365565315
0.4038814414812783
0.4031943865204594
0.4025106327837747
0.40183068054924437
0.40115501825782596
0.4004841221828312
0.3998184561344941
0.39915847119960646
0.39850460551605915
0.39785728408198806
0.3972169185991431
0.3965839097531576
0.3959586376377024
0.39534147574256856
0.39473278168318815
0.3941328994884819
0.3935421596361032
0.39296087911661187
0.39238936152547904
0.39182789718180505
0.39127676327251654
0.39073622634970456
0.39020653329958005
0.3896879252544817
0.38918062877982573
0.3886848583665114
0.38820081670005213
0.38772869494554024
0.3872686730469576
0.3868209200393535
0.38638559437238573
0.3859628442437218
0.38555281029173255
0.3851556166270201
0.3847713850343351
0.38440022618338593
0.38404224225563166
0.38369752730633705
0.38336616995504796
0.38304824454129716
0.3827438251319086
0.38245297687636703
0.3821757585809518
0.38191222305128186
0.3816624174274785
0.38142638351092806
0.3812041580816331
0.380995773205163
0.3808012565283609
0.380620631562902
0.3804539179559035
0.38030113174686453
0.38016228798448276
0.3800373915615675
0.37992645136216935
0.3798294712665891
0.37974645260379036
0.3796773943130826
0.3796222930882329
0.3795811435036333
0.379553938122199
0.37954066993271796
0.37954132309652694
0.379555886885648
0.37958434652294937
0.3796266854779414
0.3796828854612664
0.3797529264001254
0.37983678639464824
0.3799344416553897
0.38004586642209637
0.38017103286396486
0.38030991096168104
0.3804624683715565
0.3806286702721172
0.38080847919362065
0.3810018548309158
0.3812087538402535
0.38142912962054876
0.38166293207980817
0.3819101073873721
0.3821706000173414
0.38244434330657645
0.38273127284943087
0.3830313171269851
0.3833443994579916
0.3836704376834544
0.3840093462055078
0.38436102627365953
0.3847253796279781
0.3851022989042907
0.38549166958827147
0.3858933696700986
0.38630726929846154
0.386733230435252
0.3871711065123
0.3876207420915734
0.38808197253025345
0.38855462365211346
0.3890385114266883
0.3895334416576834
0.3900392096821137
0.3905556024343417
0.39108238883082963
0.39161933341738936
0.3921661869220826
0.3927226883145471
0.39328856460035433
0.3938635306362435
0.3944472889675956
0.3950395320320857
0.39563993276333687
0.3962481582931951
0.39686386078571656
0.397486679659002
0.3981162439056698
0.3987521628952389
0.3993940401662996
0.40004146442865124
0.4006940119416146
0.40135124667033206
0.4020127204758851
0.4026779733396484
0.40334653362221246
0.40401791835704776
0.4046916335790222
0.405367174687744
0.40604402920052163
0.406721667833734
0.40739955889657203
0.40807715957080465
0.4087539187333125
0.40942927752160824
0.41010266993084693
0.41077352344140833
0.4114412620127948
0.4121052974627344
0.4127650440774457
0.4134199101269396
0.4140693009228307
0.41471261960388256
0.4153492679427705
0.41597864717231736
0.4166001588294703
0.41721320561513486
0.4178171945738594
0.4184115288042515
0.41899562204725854
0.4195688905073384
0.4201307560210566
0.4206806469699451
0.42121799919475095
0.42174225690883366
0.422252873608496
0.42274931297799884
0.4232310497870187
0.4236975730854412
0.4241483779129111
0.424582979816402
0.42500090665242546
0.42540170165897173
0.42578492426105624
0.4261501508534359
0.4264969755584265
0.4268250109568768
0.42713388879035125
0.4274232629595501
0.427692800892453
0.4279421980005761
0.4281711690514652
0.42837945099055447
0.4285668034345691
0.42873300912491563
0.4288778743398652
0.42900122926436
0.4291029283164964
0.42918285042975546
0.42924089929021036
0.4292770035280702
0.42929111686299626
0.42928322054587853
0.42925331409795636
0.4292014291939285
0.42912762042827723
0.4290319698629121
0.4289145775399356
0.42877557521947096
0.4286151169436019
0.4284333810462627
0.42823056983480917
0.42800690922780293
0.4277626483499809
0.42749805908549754
0.4272134355906129
0.42690909612177286
0.4265853731173665
0.42624262652711165
0.4258812339551202
0.4255015922800057
0.42510411695445516
0.4246892412752038
0.424257415625345
0.42380910669094135
0.4233447966539435
0.4228649823635144
0.42237017681524386
0.4218608990257163
0.4213376869645113
0.4208010875050566
0.4202516577962863
0.4196899643502872
0.41911658212386355
0.4185320935963044
0.4179370878455778
0.41733215962523573
0.41671790844421885
0.4160949399573585
0.41546385589029544
0.4148252668090508
0.41417978217573287
0.41352801172563974
0.412870564608993
0.41220804854991444
0.41154106902447257
0.4108702284594757
0.41019612545371925
0.40951935633071995
0.4088405052312118
0.40816015710191
0.4074788879428905
0.4067972664198639
0.406115853249271
0.40543520061464633
0.40475585161508293
0.40407833974655266
0.4034031884166897
0.4027309128246196
0.4020620102794763
0.4013969736254613
0.40073628174957115
0.4000804015404225
0.39942978761064657
0.3987848820540027
0.39814611423691826
0.39751390062410735
0.39688864463782175
0.3962707365501635
0.39566055340779815
0.39505846129525446
0.39446480614069246
0.3938799274361388
0.3933041491945276
0.39273778228459605
0.3921811245318447
0.39163446084516135
0.39109806336787106
0.3905721939648718
0.3900570952332095
0.38955300439902
0.38906014449685455
0.38857872687143175
0.38810895144722474
0.38765100701288396
0.3872050738365429
0.3867713147665144
0.38634988927511454
0.38594094469705104
0.3855446188244419
0.385161040249506
0.3847903287119821
0.3844325954497817
0.38408794355159676
0.3837564683100731
0.38343825757425953
0.3831333921000466
0.38284194589738174
0.3825639865730362
0.3822995756677863
0.3820487689869074
0.38181161692287935
0.381588164769305
0.38137845302507883
0.3811825176878337
0.381000390535838
0.380832099397485
0.38067766840758427
0.38053711824975534
0.3804104663842048
0.38029772726028555
0.3801989125132317
0.38011403349307943
0.38004309208255743
0.37998609479188733
0.379943043633372
0.37991393853451877
0.3798987774303467
0.3798975563371332
0.3799102694074305
0.37993690896622206
0.3799774655280879
0.3800319301367508
0.38010028502319404
0.3801825174800491
0.38027861057144824
0.3803885453518637
0.3805123007699154
0.38064985355385567
0.3808011780790407
0.3809662462177319
0.3811450271716259
0.3813374872875857
0.3815435921614955
0.3817632972409349
0.38199656131084453
0.38224333713884057
0.3825035734839782
0.38277721482421784
0.3830642010718231
0.38336446727752144
0.3836779433244117
0.38400455361258873
0.38434421673553254
0.38469684514936253
0.38506234483608426
0.3854406149620222
0.3858315475326714
0.38623502704522555
0.38665093014008495
0.3870791252526973
0.3875194722670933
0.3879718245118055
0.38843601912185
0.38891189056985564
0.3893992611528352
0.3898979429591445
0.3904077375622125
0.39092843572610714
0.391459817124378
0.3920016500736298
0.39255369128330386
0.39311568562306515
0.39368736822167855
0.3942684550647873
0.3948586565760192
0.39545766834040114
0.3960651732521401
0.39668084141583937
0.3973043300743374
0.39793528356421637
0.3985733332999987
0.3992180977880071
0.3998691826707356
0.4005261808025371
0.4011886723573283
0.40185622496895335
0.402528393904727
0.4032047222726021
0.4038847412623269
0.4045679704208105
0.4052539179618527
0.4059420811102924
0.4066319464804891
0.4073229904890024
0.4080146798011307
0.40870647181100284
0.40939781515464596
0.41008815025549344
0.41077690990157456
0.41146351985358603
0.41214739948292634
0.41282796243863656
0.41350461734214394
0.4141767685085654
0.4148438166932465
0.4155051598620973
0.41616019398424825
0.4168083138453926
0.41744891388016436
0.418081389021776
0.418705135567102
0.4193195520552977
0.4199240401580107
0.42051800557915875
0.42110085896222116
0.42167201680291433
0.42223090236512567
0.42277694659790926
0.4233095890513473
0.4238282787890509
0.42433247529505097
0.42482164937286154
0.4252952840344509
0.4257528753769091
0.42619393344457873
0.42661798307447546
0.42702456472280803
0.4274132352704918
0.42778356880557533
0.4281351573805134
0.42846761174235065
0.42878056203386244
0.42907365846382656
0.42934657194463954
0.4295989946955967
0.4298306408102142
0.43004124678609323
0.4302305720158824
0.43039839923804374
0.4305445349461945
0.43066880975591726
0.43077107872804404
0.4308512216475652
0.43090914325735813
0.4309447734461294
0.4309580673900541
0.43094900564771454
0.4309175942080746
0.4308638644913416
0.43078787330274
0.4306897027392476
0.430569460049609
0.43042727744792997
0.43026331188136824
0.4300777447525482
0.4298707815973807
0.4296426517191981
0.4293936077801334
0.4291239253508209
0.42883390241961866
0.4285238588626384
0.4281941358759731
0.4278450953716153
0.42747711933864463
0.42709060917135416
0.42668598496605836
0.42626368478842097
0.4258241639131862
0.4253678940382714
0.4248953624752628
0.42440707131833016
0.4239035365937325
0.4233852873920276
0.42285286498517516
0.4223068219307426
0.4217477211654286
0.4211761350901628
0.4205926446489839
0.41999783840396576
0.41939231160839563
0.41877666528043017
0.4181515052794026
0.41751744138695585
0.4168750863951254
0.4162250552034342
0.4155679639270573
0.41490442901802627
0.41423506640140334
0.4135604906282677
0.4128813140473189
0.412198145996808
0.41151159201842424
0.4108222530947015
0.41013072491139124
0.40943759714621974
0.4087434527852715
0.4080488674682279
0.40735440886351754
0.4066606360743876
0.40596809907678816
0.40527733818984213
0.4045888835795583
0.4039032547963903
0.40322096034706106
0.4025424973010053
0.4018683509316688
0.40119899439279294
0.4005348884296857
0.39987648112538593
0.3992242076815345
0.3985784902336254
0.3979397377002579
0.3973083456658514
0.3966846962962412
0.3960691582864537
0.3954620868398559
0.3948638236778491
0.3942746970790927
0.39369502194730277
0.39312509990646866
0.3925652194223261
0.39201565594891574
0.3914766720988761
0.3909485178362047
0.39043143069008657
0.3899256359883969
0.389431347109445
0.38894876575052273
0.38847808221175345
0.3880194756937974
0.38757311460790633
0.38713915689684486
0.38671775036521816
0.38630903301772723
0.38591313340388694
0.38553017096781533
0.3851602564016417
0.384803492001191
0.3844599720225547
0.3841297830382708
0.383813004291802
0.3835097080490822
0.38321995994591834
0.382943819330093
0.3826813395970717
0.38243256851819113
0.3821975485603754
0.3819763171963533
0.3817689072044767
0.3815753469572603
0.3813956606978093
0.3812298688033394
0.38107798803512843
0.3809400317741319
0.3808160102417026
0.3807059307048122
0.3806097976652441
0.3805276130322923
0.38045937627852155
0.38040508457822175
0.38036473292821343
0.38033831425072007
0.38032581947804506
0.3803272376188886
0.3803425558061261
0.38037175932593387
0.38041483162822215
0.3804717543183199
0.3805425071299671
0.38062706787968664
0.3807254124026295
0.3808375144701067
0.38096334568898294
0.38110287538323984
0.38125607045801596
0.3814228952465033
0.38160331134013015
0.3817972774024718
0.38200474896748815
0.3822256782226072
0.38246001377731736
0.3827077004179582
0.38296867884941904
0.3832428854245725
0.3835302518622484
0.3838307049546494
0.3841441662651533
0.3844705518174912
0.3848097717773179
0.38516173012727994
0.3855263243366944
0.3859034450270193
0.3862929756343209
0.38669479207001917
0.3871087623811411
0.3875347464114882
0.38797259546501567
0.38842215197283037
0.38888324916521516
0.389355710750132
0.3898393505995938
0.39033397244543433
0.3908393695859055
0.3913553246045628
0.39188160910292685
0.3924179834483923
0.392964196538788
0.3935199855850685
0.3940850759134958
0.39465918078872764
0.39524200125912345
0.3958332260255771
0.39643253133513623
0.3970395809005767
0.3976540258471222
0.39827550468732226
0.39890364332512535
0.39953805509009194
0.40017834080255027
0.40082408887050314
0.40147487541892785
0.4021302644520724
0.4027898080492278
0.40345304659435377
0.40411950903986205
0.4047887132047197
0.4054601661069415
0.4061333643304331
0.40680779442603054
0.4074829333464716
0.40815824891487706
0.40883320032628184
0.4095072386815447
0.410179807552933
0.4108503435805203
0.4115182770984243
0.4121830327898216
0.412844030369587
0.41350068529327577
0.41415240949109455
0.41479861212540997
0.41543870037028496
0.4160720802114121
0.4166981572647837
0.4173163376123408
0.41792602865278516
0.4185266399656789
0.4191175841869259
0.41969827789361097
0.4202681424962264
0.4208266051361809
0.42137309958650704
0.42190706715363746
0.4224279575780917
0.4229352299319118
0.42342835351063524
0.42390680871766717
0.42437008793879
0.4248176964046673
0.4252491530391635
0.42566399129128596
0.4260617599486322
0.42644202393024366
0.42680436505677216
0.4271483827959606
0.4274736949814685
0.42777993850314916
0.42806676996695237
0.42833386632270376
0.4285809254580877
0.4288076667572734
0.4290138316226808
0.42919918395851614
0.4293635106147607
0.42950662179044036
0.4296283513950762
0.4297285573673553
0.4298071219501293
0.42986395192101196
0.42989897877792055
0.4299121588790507
0.42990347353687575
0.42987292906590874
0.4298205567840657
0.4297464129676072
0.429650578759756
0.42953316003321035
0.42939428720690626
0.4292341150174983
0.42905282224615104
0.4288506114013561
0.4286277083586123
0.4283843619579069
0.4281208435600564
0.4278374465630872
0.4275344858799115
0.42721229737868216
0.42687123728728804
0.4265116815635606
0.42613402523283733
0.4257386816945961
0.4253260820000078
0.4248966741022486
0.4244509220815256
0.42398930534683815
0.4235123178164977
0.4230204670795389
0.4225142735401287
0.4219942695471665
0.42146099851125923
0.4209150140112759
0.4203568788927277
0.4197871643601584
0.4192064490658035
0.4186153181967178
0.4180143625625671
0.41740417768626153
0.4167853628995772
0.41615852044589563
0.4155242545921096
0.4148831707517639
0.4142358746213735
0.41358297133187205
0.41292506461702866
0.4122627560006363
0.41159664400417534
0.41092732337659776
0.4102553843477404
0.40958141190688474
0.4089059851077497
0.40822967640119256
0.4075530509967882
0.406876666254306
0.40620107110602205
0.40552680551069886
0.40485439993994526
0.40418437489754977
0.4035172404723167
0.4028534959247432
0.40219362930785707
0.4015381171223689
0.4008874240061781
0.4002420024582285
0.3996022925965251
0.3989687219500693
0.39834170528438134
0.397721644460099
0.3971089283241633
0.39650393263289735
0.39590702000629024
0.39531853991264154
0.3947388286826902
0.3941682095522648
0.39360699273241145
0.3930554755059038
0.39251394234902715
0.3919826650773688
0.3914619030144195
0.39095190318169415
0.3904529005090311
0.3899651180637454
0.38948876729725324
0.3890240483077594
0.38857115011763116
0.3881302509640015
0.3877015186011967
0.38728511061353676
0.38688117473710926
0.38648984918906387
0.38611126300304177
0.38574553636932524
0.38539278097835306
0.3850531003662366
0.3847265902609692
0.3844133389280346
0.38411342751416677
0.3838269303880289
0.3835539154766705
0.38329444459658507
0.3830485737783172
0.38281635358354926
0.382597829413669
0.3823930418088921
0.38220202673698883
0.38202481587078596
0.38186143685361934
0.38171191355197476
0.3815762662945953
0.3814545120973685
0.3813466648734024
0.38125273562767115
0.38117273263572393
0.3811066616059583
0.381054525825024
0.38101632628596194
0.3809920617987318
0.38098172908282146
0.38098532284169917
0.38100283581889294
0.38103425883554765
0.3810795808093288
0.38113878875463986
0.38121186776411076
0.38129880097141416
0.3813995694954772
0.38151415236622427
0.38164252643203794
0.38178466624916335
0.38194054395335236
0.3821101291140663
0.38229338857163864
0.38249028625783027
0.38270078300028265
0.38292483631139995
0.38316240016228353
0.38341342474237006
0.3836778562054604
0.3839556364029537
0.384246702605073
0.3845509872109608
0.38486841744857825
0.38519891506539977
0.38554239601090634
0.3858987701119732
0.3862679407422884
0.3866498044869541
0.3870442508035005
0.38745116168055976
0.3878704112955156
0.3883018656724141
0.38874538234154643
0.38920081000205226
0.389667988188965
0.39014674694612905
0.39063690650641697
0.3911382769807213
0.3916506580571508
0.39217383871190364
0.39270759693327273
0.39325169946019967
0.3938059015368407
0.3943699466845199
0.3949435664924757
0.3955264804287344
0.39611839567245516
0.39671900696900314
0.3973279965089951
0.3979450338325135
0.3985697757596269
0.3992018663482721
0.39984093688054556
0.40048660587833446
0.4011384791491578
0.40179614986304085
0.4024591986611128
0.4031271937965697
0.4037996913085468
0.4044762352293452
0.4051563578253487
0.4058395798718842
0.4065254109621827
0.40721334985046287
0.40790288482907183
0.40859349413953666
0.4092846464172068
0.4099758011691171
0.41066640928457787
0.41135591357787826
0.4120437493623842
0.41272934505524195
0.41341212281171297
0.41409149918816657
0.4147668858325842
0.41543769020134286
0.4161033163009921
0.41676316545358555
0.41741663708409743
0.41806312952831737
0.41870204085959717
0.4193327697326772
0.4199547162428149
0.42056728279831196
0.42116987500450837
0.42176190255725254
0.42234278014376164
0.4229119283488109
0.42346877456408827
0.42401275389853876
0.42454331008751495
0.4250598963984912
0.42556197653114175
0.42604902550954454
0.4265205305642738
0.42697599200218495
0.42741492406168013
0.42783685575129426
0.428241331669446
0.4286279128032497
0.4289961773043268
0.4293457212395824
0.4296761593150152
0.4299871255706313
0.43027827404465824
0.43054927940528454
0.4307998375482755
0.43102966615885097
0.43123850523633595
0.43142611758014976
0.4315922892358289
0.43173682989986306
0.43185957328222724
0.43196037742560817
0.4320391249804595
0.43209572343511254
0.43213010530035123
0.43214222824791365
0.43213207520258745
0.4320996543876256
0.43204499932339313
0.43196816877921385
0.4318692466785688
0.43174834195786504
0.43160558837915663
0.431441144297284
0.4312551923820578
0.43104793929617974
0.4308196153297747
0.43057047399246223
0.4303007915640598
0.4300108666050856
0.4297010194283509
0.42937159153301063
0.4290229450025918
0.42865546186851755
0.42826954344083806
0.42786560960786396
0.42744409810654277
0.4270054637654303
0.4265501777222358
0.42607872661792645
0.4255916117694168
0.42508934832299744
0.4245724643905792
0.4240415001709487
0.4234970070582339
0.4229395467397568
0.42236969028552596
0.421788017231573
0.42119511465935877
0.4205915762734692
0.4199780014797925
0.41935499446634306
0.4187231632889002
0.41808311896354994
0.41743547456821434
0.416780844355188
0.41611984287666165
0.4154530841251379
0.4147811806906099
0.41410474293628186
0.4134243781945498
0.4127406899848944
0.41205427725523036
0.4113657336482063
0.41067564679382934
0.4099845976297052
0.40929315975011105
0.40860189878495995
0.4079113718096865
0.4072221267869165
0.40653470204068914
0.4058496257639294
0.40516741555971064
0.4044885780167344
0.4038136083193824
0.40314298989255815
0.4024771940814012
0.4018166798659005
0.40116189361025856
0.4005132688468204
0.3998712260942008
0.39923617270920375
0.3986085027720104
0.39798859700398653
0.3973768227174184
0.39677353379636565
0.39617907070774877
0.3955937605417181
0.39501791708024614
0.3944518408929055
0.39389581945858215
0.3933501273119906
0.39281502621368064
0.3922907653422088
0.39177758150716824
0.3912756993816448
0.39078533175271246
0.3903066797885224
0.38983993332053846
0.38938527113946436
0.38894286130338274
0.3885128614566701
0.3880954191582037
0.387690672217414
0.3872987490367378
0.386919768959051
0.3865538426186535
0.3862010722944093
0.38586155226367524
0.38553536915564224
0.38522260230281746
0.38492332408933916
0.38463760029491145
0.38436549043318513
0.3841070480834711
0.3838623212147399
0.3836313525009103
0.3834141796265201
0.38321083558190305
0.38302134894704615
0.38284574416340644
0.3826840417929219
0.38253625876358016
0.3824024086009067
0.3822825016447472
0.3821765452508297
0.38208454397656333
0.38200649975060236
0.38194241202573376
0.3818922779146893
0.38185609230852824
0.38183384797727926
0.38182553565253735
0.3818311440918094
0.38185066012440066
0.3818840686787331
0.38193135279094476
0.381992493594786
0.382067470292798
0.38215626010883763
0.38225883822207485
0.3823751776826395
0.38250524930915347
0.38264902156841674
0.3828064604375981
0.38297752924933726
0.3831621885201744
0.3833603957628374
0.38357210528290975
0.3837972679604967
0.3840358310175387
0.3842877377714729
0.38455292737598346
0.3848313345496538
0.3851228892933672
0.3854275165973511
0.38574513613881
0.38607566197114906
0.3864190022058492
0.3867750586880487
0.387143726667011
0.3875248944626336
0.3879184431292446
0.3883242461179347
0.3887421689387515
0.389172068824064
0.38961379439450394
0.3900671853288337
0.39053207203920504
0.39100827535320276
0.39149560620415913
0.39199386533118397
0.3925028429903765
0.3930223186786986
0.393552060871956
0.394091826778341
0.39464136210900774
0.39520040086703934
0.3957686651562497
0.3963458650111512
0.3969316982494242
0.3975258503481731
0.3981279943451773
0.39873779076635085
0.3993548875805086
0.39997892018250203
0.40060951140571377
0.40124627156481096
0.40188879852960285
0.4025366778307174
0.4031894827977879
0.40384677473064634
0.40450810310403323
0.4051730058061307
0.40584100941116097
0.40651162948619823
0.40718437093218623
0.4078587283590808
0.40853418649489703
0.40921022062834483
0.40988629708462126
0.410561873733806
0.4112364005312156
0.4119093200889774
0.41258006827792343
0.4132480748588819
0.41391276414227374
0.41457355567487236
0.41522986495246944
0.4158811041570877
0.4165266829173225
0.4171660090902854
0.4177984895635556
0.41842353107542873
0.41904054105174815
0.4196489284574854
0.4202481046611488
0.420837484310121
0.421416486214873
0.4219845342400464
0.4225410582002709
0.4230854947585921
0.4236172883253718
0.4241358919554325
0.424640768241283
0.4251313902002013
0.42560724215297185
0.4260678205920774
0.4265126350371876
0.4269412088757743
0.4273530801867384
0.4277478025449717
0.4281249458048052
0.4284840968603543
0.42882486038082535
0.42914685951888143
0.4294497365902488
0.4297331537227948
0.4299967934733598
0.4302403594107223
0.4304635766631269
0.4306661924288983
0.4308479764487429
0.4310087214384417
0.4311482434807324
0.43126638237526993
0.43136300194570326
0.4314379903029961
0.4314912600642342
0.4315227485263116
0.4315324177940031
0.4315202548620467
0.4314862716510156
0.43143050499683994
0.4313530165940392
0.43125389289274735
0.4311332449498372
0.4309912082345034
0.4308279423888101
0.430643630943836
0.43043848099214566
0.4302127228174549
0.4299666094824787
0.42970041637603845
0.4294144407206533
0.4291090010419429
0.4287844366012356
0.4284411067929388
0.4280793905082804
0.42769968546710374
0.4273024075195333
0.42688798991930466
0.4264568825706884
0.42600955125095863
0.42554647681038593
0.42506815435178913
0.4245750923917148
0.42406781200534716
0.4235468459572516
0.4230127378201312
0.42246604108375363
0.42190731825623873
0.4213371399599311
0.42075608402405984
0.42016473457639353
0.4195636811361141
0.41895351771007455
0.41833484189463704
0.41770825398518063
0.4170743560953791
0.4164337512882911
0.4157870427212169
0.4151348328062096
0.4144777223881288
0.41381630994190927
0.413151190790763
0.4124829563468728
0.4118121933760684
0.41113948328786837
0.4104654014522018
0.40979051654398163
0.4091153899166483
0.40844057500567554
0.40776661676293463
0.4070940511226985
0.4064234044999664
0.40575519332171484
0.40508992359150353
0.40442809048781797
0.4037701779963965
0.4031166585766961
0.40246799286249413
0.4018246293965815
0.4011870043993667
0.4005555415710751
0.3999306519271751
0.3993127336665377
0.3987021720717527
0.3980993394409081
0.3975045950500854
0.3969182851457288
0.396340742965974
0.39577228878994813
0.395213230013985
0.39466386125366876
0.3941244644705321
0.393595309122206
0.39307665233477224
0.39256873909605644
0.3920718024685136
0.3915860638204247
0.39111173307395564
0.39064900896880894
0.3901980793399887
0.3897591214083485
0.38933230208247865
0.3889177782705418
0.3885156972006697
0.3881261967485126
0.3877494057705517
0.3873854444418043
0.38703442459658194
0.38669645007091075
0.38637161704534384
0.38606001438682264
0.3857617239883193
0.38547682110500253
0.38520537468568317
0.3849474476983547
0.384703097448649
0.3844723758900911
0.3842553299250881
0.3840520016956303
0.38386242886278393
0.38368664487410864
0.38352467921822847
0.3833765576658714
0.383242302496801
0.3831219327121083
0.38301546423143146
0.382922910074712
0.3828442805281599
0.3827795832941022
0.38272882362444033
0.3826920044373946
0.38266912641729517
0.3826601880971228
0.3826651859235425
0.3826841143041846
0.3827169656369575
0.3827637303212239
0.38282439675069013
0.3828989512879473
0.38298737822064777
0.3830896596993384
0.38320577565707603
0.38333570371100684
0.3834794190461036
0.3836368942814234
0.3838080993191868
0.3839930011771562
0.3841915638047389
0.38440374788340037
0.3846295106119581
0.3848688054773902
0.38512158201186497
0.3853877855367339
0.38566735689426745
0.3859602321679933
0.38626634239249014
0.3865856132535936
0.3869179647799822
0.387263311027163
0.3876215597549423
0.3879926120994662
0.38837636224101224
0.38877269706871853
0.3891814958434822
0.38960262986032496
0.39003596211148733
0.39048134695164843
0.3909386297665875
0.39140764664670435
0.3918882240668047
0.39238017857356755
0.39288331648216046
0.3933974335834485
0.39392231486324975
0.3944577342350961
0.39500345428797345
0.3955592260504499
0.3961247887726197
0.3966998697272729
0.39728418403158405
0.3978774344906562
0.39847931146416005
0.399089492757269
0.3997076435369802
0.4003334162749215
0.40096645071764037
0.401606373885289
0.40225280009959835
0.40290533104193926
0.4035635558421805
0.40422705119904967
0.40489538153251503
0.4055680991687754
0.4062447445582098
0.40692484652663563
0.40760792256014283
0.40829347912359476
0.4089810120128661
0.40967000674073156
0.4103599389562464
0.4110502748972987
0.41174047187600243
0.4124299787963511
0.4131182367035894
0.4138046793645368
0.41448873387807045
0.4151698213147994
0.4158473573849359
0.41652075313320097
0.41718941565954293
0.417852748864352
0.41851015421672333
0.41916103154430456
0.4198047798430907
0.4204407981055209
0.4210684861651053
0.4216872455557832
0.4222964803840942
0.4228955982122196
0.4234840109498797
0.42406113575303295
0.4246263959272614
0.42517922183370027
0.4257190517953412
0.42624533300152173
0.4267575224083734
0.42725508763301
0.427737507839237
0.428204274612562
0.42865489282229524
0.4290888814685628
0.42950577451206634
0.42990512168446676
0.4302864892773257
0.43064946090753403
0.43099363825728815
0.4313186417866678
0.43162411141697327
0.4319097071830335
0.43217510985279384
0.4324200215125383
0.43264416611621376
0.43284728999740507
0.433029162342591
0.43318957562441757
0.4333283459938192
0.43344531362992406
0.43354034304678146
0.433613323356071
0.4336641684850462
0.43369281734913356
0.4336992339786437
0.433683407599285
0.4336453526661801
0.4335851088513087
0.43350274098435043
0.43339833894705787
0.4332720175213986
0.4331239161918284
0.43295419890216275
0.4327630537676525
0.43255069274296903
0.4323173512469398
0.4320632877450188
0.43178878329057224
0.43149414102622596
0.4311796856466019
0.43084576282392945
0.4304927385981098
0.43012099873287457
0.4297309480397978
0.4293230096719799
0.4288976243892343
0.42845524979672334
0.42799635955898047
0.42752144259131103
0.4270310022306071
0.4265255553876261
0.426005631682881
0.42547177256822355
0.4249245304363261
0.4243644677202482
0.42379215598528563
0.4232081750153597
0.42261311189613376
0.42200756009708823
0.4213921185547381
0.4207673907591585
0.4201339838458956
0.4194925076953762
0.4188435740417471
0.418187795593148
0.41752578516524463
0.416858154829882
0.41618551508060253
0.4155084740167508
0.41482763654786686
0.4141436036199511
0.4134569714652056
0.41276833087675363
0.41207826650979135
0.4113873562105247
0.4106961703741463
0.41000527133301673
0.40931521277602073
0.40862653920002584
0.40793978539414383
0.40725547595738754
0.4065741248501897
0.40589623498012345
0.4052222978219929
0.40455279307245173
0.4038881883391357
0.40322893886423467
0.40257548728235715
0.4019282634124301
0.4012876840833205
0.4006541529927639
0.40002806059910345
0.3994097840452433
0.3987996871141436
0.3981981202150595
0.39760542039968877
0.3970219114072573
0.3964479037374948
0.39588369475042445
0.395329568791762
0.3947857973426897
0.3942526391927157
0.39373034063428397
0.393219135677747
0.3927192462853328
0.3922308826226658
0.3917542433264148
0.39128951578667326
0.39083687644261533
0.3903964910900167
0.38996851519926146
0.38955309424243206
0.3891503640281034
0.38876045104249535
0.38838347279560936
0.3880195381710168
0.38766874777795834
0.38733119430438684
0.3870069628696569
0.3866961313755024
0.3863987708540238
0.38611494581139605
0.385844714566044
0.3855881295801323
0.3853452377831927
0.3851160808868653
0.38490069568972396
0.3846991143712729
0.3845113647742625
0.3843374706745253
0.38417745203760223
0.38403132526152184
0.3838991034050665
0.3837807964010064
0.3836764112537151
0.3835859522207275
0.38350942097778284
0.38344681676690684
0.38339813652719257
0.3833633750079436
0.3833425248638753
0.3833355767321638
0.3833425192911528
0.38336333930056565
0.38339802162318193
0.38344654922793864
0.38350890317446623
0.38358506257920183
0.3836750045631203
0.383778704181332
0.3838961343346961
0.38402726566375384
0.38417206642523116
0.38433050235145644
0.3845025364930734
0.38468812904542204
0.3848872371591038
0.3850998147351664
0.38532581220550993
0.38556517629908044
0.38581784979452916
0.38608377126001736
0.386362874780953
0.3866550896764702
0.38696034020551484
0.3872785452634922
0.3876096180704285
0.38795346585173557
0.3883099895126191
0.3886790833073273
0.3890606345044113
0.38945452304927203
0.3898606212252543
0.3902787933146938
0.3907088952612464
0.39115077433498874
0.39160426880173915
0.39206920759808994
0.3925454100137074
0.39303268538241687
0.3935308327836303
0.39403964075563597
0.39455888702226777
0.3950883382344217
0.3956277497278756
0.3961768652987519
0.3967354169980188
0.397303124946288
0.39787969717016625
0.3984648294613563
0.3990582052597179
0.3996594955613865
0.4002683588530722
0.40088444107360394
0.4015073756037379
0.4021367832851968
0.4027722724698341
0.4034134390997562
0.4040598668191428
0.4047111271184276
0.4053667795113819
0.4060263717455667
0.4066894400464955
0.4073555093957524
0.4080240938431944
0.4086946968532452
0.4093668116852033
0.4100399218073598
0.41071350134460294
0.41138701555908147
0.4120599213634079
0.4127316678657174
0.4134016969458688
0.41406944386190037
0.41473433788576436
0.41539580296728346
0.41605325842514224
0.4167061196636489
0.41735379891388436
0.41799570599780306
0.4186312491137172
0.41925983564153313
0.4198808729660579
0.42049376931655835
0.42109793462076534
0.42169278137136573
0.4222777255030537
0.42285218727809865
0.423415592178379
0.423967371801777
0.424506964760792
0.42503381758123976
0.4255473855988392
0.4260471338515051
0.4265325379651568
0.4270030850308586
0.4274582744710707
0.42789761889289796
0.42832064492612953
0.4287268940439645
0.42911592336434784
0.4294873064298318
0.4298406339639623
0.43017551460224585
0.43049157559579293
0.43078846348580946
0.43106584474717585
0.43132340639944755
0.43156085658367993
0.431777925103572
0.4319743639295157
0.43214994766424625
0.43230447396885746
0.4324377639480423
0.432549662493534
0.4326400385847839
0.4327087855460117
0.4327558212588398
0.4327810883298655
0.4327845542125171
0.4327662112827713
0.4327260768683044
0.4326641932308612
0.4325806275017225
0.4324754715702877
0.43234884192603373
0.43220087945416774
0.4320317491855705
0.4318416400017542
0.43163076429574626
0.4313993575899444
0.43114767811219395
0.43087600633135026
0.43058464445379707
0.4302739158823682
0.42994416463923935
0.4295957547543507
0.4292290696209773
0.4288445113200764
0.42844249991508837
0.42802347271890673
0.42758788353475863
0.4271362018728385
0.4266689121445522
0.4261865128363635
0.4256895156652455
0.4251784447178588
0.42465383557562303
0.4241162344279019
0.42356619717560046
0.42300428852746863
0.4224310810914648
0.4218471544635034
0.4212530943159286
0.4206494914880237
0.4200369410808132
0.4194160415583867
0.418787393857865
0.41815160051009737
0.41750926477305755
0.41686098977983427
0.41620737770301397
0.4155490289371564
0.41488654130098745
0.4142205092608543
0.41355152317687527
0.4128801685731959
0.4122070254336364
0.4115326675239818
0.4108576617420714
0.41018256749678517
0.40950793611690534
0.40883431029078365
0.40816222353763015
0.40749219971111794
0.4068247525359686
0.4061603851779515
0.40549958984773454
0.404842847438844
0.4041906271999023
0.40354338644116805
0.40290157027535073
0.40226561139247297
0.4016359298685379
0.40101293300758534
0.4003970152166438
0.3997885579130122
0.39918792946316095
0.3985954851524844
0.39801156718508923
0.39743650471262537
0.396870613891215
0.396314197965357
0.3957675473777171
0.3952309399035735
0.3947046408087017
0.3941889030293795
0.39368396737322325
0.39319006273945634
0.39270740635723533
0.3922362040406236
0.3917766504587654
0.3913289294198571
0.39089321416745937
0.39046966768770347
0.39005844302600157
0.3896596836118331
0.3892735235901924
0.38890008815837246
0.3885394939067074
0.38819184916195826
0.387857254332048
0.38753580225088413
0.3872275785220308
0.38693266186003233
0.3866511244281704
0.38638303217155634
0.3861284451443949
0.3858874178303422
0.3856599994548977
0.38544623428879765
0.38524616194142136
0.3850598176432689
0.3848872325165859
0.38472843383331456
0.38458344525956195
0.38445228708582657
0.3843349764423755
0.38423152749910977
0.3841419516494224
0.3840662576775564
0.3840044519091211
0.3839565383443477
0.38392251877385236
0.3839023928766686
0.3838961583003419
0.38390381072292284
0.3839253438967737
0.3839607496740569
0.38401001801385853
0.38407313697092477
0.3841500926659688
0.3842408692376284
0.38434544877612686
0.3844638112387326
0.3845959343472099
0.38474179346746296
0.38490136147164405
0.3850746085830304
0.38526150220411254
0.385462006728254
0.38567608333549985
0.3859036897730759
0.38614478012117426
0.3863993045447696
0.3866672090321684
0.3869484351210977
0.38724291961324203
0.38755059427807664
0.3878713855470166
0.38820521419888115
0.38855199503773225
0.3889116365642477
0.3892840406417344
0.38966910215800676
0.3900667086843711
0.3904767401329992
0.39089906841398336
0.39133355709343914
0.3917800610539946
0.39223842615908766
0.3927084889224769
0.39319007618440444
0.39368300479583174
0.39418708131221136
0.39470210169826786
0.3952278510452189
0.3957641033018688
0.3963106210210407
0.39686715512272985
0.3974334446753762
0.3980092166966278
0.39859418597491997
0.3991880549131396
0.3997905133956561
0.4004012386798836
0.4010198953135477
0.4016461350787235
0.40227959696369636
0.4029199071635866
0.4035666791106316
0.40421951353496655
0.404877998556629
0.4055417098094389
0.40621021059733936
0.406883052083685
0.4075597735138524
0.40823990247149583
0.4089229551686159
0.409608436769583
0.4102958417490736
0.4109846542838451
0.4116743486781406
0.4123643898223953
0.4130542336848577
0.4137433278355916
0.41443111200223004
0.4151170186567629
0.4158004736325222
0.41648089677040573
0.4171577025933196
0.41783030100766655
0.41849809803066107
0.4191604965420782
0.41981689705905745
0.42046669853235197
0.4211092991624507
0.4217440972338491
0.4223704919656793
0.42298788437682927
0.4235956781636642
0.4241932805882936
0.4247801033754262
0.42535556361565346
0.4259190846730856
0.42647009709512135
0.4270080395222355
0.42753235959551034
0.4280425148597418
0.4285379736598545
0.42901821602843526
0.42948273456216135
0.42993103528491733
0.4303626384954485
0.4307770795973972
0.43117390990961774
0.43155269745470826
0.43191302772376183
0.43225450441535307
0.43257675014688435
0.43287940713644013
0.4331621378533792
0.4334246256359495
0.4336665752743146
0.4338877135573897
0.43408778978203155
0.4342665762231642
0.4344238685635091
0.4345594862816942
0.4346732729976086
0.4347650967739764
0.43483485037321434
0.43488245146880616
0.43490784281051637
0.4349109923429276
0.4348918932769341
0.4348505641139698
0.434787048622928
0.4347014157698757
0.4345937596008298
0.43446419907804784
0.4343128778703871
0.43413996409845806
0.43394565003541913
0.43373015176433355
0.43349370879313753
0.4332365836282971
0.432959061308326
0.4326614488983527
0.4323440749470364
0.4320072889070934
0.43165146052086845
0.43127697917237
0.4308842532073211
0.4304737092228539
0.4300457913285783
0.4296009603808474
0.4291396931921511
0.4286624817176363
0.42816983222083255
0.4276622644207419
0.427140310622476
0.4266045148336787
0.42605543186896666
0.4254936264446938
0.424919672266271
0.4243341511103165
0.42373765190390233
0.42313076980310854
0.4225141052730965
0.42188826317187916
0.42125385183993697
0.4206114821977627
0.41996176685339903
0.4193053192219705
0.41864275265915696
0.4179746796104943
0.4173017107783265
0.4166244543081426
0.41594351499597637
0.41525949351846636
0.41457298568705747
0.4138845817277653
0.4131948655878217
0.41250441427040574
0.4118137971985798
0.4111235756094468
0.41043430197942554
0.4097465194814559
0.40906076147481774
0.40837755102816875
0.4076974004762522
0.40702081101070275
0.40634827230517656
0.4056802621750202
0.40501724627151314
0.40435967781067345
0.4037079973364909
0.4030626325183434
0.40242399798228534
0.4017924951757335
0.40116851226504674
0.4005524240653685
0.3999445920019739
0.39934536410233895
0.39875507501801
0.3981740460752993
0.39760258535372284
0.397040987791089
0.39648953531402387
0.39594849699270745
0.39541812921852687
0.3948986759033197
0.3943903686988324
0.393893427235031
0.39340805937580736
0.39293446149068434
0.3924728187410671
0.3920233053795555
0.3915860850609164
0.3911613111632172
0.3907491271177266
0.39034966674613625
0.38996305460371283
0.3895894063270024
0.38922882898475886
0.3888814214307578
0.38854727465722766
0.3882264721476509
0.3879190902277032
0.3876251984131442
0.3873448597534987
0.3870781311703971
0.38682506378942677
0.38658570326443975
0.3863600900932021
0.3861482599233652
0.38595024384768745
0.38576606868755126
0.38559575726376616
0.38543932865375585
0.3852967984342593
0.38516817890875693
0.3850534793189123
0.38495270603938586
0.38486586275556706
0.3847929506237857
0.3847339684137235
0.38468891263289057
0.38465777763306
0.38464055569868816
0.3846372371173769
0.3846478102324924
0.38467226147804223
0.38471057539593445
0.38476273463568195
0.38482871993663303
0.3849085100927428
0.38500208189988105
0.38510941008570293
0.38523046722208626
0.3853652236201641
0.3855136472080487
0.3856757033914082
0.38585135489711003
0.3860405616002169
0.3862432803347558
0.3864594646887188
0.3866890647838325
0.3869320270407639
0.38718829393043214
0.38745780371223804
0.3877404901600279
0.38803628227670817
0.3883451039984576
0.3886668738895489
0.38900150482884865
0.3893489036890712
0.3897089710099548
0.39008160066652336
0.390466679533642
0.3908640871481207
0.3912736953696439
0.39169536804178745
0.39212896065451897
0.39257432000947806
0.393031283889443
0.39349968073341035
0.39397932931870816
0.39447003845162515
0.39497160666803494
0.3954838219455488
0.3960064614287093
0.3965392911687641
0.39708206587954253
0.39763452871095956
0.39819641104162945
0.39876743229203176
0.39934729975963573
0.3999357084773159
0.4005323410963291
0.40113686779504665
0.40174894621454105
0.40236822142208023
0.4029943259034663
0.4036268795850747
0.4042654898863917
0.40490975180376193
0.40555924802593796
0.40621354908199897
0.4068722135220958
0.40753478813139465
0.4082008081775154
0.40886979769164944
0.4095412697834991
0.4102147269900154
0.41088966165787033
0.4115655563594904
0.41224188434232956
0.4129181100110193
0.4135936894418747
0.414268070929169
0.4149406955624492
0.41561099783405847
0.4162784062759677
0.41694234412481834
0.41760223001408475
0.4182574786920374
0.41890750176419894
0.41955170845880757
0.42018950641372466
0.4208203024831739
0.4214435035625743
0.4220585174296659
0.4226647536000917
0.42326162419549423
0.4238485448221639
0.4244249354582266
0.42499022134730446
0.4255438338965576
0.42608521157697576
0.4266138008237712
0.42712905693469944
0.42763044496409713
0.42811744061046386
0.428589531095352
0.4290462160313716
0.42948700827713726
0.4299114347769556
0.43031903738313004
0.43070937365877776
0.4310820176590656
0.4314365606888798
0.4317726120349232
0.43208979967035693
0.4323877709301189
0.4326661931551464
0.4329247543037755
0.43316316352871354
0.4333811517180135
0.4335784719986
0.43375490020101476
0.433910235284098
0.43404429971850345
0.4341569398279741
0.4342480260874936
0.4343174533774716
0.4343651411932655
0.43439103380942795
0.4343951003981539
0.4343773351015128
0.43433775705713457
0.4342764103771124
0.4341933640799912
0.4340887119758565
0.43396257250461967
0.4338150885278248
0.4336464270744088
0.4334567790410658
0.4332463588480826
0.43301540405167416
0.43276417491404645
0.4324929539326042
0.43220204532984047
0.43189177450553956
0.4315624874530474
0.4312145501413672
0.43084834786486875
0.43046428456242375
0.4300627821077806
0.4296442795729815
0.42920923246662274
0.4287581119488336
0.4282914040248028
0.4278096087187911
0.42731323923053516
0.4268028210760637
0.4262788912149426
0.42574199716602074
0.4251926961137792
0.4246315540074328
0.4240591446549382
0.4234760488140709
0.42288285328274977
0.4222801499908241
0.42166853509544544
0.4210486080822107
0.42042097087418606
0.4197862269509088
0.41914498047940857
0.4184978354592301
0.4178453948833994
0.4171882599171778
0.4165270290963897
0.41586229754701826
0.4151946562276929
0.4145246911965563
0.4138529829039496
0.4131801055122283
0.41250662624392664
0.4118331047593705
0.41116009256474945
0.410488132451545
0.40981775796809733
0.4091494929239758
0.40848385092772466
0.4078213349584499
0.40716243697154036
0.4065076375387867
0.4058574055229858
0.40521219778700407
0.40457245893721744
0.4039386211010337
0.4033111037381836
0.4026903134853037
0.4020766440332618
0.4014704760365602
0.400872177054056
0.4002821015202262
0.39970059074603703
0.3991279729484608
0.39856456330766454
0.39801066405078483
0.3974665645611967
0.39693254151212776
0.396408859023459
0.3958957688405108
0.3953935105335699
0.39490231171689844
0.39442238828595144
0.393953944671456
0.3934971741090726
0.3930522589231952
0.3926193708235974
0.3921986712134772
0.3917903115075076
0.3913944334584882
0.39101116949119175
0.39064064304198004
0.3902829689028118
0.38993825356824346
0.38960659558408334
0.38928808589633385
0.38898280819914244
0.38869083928045406
0.38841224936414
0.38814710244737166
0.38789545663206887
0.38765736444929233
0.3874328731754536
0.3872220251392972
0.3870248580186417
0.38684140512589343
0.38667169568143156
0.38651575507400016
0.3863736051073086
0.3862452642321068
0.38613074776309536
0.38603006808004203
0.38594323481265
0.38587025500867644
0.38581113328499794
0.3857658719612681
0.3857344711759771
0.38571692898468324
0.38571324144033614
0.38572340265555183
0.3857474048468193
0.3857852383605512
0.3858368916810214
0.3859023514201165
0.38598160228894995
0.38607462705134266
0.3861814064591961
0.3863019191698357
0.38643614164539486
0.38658404803441077
0.3867456100357973
0.3869207967454599
0.38710957448590577
0.38731190661922554
0.3875277533439841
0.38775707147652966
0.38799981421744806
0.38825593090382454
0.3885253667481281
0.3888080625645958
0.38910395448398494
0.3894129736576721
0.3897350459521225
0.39007009163471945
0.39041802505207435
0.39077875430187153
0.3911521808994382
0.3915381994401487
0.3919366972588825
0.39234755408776856
0.392770641713434
0.39320582363510903
0.3936529547248577
0.39411188089132687
0.3945824387484269
0.395064455290331
0.39555774757428075
0.39606212241264765
0.39657737607576915
0.39710329400702793
0.3976396505516681
0.3981862087008207
0.39874271985222254
0.3993089235890018
0.39988454747796953
0.4004693068887458
0.40106290483500917
0.4016650318391497
0.40227536582148354
0.4028935720151807
0.4035193029079958
0.4041521982117665
0.4047918848606773
0.4054379770391508
0.40609007624014476
0.4067477713546455
0.4074106387929848
0.40807824263855824
0.4087501348344746
0.4094258554035262
0.41010493270180665
0.41078688370620914
0.4114712143359417
0.4121574198080723
0.4128449850270545
0.4135333850080335
0.41422208533366556
0.414910542644057
0.4155982051592976
0.41628451323400073
0.41696889994311614
0.4176507916981951
0.4183296088931495
0.4190047665784939
0.4196756751628718
0.42034174114067235
0.4210023678443416
0.4216569562199697
0.42230490562459044
0.42294561464359665
0.4235784819265377
0.42420290703949237
0.4248182913321973
0.42542403881794766
0.4260195570642845
0.4266042580924332
0.42717755928333784
0.42773888428818574
0.4282876639411828
0.4288233371723979
0.4293453519183943
0.42985316602842677
0.4303462481639043
0.43082407868888306
0.4312861505493321
0.43173197013894427
0.4321610581493144
0.43257295040231114
0.43296719866255357
0.43334337142792534
0.43370105469616627
0.43403985270556894
0.43435938864799345
0.4346593053523959
0.43493926593716914
0.4351989544297008
0.43543807635159565
0.4356563592681301
0.4358535533005243
0.43602943159975416
0.43618379078067343
0.4363164513152552
0.43642725788390496
0.4365160796837622
0.4365828106930725
0.43662736989069373
0.4366497014299117
0.43664977476577355
0.4366275847352427
0.43658315158952493
0.4365165209780634
0.4364277638837607
0.43631697650921936
0.4361842801139099
0.43602982080248653
0.4358537692647193
0.4356563204678282
0.4354376933023609
0.43519813018303605
0.4349378966062864
0.4346572806664045
0.43435659253238784
0.4340361638875311
0.43369634733384155
0.433337515763224
0.43296006169723955
0.43256439659713936
0.4321509501457444
0.4317201695027103
0.4312725185347064
0.43080847702205943
0.4303285398435187
0.4298332161408576
0.42932302846515874
0.42879851190672524
0.42826021321061686
0.42770868987991134
0.42714450926885783
0.42656824766806267
0.4259804893839716
0.42538182581482326
0.4247728545253338
0.4241541783223351
0.42352640433355754
0.4228901430917804
0.42224600762650805
0.42159461256529845
0.4209365732468708
0.42027250484803397
0.41960302152644513
0.4189287355811423
0.418250256632725
0.4175681908249912
0.4168831400497298
0.4161957011963145
0.41550646542756686
0.41481601748335356
0.4141249350131295
0.41343378793866253
0.4127431378479071
0.4120535374209478
0.411365529888794
0.4106796485256278
0.4099964161750025
0.4093163448103845
0.40863993513025915
0.4079676761879445
0.40730004505611306
0.4066375065259758
0.40598051284089176
0.40532950346418917
0.4046849048808163
0.4040471304324172
0.4034165801853117
0.4027936408308436
0.4021786856174428
0.40157207431371045
0.4009741532017517
0.4003852550999423
0.39980569941420774
0.39923579221687633
0.3986758263520442
0.39812608156639046
0.39758682466425205
0.39705830968577627
0.3965407781068651
0.396034459059597
0.39553956957179737
0.3950563148243271
0.39458488842473555
0.3941254726957873
0.393678238977487
0.39324334794109966
0.3928209499137657
0.39241118521226176
0.392014184484454
0.39163006905707837
0.39125895128837423
0.39090093492424505
0.3905561154565209
0.3902245804819931
0.389906410060867
0.38960167707332544
0.38931044757292527
0.38903278113555245
0.38876873120274213
0.3885183454181978
0.38828166595636854
0.38805872984205114
0.38784956925998876
0.38765421185356375
0.3874726810116759
0.3873049961429931
0.3871511729368714
0.38701122361019497
0.3868851571395443
0.38677297947807776
0.38667469375661256
0.3865903004684021
0.3865197976371542
0.3864631809678984
0.3864204439802809
0.38639157812401026
0.38637657287607213
0.38637541581952606
0.3863880927035644
0.38641458748466295
0.3864548823486497
0.3865089577135595
0.3865767922131648
0.38665836266118514
0.38675364399617423
0.38686260920721993
0.38698522924064127
0.38712147288796955
0.3872713066555862
0.38743469461652175
0.38761159824496205
0.3878019762340956
0.38800578429803784
0.3882229749586134
0.38845349731778706
0.3886972968165683
0.3889543149812927
0.3892244891580978
0.3895077522364552
0.3898040323626426
0.39011325264394625
0.3904353308445037
0.39077017907358724
0.39111770346722396
0.39147780386405784
0.39185037347638735
0.39223529855737754
0.39263245806552355
0.3930417233274815
0.39346295770051
0.39389601623577264
0.39434074534387664
0.39479698246405465
0.395264555738476
0.3957432836931779
0.3962329749271957
0.3967334278114476
0.39724443019895866
0.3977657591480376
0.39829718065995845
0.398838449432739
0.3993893086325924
0.39994948968449745
0.4005187120834473
0.4010966832277574
0.401683098275823
0.40227764002763683
0.402879978832309
0.40348977252274676
0.4041066663785677
0.40473029311824144
0.4053602729213668
0.4059962134818816
0.40663771009290545
0.40728434576388667
0.4079356913705045
0.40859130583782394
0.40925073635698234
0.4099135186356984
0.41057917718270465
0.41124722562616506
0.4119171670660224
0.412588494460116
0.4132606910438188
0.41393323078283306
0.41460557885870103
0.41527719218644954
0.4159475199637225
0.41661600425065903
0.41728208057961985
0.41794517859386404
0.4186047227140653
0.41926013283156893
0.4199108250271291
0.42055621231377377
0.421195705402397
0.4218287134885521
0.4224546450588311
0.42307290871515146
0.4236829140151645
0.4242840723269797
0.4248757976962343
0.4254575077235899
0.42602862445058526
0.4265885752517985
0.42713679373119084
0.42767272062049844
0.428195804677486
0.42870550358192205
0.42920128482705094
0.4296826266043976
0.4301490186797006
0.4305999632578075
0.431034975834386
0.43145358603227496
0.43185533842037543
0.4322397933129954
0.4326065275475941
0.43295513523891577
0.4332852285075574
0.4335964381810802
0.43388841446581194
0.4341608275876043
0.4344133683998374
0.4346457489570986
0.4348577030529965
0.4350489867207196
0.4352193786950196
0.4353686808343884
0.4354967185023441
0.4356033409068094
0.4356884213966793
0.4357518577147862
0.4357935722065973
0.43581351198399443
0.4358116490436594
0.4357879803396404
0.43574252780974254
0.43567533835547123
0.4355864837753416
0.43547606065144345
0.4353441901892332
0.4351910180106759
0.43501671390093655
0.4348214715090387
0.43460550800304787
0.43436906368062
0.434112401535923
0.43383580678425904
0.43353958634592865
0.4332240682911116
0.4328896012477574
0.4325365537745978
0.43216531370151484
0.4317762874394623
0.4313698992622209
0.43094659056207857
0.43050681908153576
0.4300510581229925
0.4295797957383195
0.42909353390013544
0.42859278765657655
0.42807808427137917
0.42754996235109854
0.4270089709612923
0.4264556687336394
0.4258906229659427
0.42531440871706444
0.4247276078988729
0.4241308083673441
0.4235246030149462
0.42290958886649715
0.42228636618064735
0.4216555375591302
0.4210177070659414
0.42037347935848607
0.41972345883278844
0.41906824878470833
0.4184084505891089
0.41774466289881523
0.417077480865134
0.4164074953815931
0.41573529235247875
0.4150614519876392
0.4143865481248969
0.41371114758129474
0.4130358095342622
0.4123610849336955
0.4116875159457406
0.411015635429014
0.410345966443791
0.4096790217946107
0.4090153036066401
0.4083553029359257
0.407699499413695
0.40704836092463514
0.4064023433190748
0.4057618901588331
0.4051274324964774
0.4044993886876106
0.40387816423573586
0.40326415166922247
0.4026577304497501
0.40205926691164695
0.4014691142313838
0.400887612426489
0.4003150883830977
0.3997518559112467
0.3991982158270077
0.39865445606052713
0.3981208517888748
0.39759766559267684
0.39708514763533603
0.3965835358636382
0.3960930562284618
0.3956139229242413
0.39514633864578275
0.3946904948609864
0.3942465720979782
0.3938147402451484
0.39339515886254395
0.392987977503091
0.3925933360421057
0.392211365013585
0.39184218595178283
0.3914859117366412
0.39114264694164785
0.39081248818278225
0.3904955244672227
0.39019183754056536
0.3899015022313318
0.3896245867916048
0.3893611532326684
0.3891112576545658
0.388874950568547
0.3886522772114069
0.38844327785071836
0.3882479880800915
0.3880664391035457
0.3878986580081819
0.3877446680243787
0.38760448877277687
0.3874781364973788
0.38736562428416027
0.38726696226462876
0.38718215780380044
0.38711121567213724
0.38705413820103124
0.3870109254213855
0.38698157518497683
0.38696608326819604
0.386964443457856
0.3869766476187197
0.387002685742479
0.38704254597790444
0.3870962146419692
0.3871636762117518
0.38724491329709504
0.3873399065939778
0.3874486348187357
0.3875710746233178
0.3877072004919019
0.3878569846192617
0.388020396771363
0.38819740412876613
0.3883879711134481
0.38859205919970335
0.3888096267098167
0.3890406285952172
0.389285016203843
0.3895427370344298
0.38981373447848083
0.390097947550633
0.390395310608204
0.3907057530606625
0.39102919906984884
0.39136556724179916
0.39171477031104024
0.39207671481832157
0.3924513007827719
0.3928384213695722
0.3932379625542607
0.39364980278487754
0.39407381264321373
0.3945098545064601
0.3949577822106329
0.3954174407171756
0.39588866578417875
0.39637128364365465
0.3968651106863926
0.3973699531558473
0.39788560685257474
0.39841185685069813
0.39894847722789106
0.39949523081033667
0.4000518689340969
0.4006181312243255
0.40119374539368063
0.40177842706127387
0.4023718795934464
0.40297379396764454
0.40358384866051317
0.4042017095613986
0.4048270299122961
0.40545945027524655
0.40609859852814045
0.4067440898897962
0.4073955269751266
0.4080524998811346
0.40871458630441987
0.4093813516908249
0.4100523494177191
0.4107271210094109
0.4114051963860526
0.4120860941463252
0.4127693218840939
0.4134543765391505
0.4141407447819876
0.4148279034325052
0.41551531991239526
0.41620245273083306
0.41688875200298126
0.41757366000071294
0.4182566117348026
0.4189370355677433
0.4196143538562516
0.42028798362235564
0.4209573372519302
0.4216218232193994
0.42228084683724915
0.42293381102890004
0.42358011712341603
0.42421916567042467
0.4248503572735581
0.4254730934406358
0.42608677744874457
0.4266908152223066
0.42728461622211106
0.42786759434329946
0.4284391688201594
0.42899876513557883
0.42954581593294816
0.43007976192827635
0.4306000528202694
0.4311061481960631
0.4315975184303659
0.43207364557572603
0.4325340242416525
0.4329781624603795
0.4334055825370327
0.43381582188205225
0.43420843382371405
0.43458298839867543
0.43493907311847096
0.4352762937100059
0.43559427482806595
0.435892660738004
0.4361711159667843
0.43642932592065614
0.43666699746781856
0.4368838594844935
0.4370796633629754
0.43725418348026257
0.43740721762603035
0.4375385873887973
0.43764813849924283
0.43773574112977875
0.4378012901496009
0.43784470533455017
0.4378659315312704
0.43786493877527827
0.43784172236269625
0.4377963028755059
0.437728726160341
0.43763906326092344
0.4375274103044063
0.4373938883419288
0.4372386431438639
0.4370618449502806
0.43686368817725235
0.4366443910797429
0.4364041953718791
0.4361433658054937
0.4358621897079263
0.43556097648016584
0.4352400570564731
0.434899783326754
0.43454052752301864
0.4341626815714039
0.4337666564112863
0.4333528812831839
0.4329218029871845
0.4324738851138049
0.43200960724927334
0.4315294641572832
0.43103396493938784
0.43052363217629286
0.429999001052304
0.4294606184652768
0.4289090421244371
0.4283448396384338
0.42776858759601016
0.42718087064167054
0.4265822805486798
0.4259734152917235
0.42535487812154094
0.4247272766437453
0.424091221904046
0.4234473274819805
0.42279620859522515
0.42213848121645564
0.42147476120464
0.4208056634525696
0.42013180105231485
0.41945378448021664
0.4187722208029416
0.41808771290601177
0.41740085874615274
0.4167122506287634
0.41602247451168006
0.4153321093363838
0.4146417263877368
0.41395188868326255
0.41326315039293093
0.41257605629030547
0.41189114123590903
0.4112089296934797
0.4105299352798085
0.40985466034864204
0.4091835956090975
