0.09720771435968552
0.09720677486038122
0.09720852432267137
0.0972115594991463
0.09721576701241699
0.0972210865403473
0.09722749204021044
0.09723503336803484
0.09724382238866962
0.09725402915404531
0.09726587991784026
0.09727965576081812
0.09729569148219715
0.09731437461202835
0.09733614446956865
0.0973614912229964
0.09739095492076963
0.09742512447291564
0.09746463656507487
0.09751017449080565
0.09756246688931222
0.09762228637683867
0.09769044806075934
0.09776780792596922
0.09785526108374398
0.097953739873781
0.09806421181070936
0.0981876773670449
0.09832516758532975
0.09847774151307186
0.09864648345511502
0.09883250244563732
0.09903692025946344
0.09926088047092378
0.09950553722519351
0.09977205336250598
0.10006159653899394
0.10037533516724932
0.10071443418391826
0.10108005065365083
0.10147332922075876
0.10189539742201327
0.10234736087599035
0.10283029836635822
0.10334525683828981
0.10389324632881976
0.10447523485325855
0.10509214327068564
0.10574484015180322
0.10643413667196858
0.10716078155080981
0.1079254560574982
0.10872876909797662
0.10957125521238283
0.11045335937119936
0.11137544718486374
0.11233779118819942
0.11334056883981711
0.11438385859379048
0.11546763631847638
0.11659177212472267
0.11775602764181953
0.11896005375115663
0.12020338876605079
0.12148545703748867
0.12280556796787799
0.12416291542267792
0.1255565775375492
0.12698551692373228
0.1284485812761571
0.12994450438812163
0.1314719075742507
0.13302930150064374
0.1346150884182638
0.13622756479283218
0.13786492432205125
0.13952526132876092
0.14120657451674576
0.14290677107425523
0.14462367110887644
0.1463550123961908
0.1480984554236204
0.14985158871000487
0.1516119343807426
0.15337695397777432
0.15514405448322865
0.1569105945352527
0.15867389081430883
0.16043122457811868
0.16217985068165905
0.16391699514098626
0.1656398754633155
0.1673456987761194
0.16903167092684326
0.17069500345475544
0.17233292056168453
0.17394266606137487
0.175521510287577
0.17706675694144908
0.17857574985930982
0.18004587968226451
0.18147459040974506
0.18285938581955047
0.18419783573750703
0.1854875821404582
0.18672634507688815
0.18791192839006376
0.1890422252292369
0.1901152233350519
0.1911290100859915
0.19208177729332715
0.19297182573275476
0.1937975694015606
0.19455753949089968
0.19525038806347592
0.1958748914276511
0.19642995319976875
0.19691460704721606
0.1973280216554258
0.1976694929159965
0.19793846010135238
0.19813449791448826
0.19825731982967273
0.19830677880720304
0.19828286765881348
0.1981857190626822
0.19801560522784753
0.1977729372086375
0.19745826387059473
0.1970722705101806
0.19661577713140113
0.1960897363833268
0.19549523116329987
0.1948334718914637
0.19410579346306653
0.1933136518858001
0.19245862061025104
0.19154238656233424
0.19056674588736908
0.18953359941623285
0.1884449478647939
0.18730288677857582
0.1861096012353337
0.18486736031895468
0.18357851137878756
0.18224547408918787
0.1808707343247459
0.1794568378672829
0.17800638396134463
0.17652201873549858
0.175006428507328
0.1734623329905422
0.17189247842315017
0.1702996306361183
0.16868657039536916
0.16705607732226802
0.16541093630595988
0.163753921750242
0.16208779281131086
0.1604152865393441
0.15873911110667507
0.15706193914428093
0.1553864012083735
0.15371507939882842
0.1520505011510738
0.15039513322287631
0.1487513758971531
0.14712155742155653
0.14550792870509222
0.14391266076550288
0.14233783033149916
0.1407854295985812
0.13925735290089344
0.13775539523264702
0.13628124887013734
0.13483650036887496
0.133422627947785
0.1320409992708118
0.13069286963451865
0.12937938056840925
0.12810155885271227
0.1268603159563373
0.12565644789551353
0.1244906355114416
0.12336344516298439
0.1222753298281599
0.12122663060586847
0.12021757860702016
0.11924829722196625
0.11831880474898744
0.11742901736649441
0.11657875242965152
0.11576773207030991
0.11499558707751048
0.11426186103436517
0.11356601468587878
0.11290743051129068
0.11228541747374009
0.11169921591956333
0.11114800508231053
0.11063089852111078
0.11014696345749395
0.10969521678336903
0.109274632544307
0.10888414716062197
0.10852266461245978
0.1081890615665416
0.10788219242389038
0.10760089426967938
0.10734399170831137
0.10711030156880551
0.1068986374676501
0.10670781421826603
0.10653665207819633
0.1063839808269787
0.10624864366931244
0.10612950095963018
0.10602543374541384
0.10593534712762653
0.10585817343738216
0.10579287522856645
0.1057384480864823
0.10569392325286944
0.10565837006785901
0.10563089822958126
0.10561065987243701
0.10559685146534485
0.10558871553175214
0.10558554219379794
0.10558667054368652
0.10559149222999205
0.10559944307389696
0.10561001792137135
0.10562276215622705
0.1056372745621616
0.10565320776718394
0.10567026855835232
0.10568821807503391
0.105706871888924
0.1057260999788855
0.10574582660835709
0.10576603011254958
0.1057867426020387
0.10580804958859095
0.1058300895382194
0.10585305335551923
0.1058771838024134
0.10590277485338426
0.10593017098827379
0.10595976642274721
0.10599200895171886
0.10602738062005279
0.10606642401255505
0.10610972329580531
0.1061579075254803
0.1062116494522783
0.10627166424114452
0.10633870809754618
0.10641357679409155
0.10649710409049472
0.10659016003964324
0.10669364917245006
0.10680850855421896
0.1069357057053858
0.10707623637984413
0.10723112219448366
0.1074014081041779
0.10758815971719748
0.1077924604469033
0.10801540849662782
0.10825811367582366
0.10852169404685895
0.10880727240333705
0.1091159725823294
0.10944891561463116
0.10980721571891647
0.11019197614749894
0.11060428489333178
0.11104521026980223
0.11151579637683008
0.11201705846868779
0.11254997824085518
0.11311549905501057
0.11371452112294034
0.11434789667172246
0.11501642511391595
0.11572084824767771
0.11646184551272572
0.11724002932878774
0.11805594287950684
0.11891004655404516
0.11980272711735282
0.12073428489460884
0.1217049320716821
0.1227147890958691
0.12376388134369722
0.12485213607858127
0.12597937971949055
0.12714533543993375
0.12834962111455714
0.1295917476284596
0.13087111756208208
0.13218702426213827
0.13353865130666423
0.13492507236983492
0.13634525148977292
0.13779804374023585
0.13928219630473515
0.1407963499494628
0.14233904088928656
0.14390870303912262
0.14550367064115088
0.1471221812566764
0.1487623814539732
0.15042232127716554
0.1520999718315573
0.15379322069363396
0.15549987869799836
0.1572176848073676
0.15894431123475994
0.16067736879868127
0.1624144124917756
0.16415294724307225
0.1658904338538171
0.16762429508673418
0.16935192188856643
0.17107067972576742
0.1727779150133236
0.17447096399509737
0.17614714988910415
0.17780380344382712
0.17943826032833407
0.1810478700134911
0.18263000235045282
0.18418205410855645
0.18570145545480807
0.18718567635754815
0.1886322328973
0.19003869346822327
0.19140268485406067
0.1927218981629118
0.1939940946056594
0.19521711110336076
0.1963888657094397
0.1975073628330332
0.19857069825039822
0.19957706389183336
0.2005247523921656
0.20141216139342516
0.2022377975889573
0.20300028049883925
0.20369834596710118
0.20433084937193177
0.20489676854069705
0.20539520636230077
0.20582539309011888
0.20618668832943607
0.20647858270407224
0.20670069919760595
0.2068527941653436
0.20693476037219252
0.20694661802822742
0.20688852858246012
0.20676078532097092
0.2065638149424404
0.20629817655743932
0.20596456035345057
0.2055637859281077
0.20509680029395935
0.20456467555884691
0.20396860628683627
0.20330990654544184
0.20259000664568746
0.20181044958235939
0.2009728871826297
0.2000790759719909
0.19913087276727737
0.19813023000729044
0.19707919083235764
0.1959798839248959
0.19483451812381158
0.19364537682631014
0.19241481219140227
0.1911452391601234
0.1898391293081509
0.188499004547187
0.1871274306921147
0.18572701091156715
0.18430037908013214
0.18285019305099628
0.18137912786835464
0.17988986893940515
0.17838510518621598
0.17686752219816237
0.1753397954059812
0.17380458329881912
0.17226452070590176
0.17072221216462044
0.16918022779109151
0.16764108745929443
0.16610726849154017
0.16458119043625938
0.16306521145445055
0.16156162266554824
0.16007264273115196
0.1586004126969428
0.15714699111246846
0.15571434944770682
0.15430436782442172
0.15291883107928572
0.15155942517460338
0.15022773397116393
0.148925236376353
0.14765330625251594
0.14641320102970307
0.14520607377220765
0.14403296292984888
0.1428947937127199
0.14179237767169903
0.14072641269655986
0.13969748342954147
0.13870606209004038
0.13775250970383895
0.13683707772807593
0.13595991006099106
0.13512104542332454
0.13432042009620979
0.13355787099846364
0.13283313908433084
0.13214587304106912
0.13149563326426078
0.1308818960873593
0.13030405824089156
0.12976144151575097
0.12925329760434023
0.1287788154244709
0.12833711697436348
0.12792727634199233
0.12754831585361523
0.12719921366878723
0.1268789091247297
0.12658630807312557
0.12632028818512434
0.12607970420146453
0.12586339310589395
0.12567017920142132
0.12549887907042087
0.12534830871731603
0.1252172790760962
0.12510461413862245
0.1250091463075069
0.12492972277078812
0.12486520945700326
0.12481449478694451
0.12477649321623296
0.12475014856441956
0.12473443712781847
0.12472837057469059
0.12473099862274532
0.12474141150020926
0.12475874455539886
0.12478217094150593
0.12481091733060179
0.12484425638084143
0.12488151043933346
0.12492205278915358
0.12496530871573716
0.1250107564003397
0.12505792764862134
0.12510640846259938
0.12515583946430642
0.1252059161794904
0.12525638918959311
0.1253070641600329
0.12535780175252403
0.1254085174287632
0.12545918115241622
0.12550981699575653
0.12556050265675148
0.1256113688917595
0.1256625988683082
0.1257144298186993
0.12576714283904952
0.12582107597717201
0.12587661409038972
0.12593419011833482
0.125994284009329
0.12605742157758554
0.12612417328991532
0.1261951529798828
0.1262710164868411
0.12635246021666446
0.12644021962056365
0.1265350675879348
0.12663781274885286
0.1267492976816203
0.12687039702056285
0.12700201545926615
0.12714508564445917
0.1273005659559216
0.12746943816805645
0.12765270498915457
0.12785138747486158
0.1280665246465901
0.12829916140710287
0.12855035928477354
0.12882118425995753
0.12911270576874628
0.12942599567555552
0.12976211552318914
0.13012212660958486
0.13050707723499871
0.13091800108276083
0.13135591327367077
0.13182180633061832
0.1323166460652202
0.13284136739974509
0.13339687013900184
0.13398401470826446
0.13460361787453262
0.13525644846964507
0.13594322313474885
0.13666460210656314
0.13742118506656617
0.13821350949014558
0.13904203715314375
0.13990716441635456
0.14080920925448598
0.1417484100436872
0.14272492460236577
0.14373881775046907
0.14479007235487995
0.14587857751779626
0.14700412852142902
0.1481664247767723
0.14936506807412908
0.15059956114832804
0.1518693065698012
0.15317360597087132
0.1545116596147305
0.15588256631267253
0.15728532369323678
0.15871882882503904
0.16018187919317084
0.16167317402727888
0.16319131597765257
0.1647348131340177
0.16630208138013272
0.16789144707583342
0.16950115005679525
0.17112934694102616
0.17277411472995652
0.17443345707517396
0.1761052990195528
0.17778750532886473
0.17947787596143375
0.18117415319306854
0.1828740266811398
0.18457513871563067
0.1862750896397322
0.18797144342235422
0.18966173568126532
0.19134347033088325
0.19301413912862592
0.19467121868343346
0.19631217874442167
0.1979344883085294
0.1995356217549159
0.2011130649886147
0.20266432157616754
0.2041869188562079
0.205678414008243
0.2071364000631899
0.20855851183952143
0.20994243178927333
0.21128589573847503
0.21258669850701256
0.21384269939330575
0.21505182750961965
0.2162120869543021
0.21732156180764825
0.2183784209386486
0.21938092499088926
0.22032742134775163
0.22121636229889677
0.22204629973377082
0.22281589111591352
0.2235239029157447
0.22416921377970317
0.22475081742743888
0.22526782526935626
0.22571946873748633
0.22610510132328243
0.22642420031662785
0.2266763682410408
0.226861333980712
0.22697895359575587
0.22702921082276545
0.22701221725848042
0.22692821222510662
0.22677756231660184
0.22656076062595756
0.22627842565428932
0.22593129990331398
0.22552024815354474
0.22504625543132933
0.2245104246686221
0.22391397639674882
0.22325823652510537
0.22254464693670006
0.22177475281839337
0.22095020114358047
0.22007273661390775
0.21914419734286705
0.2181665102913518
0.21714168646607315
0.21607181589246952
0.21495906469440443
0.21380566040567248
0.2126139001727514
0.21138613576439733
0.21012476990877438
0.20883225019847065
0.20751106287157173
0.2061637264860013
0.2047927855049208
0.20340080381155423
0.20199035817234756
0.20056403166783582
0.19912440948324256
0.197674062934503
0.19621555689403242
0.19475143406474058
0.19328421084192984
0.19181637097998208
0.19035035937244646
0.18888857596706227
0.1874333698371095
0.18598703343037926
0.18455179701678417
0.18312982335526864
0.1817232026002233
0.18033394746701514
0.17896398867554017
0.1776151706898936
0.17628925010110574
0.1749878827310109
0.17371263421504327
0.1724649678874679
0.1712462445251388
0.17005772018121362
0.16890054440776667
0.1677757588741578
0.1666842987066368
0.1656269826560261
0.16460452675980503
0.1636175353877285
0.16266650416004783
0.1617518209744924
0.16087376742064935
0.1600325205719834
0.15922815514365643
0.15846064600226953
0.15772987101169839
0.1570356141973968
0.15637756920980644
0.1557553430660036
0.15516846014730437
0.15461636642936458
0.15409843392033404
0.1536139652817889
0.15316219860663016
0.15274231232774152
0.15235343258644718
0.15199462897307892
0.15166493359327077
0.15136333702305108
0.1510887957683902
0.15084023741520453
0.1506165657343928
0.15041666807095921
0.15023941094259277
0.15008365883804836
0.14994826968669253
0.14983210174055228
0.14973401800206526
0.14965289048520078
0.14958760429895812
0.14953706154388763
0.14950018501392995
0.1494759216974726
0.14946324607302472
0.14946116319644934
0.14946871157802977
0.14948496584900556
0.1495090392184039
0.14954008572214258
0.14957730226736432
0.14961993047590744
0.1496672583315837
0.1497186216366764
0.1497734052835883
0.1498310443481312
0.1498910250112297
0.1499528876419101
0.1500162181278628
0.15008066218820681
0.15014591646180622
0.1502117309787017
0.150277911532585
0.1503443103229334
0.1504108396452276
0.1504774623639551
0.15054419380860115
0.1506111036006247
0.15067830580262254
0.15074597205065615
0.15081432162628589
0.15088362288894075
0.1509541923503764
0.15102639367257495
0.15110063659055947
0.1511773757610125
0.15125710953708582
0.15134037866918013
0.1514277649310745
0.15151988967022798
0.15161741228075984
0.15172102859716435
0.15183146920658172
0.15194950002528299
0.15207591115313165
0.15221152869966798
0.15235720366478878
0.15251381204891273
0.15268225262091809
0.15286344458626247
0.1530583251532226
0.15326784699558182
0.153492975610597
0.15373468657163908
0.15399396267559412
0.15427179098584223
0.15456915977245678
0.15488705535218147
0.15522645883170683
0.15558834275877373
0.15597367000661547
0.15638338102711744
0.15681840404345726
0.15727964225110722
0.1577679723969979
0.15828424335986285
0.15882926309803846
0.15940381104770504
0.16000861589804702
0.16064436786279201
0.16131170580321313
0.16201121579702213
0.16274342749822623
0.163508810577858
0.16430777126352522
0.16514064899584424
0.16600771321984042
0.1669091603292079
0.1678451107810247
0.16881560639802204
0.16982060787488673
0.17085999250430775
0.17193355213758973
0.17304099139358137
0.17418192612857308
0.175355882178519
0.17656229438364635
0.17780050590408067
0.17906976783367037
0.18036923911766117
0.18169798677837545
0.18305498645149523
0.18443912323400788
0.18584919284338425
0.1872839030860472
0.1887418756317739
0.190221648089262
0.1917216787674507
0.19324033987004513
0.19477593448523053
0.19632669051737706
0.1978907688164148
0.1994662598398716
0.20105119227931526
0.20264354185310923
0.20424122878698137
0.2058421246719497
0.2074440572159694
0.20904481515908094
0.2106421533363323
0.2122337978725362
0.21381745149263656
0.21539079893132143
0.21695151242542804
0.21849725727265074
0.2200256974400388
0.2215345012058537
0.2230213468184196
0.22448392815576068
0.22591996036999598
0.22732718550062392
0.2287033780411345
0.2300463504435986
0.23135395854620805
0.23262410690905932
0.23385475638521994
0.2350439199218693
0.2361896814163041
0.23729019134393184
0.2383436737150647
0.23934843057209873
0.24030284630285273
0.24120539175868744
0.2420546304739903
0.24284921316211946
0.2435878949405274
0.24426952942273703
0.24489307398654628
0.2454575925114638
0.2459622578563245
0.24640635407016107
0.24678927833007347
0.2471105426003886
0.2473697750081386
0.2475667209304849
0.24770124379040126
0.24777332789245765
0.24778306934457897
0.24773068980053203
0.24761652689812702
0.24744103584261445
0.24720478841331223
0.24690847167225868
0.24655288637689196
0.24613894509950732
0.2456676700569917
0.24514019065507595
0.24455774075212086
0.24392165564819443
0.24323336880597407
0.24249440831074706
0.2417063954006674
0.24087103117137673
0.23999010614242483
0.2390654865699007
0.23809911202758122
0.2370929928451231
0.23604919566934957
0.2349698521175678
0.23385714411119365
0.2327133005872025
0.23154059178353767
0.2303413234087941
0.22911783304602015
0.22787247485576656
0.2266076273588206
0.22532567812074802
0.22402901989039598
0.22272004444282112
0.22140113643370313
0.22007466728513295
0.21874298912294876
0.21740842878601385
0.21607328192791256
0.21473980723165864
0.21341022075792898
0.2120866904472178
0.2107713331059827
0.20946620006433148
0.2081732860389606
0.20689451528914016
0.20563173946679952
0.2043867334510484
0.20316119146722258
0.20195672350597862
0.20077485437265324
0.19961701153155875
0.1984845362593593
0.19737867227532097
0.19630056611716626
0.19525126561454378
0.19423171873296877
0.19324277279163182
0.19228517405654216
0.19135956770857293
0.19046649818394806
0.1896064098827819
0.18877964823925633
0.18798646114511394
0.18722700071620257
0.18650132538999356
0.18580940464720339
0.185151112554331
0.18452624444345556
0.18393451111446857
0.18337554460108813
0.18284890190996256
0.18235406896369002
0.1818904647253263
0.181457445481346
0.18105431156322555
0.18068030270540653
0.18033461635618955
0.1800164032728731
0.17972477450622715
0.17945880614272597
0.17921754404384244
0.17900000856138853
0.17880519920884724
0.17863209926967114
0.17847968032471542
0.17834690668223635
0.17823273969515316
0.17813614195169875
0.17805608132693831
0.17799153488409133
0.17794149261598163
0.17790496101837847
0.17788096648838292
0.17786855854233324
0.17786681284904518
0.17787483638973553
0.1778917609061405
0.17791675910828028
0.17794903783472632
0.1779878424095569
0.17803245854447114
0.1780822140577791
0.1781364804138914
0.1781946740876039
0.17825625775791457
0.17832074133652712
0.17838768283656423
0.17845668908722742
0.17852741630031174
0.17859957049455238
0.178672907783846
0.17874723453527014
0.17882240740276273
0.17889833324209725
0.17897496891262618
0.17905232097089538
0.1791304452610246
0.17920944640630165
0.17928947950978305
0.17937074028970829
0.17945347798957598
0.17953798542449104
0.17962460029402702
0.17971370415250384
0.17980572130019287
0.17990111759650185
0.18000040150430419
0.1801041135364025
0.1802128386246485
0.1803271954510828
0.18044783716244217
0.18057544971634604
0.18071075014700494
0.1808544847491276
0.18100742717864604
0.18117037646883097
0.18134415496042391
0.18152960614448269
0.18172759241687755
0.1819389927435339
0.1821647002358951
0.1824056219495362
0.1826626670400039
0.18293675791205743
0.18322881822256093
0.18353977231606697
0.18387054227634594
0.18422204489875882
0.1845951885877647
0.18499087018471136
0.1854099717318743
0.1858533571796346
0.1863218690445364
0.1868163250268775
0.18733751459733244
0.187886195563001
0.18846309062401148
0.18906888393267804
0.189704217667818
0.19036968863753842
0.19106584725183284
0.19179318496101058
0.19255214485751002
0.1933431093577226
0.19416639944738062
0.19502227175901352
0.1959109157811682
0.19683245121430615
0.1977869254880231
0.19877431145380678
0.19979450526700404
0.20084732447102369
0.20193250629603823
0.20304970618361182
0.20419849654770628
0.20537836578151616
0.20658871751846614
0.20782887015458243
0.20909805663823575
0.2103954245320482
0.2117200363504902
0.21307087017546295
0.2144468205508642
0.21584669965589218
0.2172692387556064
0.2187130899260204
0.2201768280498462
0.22165895307785366
0.22315789254971444
0.22467200436716805
0.22619957981135522
0.2277388467952511
0.229287975646682
0.23084507361117568
0.23240820248374888
0.23397537356785109
0.23554455421403914
0.2371136722494166
0.23868062055851072
0.2402432618015473
0.24179943325574837
0.2433469517650405
0.24488361878328718
0.24640722549606617
0.24791555800586362
0.2494064025655186
0.2508775508447208
0.25232680521441364
0.253751984034018
0.2551509269264963
0.2565215000264452
0.25786160118653983
0.25916916512794036
0.26044216852041113
0.26167863497829064
0.2628766399586331
0.2640343155482505
0.26514985512671396
0.26622151789271303
0.26724763324157386
0.26822660498220596
0.26915691538208375
0.2700371290294076
0.27086589650202275
0.2716419578331481
0.27236414576451295
0.2730313887779517
0.27364271389714506
0.27419724925162925
0.2746942263958498
0.27513298237657074
0.27551296154254795
0.27583371709098875
0.27609491234593103
0.27629632176430247
0.2764378316660538
0.27651944068543743
0.2765412599411243
0.2765035129235569
0.276406535098614
0.27625077322732505
0.2760367844021113
0.27576523480070114
0.2754368981596082
0.2750526539697608
0.2746134853975948
0.2741204769356732
0.2735748117875941
0.27297776899272214
0.2723307202969787
0.2716351267767079
0.27089253522332957
0.27010457429726525
0.26927295046033145
0.2683994436965354
0.2674859030319308
0.2665342418649042
0.26554643311895326
0.2645245042307601
0.26347053198699233
0.2623866372239641
0.2612749794049088
0.26013775109027604
0.25897717231705075
0.2577954849036356
0.2565949466974183
0.255377825782595
0.25414639466629596
0.25290292446145507
0.25164967908518865
0.2503889094917318
0.24912284795922374
0.24785370244972868
0.2465836510620149
0.2453148365965256
0.244049361251932
0.2427892814724315
0.24153660296460994
0.24029327590233016
0.23906119033751655
0.23784217183418002
0.23663797734229797
0.23545029132747408
0.23428072217144072
0.2331307988575466
0.2320019679542547
0.2308955909083604
0.22981294165825006
0.22875520457600182
0.22772347274548252
0.22671874658203764
0.22574193279762397
0.22479384371361202
0.22387519692170857
0.22298661529174366
0.22212862732326127
0.22130166783609712
0.22050607899337668
0.2197421116486168
0.219009927006973
0.21830959858904966
0.2176411144841867
0.21700437987870944
0.21639921984336144
0.2158253823628952
0.21528254158982263
0.21477030130338864
0.21428819855410713
0.21383570747358008
0.21341224322889518
0.21301716610065136
0.2126497856634956
0.21230936504813985
0.21199512526398376
0.2117062495618278
0.21144188781662382
0.21120116091079863
0.21098316509943035
0.21078697633934484
0.21061165456514444
0.2104562478961491
0.21031979675931714
0.2102013379143073
0.21009990836803122
0.21001454916719647
0.20994430905856487
0.20988824800786826
0.20984544056949894
0.20981497910028993
0.20979597681186232
0.20978757065712117
0.20978892404757182
0.20979922939913698
0.20981771050513714
0.2098436247360018
0.20987626506607834
0.20991496192872897
0.20995908490154708
0.2100080442241771
0.21006129215177818
0.2101183241476173
0.21017867991871245
0.21024194429878082
0.21030774798299331
0.21037576811926872
0.21044572876092044
0.2105174011856076
0.21059060408547822
0.21066520363340593
0.2107411134300794
0.21081829433659016
0.21089675419697188
0.2109765474549258
0.21105777466869882
0.2111405819278365
0.21122516017520107
0.21131174443737014
0.21140061296617735
0.2114920862938409
0.21158652620379262
0.21168433461899774
0.21178595240924486
0.21189185811855982
0.21200256661362651
0.21211862765382256
0.21224062438325597
0.21236917174494993
0.2125049148171964
0.21264852707194967
0.21280070855502614
0.21296218398790417
0.2131337007908517
0.2133160270272626
0.21350994926911354
0.21371627038369628
0.21393580724195396
0.21416938834906815
0.21441785139825625
0.2146820407491281
0.21496280483240038
0.21526099348324387
0.21557745520606947
0.21591303437414416
0.2162685683680103
0.21664488465737217
0.21704279783167613
0.2174631065854132
0.2179065906647551
0.21837400778289567
0.21886609051211886
0.21938354316129047
0.21992703864814614
0.22049721537632405
0.22109467412771752
0.2217199749812073
0.2223736342693306
0.22305612158485663
0.2237678568495624
0.22450920745777556
0.22528048550743768
0.22608194513151703
0.2269137799426185
0.22777612060355792
0.22866903253645293
0.22959251378263018
0.23054649302528601
0.23153082778629533
0.2325453028081446
0.23358962863115512
0.234663440375597
0.23576629673741514
0.23689767920547766
0.2380569915073758
0.23924355928982416
0.240456630038812
0.24169537324358925
0.24295888080763178
0.2442461677085973
0.24555617290831142
0.24688776051270978
0.24823972118055318
0.24961077377869037
0.25099956728061074
0.2524046829039322
0.2538246364815678
0.25525788106032343
0.2567028097198128
0.2581577586037733
0.2596210101550397
0.26109079654472384
0.26256530328550426
0.2640426730182846
0.2655210094609379
0.2669983815073091
0.2684728274642731
0.2699423594141652
0.27140496768960914
0.2728586254474371
0.2743012933281985
0.27573092418751627
0.27714546788542666
0.2785428761197522
0.27992110728947434
0.28127813137408647
0.2826119348149037
0.2839205253844491
0.2852019370300368
0.28645423467786896
0.2876755189841626
0.2888639310199473
0.29001765687646835
0.29113493217838726
0.29221404649219856
0.29325334761770055
0.2942512457506048
0.2952062175048031
0.29611680978316157
0.29698164348614153
0.2977994170479744
0.2985689097905591
0.2992889850857587
0.2999585933171704
0.30057677463304694
0.30114266148246643
0.30165548092743955
0.30211455672413123
0.30251931116697367
0.3028692666899567
0.3031640472200321
0.303403379278056
0.303587092823413
0.30371512183899846
0.3037875046539152
0.30380438400188425
0.3037660068140344
0.3036727237453885
0.30352498843509046
0.30332335650104586
0.3030684842703759
0.30276112724777193
0.302402138324486
0.3019924657314722
0.3015331507408022
0.3010253251202545
0.3004702083466641
0.29986910458431726
0.29922339943542575
0.2985345564703872
0.29780411354630515
0.2970336789228983
0.29622492718566756
0.2953795949868743
0.2944994766155527
0.29358641940849073
0.29264231901472626
0.2916691145267798
0.29066878349245706
0.28964333682164195
0.28859481360308714
0.2875252758467322
0.2864368031675851
0.2853314874276581
0.2842114273528707
0.28307872314220794
0.28193547108670675
0.28078375821612067
0.2796256569913093
0.27846322006051166
0.2772984750977072
0.2761334197412746
0.2749700166509989
0.2738101887012885
0.2726558143280882
0.2715087230465314
0.2703706911557239
0.26924343764628866
0.2681286203254358
0.2670278321734083
0.2659425979442316
0.2648743710230408
0.2638245305516494
0.26279437883357587
0.26178513902917067
0.26079795315049015
0.2598338803639742
0.25889389560687837
0.25797888852092493
0.2570896627043944
0.2562269352817995
0.25539133678882986
0.25458341136899776
0.2538036172773395
0.25305232768535985
0.25232983178021073
0.2516363361496621
0.2509719664430258
0.2503367692967932
0.24973071451242942
0.24915369747256705
0.2486055417807693
0.2480860021091294
0.24759476723717913
0.24713146326491278
0.24669565698222054
0.2462868593766672
0.24590452926127285
0.24554807700382136
0.24521686833926226
0.24491022824688755
0.24462744487419502
0.2443677734897378
0.24413044044772556
0.24391464714770184
0.2437195739732949
0.24354438419474958
0.24338822782077257
0.24325024538609785
0.2431295716620482
0.24302533927837475
0.24293668224559223
0.24286273936802963
0.2428026575388472
0.24275559490924345
0.24272072392505747
0.2426972342250068
0.24268433539569656
0.24268125957946485
0.2426872639320516
0.24270163292785726
0.2427236805114118
0.24275275209438368
0.24278822639817185
0.24282951714271822
0.2428760745828132
0.24292738689363336
0.242982981407757
0.24304242570624887
0.2431053285667922
0.2431713407721097
0.24324015578215877
0.24331151027370587
0.24338518455110103
0.24346100283203925
0.24353883341222068
0.2436185887127082
0.24370022521379942
0.24378374327910068
0.2438691868733756
0.24395664317756577
0.2440462421042519
0.24413815571655684
0.24423259755335347
0.24432982186334204
0.24443012275039253
0.24453383323223765
0.24464132421443247
0.24475300338123596
0.24486931400480688
0.24499073367397126
0.24511777294355247
0.24525097390510261
0.24539090867976213
0.24553817783379767
0.24569340871732104
0.24585725372662298
0.24603038849056202
0.24621350998145675
0.2464073345510378
0.2466125958920637
0.24683004292645416
0.2470604376209059
0.2473045527312652
0.24756316947720114
0.247837075148994
0.248127060648727
0.24843391796844885
0.2487584376083827
0.24910140593870447
0.2494636025088927
0.24984579730915896
0.2502487479890467
0.2506731970387804
0.2511198689395459
0.2515894672894341
0.25208267191232997
0.25260013595759734
0.2531424829989239
0.2537103041412063
0.2543041551448203
0.2549245535770609
0.2555719760009312
0.25624685521176316
0.25694957753246994
0.25768048017843215
0.2584398487031769
0.25922791453608224
0.2600448526233758
0.26089077918363135
0.2617657495887994
0.2626697563816559
0.26360272744018276
0.2645645242990818
0.2655549406381616
0.26657370094679406
0.2676204593730996
0.2686947987658298
0.26979622991624985
0.2709241910065674
0.2720780472706779
0.2732570908721998
0.2744605410039468
0.27568754421208796
0.2769371749474296
0.2782084363452944
0.27950026123456007
0.28081151337546745
0.2821409889248095
0.2834874181261791
0.2848494672219933
0.286225740583132
0.2876147830511482
0.28901508248726876
0.29042507252153554
0.291843135494813
0.2932676055856032
0.294696772112982
0.2961288830063138
0.29756214843180495
0.29899474456541214
0.3004248175011588
0.30185048728344327
0.30326985205158374
0.3046809922845224
0.30608197513334034
0.30747085882901004
0.30884569715266513
0.3102045439554789
0.31154545771515785
0.3128665061160268
0.3141657706396027
0.31544135115256905
0.3166913704791393
0.31791397894482076
0.3191073588787516
0.3202697290618853
0.3213993491085033
0.32249452376874027
0.32355360714004205
0.3245750067757266
0.3255571876791661
0.32649867617235995
0.327398063628057
0.328254010054943
0.3290652475257695
0.3298305834387358
0.3305489036028406
0.33121917513836974
0.33184044918414185
0.33241186340363577
0.33293264428256847
0.33340210921109786
0.33381966834421106
0.33418482623456575
0.3344971832324636
0.33475643664825516
0.3349623816730749
0.33511491205435406
0.3352140205232039
0.33525979897138797
0.3352524383762492
0.3351922284726101
0.3350795571713585
0.3349149097250576
0.3346988676416087
0.33443210734765527
0.33411539860405626
0.33374960267646914
0.3333356702647262
0.33287463919539156
0.33236763188258805
0.3318158525628763
0.3312205843106085
0.33058318584089363
0.3299050881079472
0.3291877907072431
0.32843285809057304
0.3276419156037649
0.3268166453574679
0.325958781942141
0.3250701079989819
0.32415244965924467
0.32320767186498
0.3222376735848707
0.32124438293934643
0.3202297522497083
0.31919575302639785
0.31814437091197073
0.31707760059468393
0.31599744070887015
0.31490588873856423
0.31380493594104725
0.31269656230719023
0.31158273157567945
0.3104653863182999
0.30934644311360754
0.3082277878263751
0.30711127101009283
0.3059987034497785
0.304891851861936
0.30379243476811674
0.3027021185577626
0.3016225137550075
0.3005551715027781
0.29950158027602813
0.2984631628343221
0.2974412734226592
0.29643719522847617
0.29545213810236415
0.29448723654970294
0.2935435479997489
0.2926220513571598
0.29172364583888755
0.29084915009765494
0.28999930163296556
0.289174756491801
0.28837608926276015
0.2876037933675998
0.286858281651606
0.28613988726901735
0.2854488648537556
0.2847853919607077
0.28414957076041714
0.28354142996999715
0.2829609270044966
0.2824079503345313
0.28188232203695146
0.2813838005253712
0.28091208344695134
0.2804668107309475
0.2800475677737317
0.27965388874439984
0.2792852599945178
0.27894112355540107
0.2786208807062689
0.2783238955966588
0.2780494989068226
0.27779699153009957
0.2775656482617841
0.27735472147952545
0.27716344480090094
0.2769910367045185
0.27683670410172156
0.2766996458467391
0.27657905617395234
0.27647412805181326
0.27638405644373676
0.2763080414672698
0.27624529144362386
0.27619502583063227
0.27615647803296517
0.2761288980843837
0.2761115551975931
0.2761037401780941
0.27610476769916564
0.2761139784359028
0.27613074105686275
0.27615445407258554
0.2761845475408022
0.2762204846287346
0.2762617630333797
0.2763079162611223
0.2763585147684487
0.2764131669658728
0.27647152008748926
0.27653326092885694
0.27659811645607074
0.2766658542891571
0.27673628306290887
0.2768092526684768
0.2768846543790192
0.2769624208627279
0.27704252608652435
0.2771249851136706
0.2772098537984114
0.27729722838068865
0.2773872449838716
0.2774800790181751
0.2775759444924428
0.2776750932366415
0.2777778140373603
0.2778844316883987
0.2779953059582937
0.2781108304765886
0.2782314315403992
0.27835756684272117
0.27848972412383627
0.27862841974699915
0.27877419719959656
0.2789276255207931
0.27908929765677654
0.27925982874458105
0.27943985432560814
0.279630028489913
0.2798310219524773
0.28004352006276556
0.280268220749032
0.2805058323990088
0.280757071678817
0.28102266129220593
0.2813033276824449
0.2815997986795988
0.2819128010961124
0.2822430582741144
0.28259128758817315
0.2829581979076432
0.2833444870232004
0.2837508390426301
0.2841779217613298
0.28462638401356644
0.2850968530109692
0.28558993167525104
0.2861061959726222
0.2866461922578622
0.28721043463642176
0.2877994023532667
0.2884135372175416
0.2890532410722938
0.2897188733186922
0.29041074850422743
0.29112913398443785
0.29187424766772596
0.29264625585279036
0.2934452711681986
0.2942713506236003
0.29512449378190647
0.296004641061732
0.2969116721790251
0.29784540473661164
0.2988055929699198
0.29979192665673127
0.30080403019823426
0.30184146187812927
0.3029037133058939
0.30399020904972446
0.30510030646396596
0.3062332957152124
0.3073884000104981
0.30856477603028354
0.30976151456819123
0.31097764137859724
0.3122121182323812
0.313463844180277
0.31473165702241646
0.31601433498179676
0.3173105985785653
0.318619112701194
0.3199384888698521
0.3212672876865021
0.3226040214655613
0.32394715703826243
0.325295118723257
0.32664629145535484
0.3279990240637542
0.3293516326906369
0.33070240434042264
0.3320496005496733
0.33339146116715784
0.33472620823330496
0.33605204994793486
0.33736718471492133
0.3386698052521958
0.3399581027553233
0.34123027110266313
0.3424845110900494
0.34371903468278187
0.34493206927266584
0.3461218619278175
0.3472866836229884
0.34842483343824165
0.3495346427139159
0.35061447915000826
0.35166275083829646
0.35267791021577366
0.35365845792819517
0.3546029465928574
0.35550998445003434
0.35637823889273085
0.35720643986481526
0.3579933831178908
0.3587379333175338
0.3594390269899291
0.3600956753002657
0.36070696665459284
0.3612720691172572
0.36179023263643406
0.3622607910707619
0.36268316401056633
0.363056858387702
0.3633814698686318
0.36365668402594364
0.36388227728412725
0.36405811763606666
0.36418416512731006
0.36426047210580725
0.36428718323542325
0.36426453527214253
0.3641928566025067
0.36407256654437975
0.3639041744108349
0.3636882783384997
0.3634255638823506
0.36311680237957256
0.3627628490857421
0.3623646410872267
0.3619231949943772
0.3614396044206816
0.3609150372538111
0.36035073272504947
0.35974799828434567
0.3591082062888623
0.3584327905135497
0.35772324249297344
0.35698110770424507
0.3562079816015644
0.35540550551357114
0.35457536241521087
0.35371927258649666
0.3528389891711127
0.35193629364825013
0.3510129912316014
0.3500709062098306
0.349111877243234
0.34813775263156854
0.3471503855683951
0.3461516293974439
0.3451433328868199
0.3441273355370124
0.343105462938884
0.3420795221979217
0.34105129744107987
0.3400225454224186
0.33899499124361826
0.3379703242050011
0.3369501938023101
0.3359362058838707
0.3349299189822517
0.333932840833844
0.33294642509921046
0.331972068296316
0.3310111069581345
0.3300648150251783
0.32913440148265105
0.32822100825062994
0.3273257083342601
0.3264495042390324
0.3255933266536946
0.3247580334002413
0.3239444086466269
0.32315316237362873
0.3223849300837046
0.3216402727380622
0.3209196769108252
0.32022355515771306
0.319552246610298
0.3189060178205927
0.3182850638860927
0.31768950987590294
0.3171194125556814
0.31657476238322596
0.3160554857296777
0.31556144727948277
0.3150924525725979
0.31464825066711705
0.3142285369123606
0.3138329558284324
0.313461104088674
0.3131125335985346
0.31278675466073214
0.3124832392135344
0.31220142412719426
0.31194071454298483
0.31170048723942306
0.3114800940108891
0.3112788650445557
0.3110961122822099
0.31093113275410794
0.31078321187267377
0.3106516266744792
0.31053564899974473
0.31043454859949643
0.310347596161441
0.31027406624660453
0.3102132401296275
0.31016440853646243
0.31012687427388397
0.3100999547459526
0.3100829843531312
0.31007531677039213
0.31007632710126515
0.3100854139053404
0.31010200109736624
0.31012553971665974
0.3101555095660909
0.3101914207204401
0.31023281490440147
0.3102792667409478
0.3103303848711818
0.31038581294711937
0.31044523049916606
0.3105083536803011
0.3105749358891858
0.3106447682746171
0.3107176801238126
0.310793539137185
0.31087225159224746
0.3109537623993698
0.3110380550520837
0.31112515147461955
0.31121511176929734
0.31130803386633493
0.3114040530785515
0.31150334156339904
0.3116061076945544
0.3117125953453453
0.31182308308603135
0.31193788329701044
0.312057341199737
0.31218183380723186
0.3123117687958296
0.3124475832998093
0.3125897426304367
0.31273873892093107
0.312895089698717
0.31305933638637934
0.3132320427326001
0.3134137931743449
0.3136051911315221
0.3138068572353349
0.31401942749153505
0.3142435513798065
0.3144798898906556
0.31472911350129423
0.31499190009220307
0.3152689328063698
0.31556089785354297
0.31586848226221387
0.31619237158261754
0.3165332475444335
0.3168917856735213
0.3172686528725245
0.31766450497069115
0.31807998424877254
0.31851571694515224
0.31897231074972604
0.31945035229211943
0.3199504046309409
0.3204730047507564
0.321018661073427
0.3215878509905248
0.32218101842361846
0.32279857141953555
0.3234408797880144
0.32410827278963095
0.32480103688236583
0.3255194135355176
0.32626359712009567
0.32703373288493603
0.327829915027889
0.3286521848713221
0.3295005291509797
0.3303748784269627
0.33127510562524115
0.33220102471768004
0.3331523895481429
0.33412889281177377
0.3351301651940567
0.336155774675776
0.3372052260093944
0.33827796037184926
0.3393733551981195
0.34049072419925713
0.3416293175679842
0.3427883223741985
0.3439668631521095
0.34516400268010955
0.3463787429537764
0.34761002635185284
0.34885673699446546
0.350117702292199
0.3513916946840641
0.3526774335617229
0.35397358737652657
0.3552787759250892
0.35659157280821085
0.3579105080569185
0.35923407091858506
0.3605607127951271
0.36188885032472334
0.3632168685979403
0.36454312449881004
0.3658659501612439
0.36718365653093044
0.3684945370227826
0.36979687126378885
0.37108892891100687
0.3723689735341707
0.37363526655215634
0.3748860712124124
0.3761196566022359
0.37733430168063575
0.3785282993194318
0.3796999603422068
0.3808476175496757
0.3819696297201066
0.38306438557344674
0.38413030768792983
0.38516585635804557
0.38616953338291693
0.38713988577425296
0.3880755093732469
0.38897505236600144
0.38983721868730314
0.3906607713027544
0.39144453535963697
0.39218740119714957
0.39288832720699196
0.39354634253572085
0.39416054962067454
0.3947301265517581
0.395254329251858
0.39573249346914396
0.3961640365751066
0.39654845916265885
0.39688534643919005
0.39717436941003953
0.3974152858484523
0.397607941048632
0.3977522683591842
0.3978482894947597
0.39789611462430846
0.3978959422348048
0.39784805876975626
0.3977528380421648
0.39761074042198175
0.39742231179857684
0.397188182319222
0.3969090649053379
0.3965857535489638
0.3962191213928149
0.3958101185981612
0.395359770005646
0.39486917259490123
0.3943394927496026
0.39377196333509673
0.39316788059644986
0.3925286008851103
0.3918555372230157
0.3911501557134147
0.3904139718082236
0.3896485464422943
0.38885548204553777
0.3880364184444257
0.38719302866495675
0.3863270146496732
0.38544010290191044
0.38453404007080794
0.38361058849106944
0.3826715216918171
0.381718619889056
0.3807536654765719
0.37977843853010523
0.3787947123397324
0.37780424898533815
0.376808794969945
0.37581007692555757
0.37480979740596265
0.3738096307806921
0.3728112192441465
0.37181616895358277
0.37082604630935756
0.36984237439040296
0.3688666295574261
0.367900238235625
0.3669445738879885
0.366000954189289
0.365070638410085
0.36415482501939744
0.36325464951465275
0.36237118248775385
0.36150542793687024
0.36065832183394575
0.3598307309573121
0.35902345199650043
0.358237210932352
0.35747266269048344
0.3567303910610783
0.3560109088739684
0.35531465841542703
0.35464201207207313
0.35399327318723967
0.35336867711608233
0.3527683924674326
0.35219252252323746
0.3516411068304012
0.3511141229645506
0.3506114884696127
0.3501330629793863
0.34967865052605474
0.3492480020351226
0.3488408179975475
0.3484567513000882
0.3480954101870371
0.3477563613223139
0.34743913292126966
0.34714321792512665
0.3468680771965488
0.3466131427203487
0.34637782079783247
0.3461614952262003
0.3459635304559836
0.34578327471990794
0.3456200631265487
0.3454732207118047
0.34534206544091156
0.34522591115360646
0.3451240704449354
0.34503585747443727
0.34496059069658425
0.3448975955057512
0.3448462067893548
0.3448057713833665
0.34477565042488
0.34475522159703553
0.34474388126225963
0.3447410464803447
0.34474615690854477
0.34475867658142556
0.3447780955687935
0.3448039315105313
0.3448357310276664
0.3448730710094743
0.34491555977684396
0.34496283812259293
0.34501458022975867
0.34507049446932037
0.34513032407908734
0.34519384772577555
0.34526087995257515
0.3453312715146249
0.34540490960500936
0.3454817179739066
0.345561656943579
0.3456447233218657
0.34573095021680156
0.34582040675485554
0.34591319770527307
0.34600946301279367
0.3461093772409707
0.3462131489281608
0.34632101985815716
0.34643326424735515
0.34655018785022973
0.3466721269847885
0.3467994474796376
0.34693254354428427
0.3470718365641726
0.34721777382199015
0.34737082714680456
0.34753149149255264
0.3477002834474992
0.3478777396763079
0.34806441529642007
0.3482608821905649
0.34846772725727326
0.3486855506013724
0.34891496366656893
0.349156587312286
0.34941104983711235
0.34967898495128247
0.34996102970083337
0.3502578223462255
0.35057000019843365
0.35089819741577927
0.35124304276502716
0.3516051573506238
0.35198515231629207
0.35238362652352717
0.3528011642120019
0.35323833264719184
0.3536956797609941
0.3541737317914323
0.3546729909279153
0.3551939329688387
0.3557370049985808
0.35630262309123334
0.35689117004859827
0.3575029931801797
0.35813840213299153
0.3587976667792362
0.3594810151697914
0.36018863156168124
0.36092065452752625
0.36167717515503345
0.3624582353443971
0.3632638262113857
0.36409388660367337
0.3649483017376809
0.3658269019629329
0.36672946166065196
0.3676556982828231
0.3686052715376904
0.36957778272722647
0.37057277424163276
0.3715897292155233
0.3726280713499918
0.37368716490420834
0.37476631485970957
0.37586476725995394
0.37698170972709844
0.3781162721573332
0.37926752759540255
0.3804344932882856
0.38161613191726046
0.3828113530068338
0.3840190145083695
0.38523792455551803
0.38646684338788534
0.3877044854387625
0.3889495215821568
0.39020058153380954
0.39145625640036685
0.39271510137043614
0.3939756385407329
0.3952363598701294
0.39649573025401735
0.3977521907109241
0.39900416167292085
0.40025004637096967
0.40148823430594877
0.4027171047956529
0.40393503058778474
0.40514038152854454
0.40633152827627445
0.4075068460493727
0.4086647183976344
0.4098035409861636
0.41092172538104765
0.4120177028260731
0.41308992799980637
0.41413688274256183
0.41515707974277066
0.4161490661724292
0.41711142726130496
0.4180427897996689
0.4189418255594978
0.41980725462408697
0.4206378486162783
0.42143243381565504
0.4221898941553346
0.4229091740892391
0.4235892813210473
0.4242292893863692
0.42482834008000525
0.42538564572049475
0.4259004912445613
0.42637223612440595
0.42680031610134145
0.42718424472979416
0.4275236147263553
0.42781809911946234
0.42806745219607506
0.4282715102426354
0.4284301920783563
0.4285434993794017
0.42861151679289644
0.4286344118398166
0.42861243460600434
0.42854591722082575
0.4284352731235014
0.4282809961178622
0.42808365921722263
0.42784391328178556
0.4275624854517245
0.4272401773794918
0.4268778632652185
0.42647648769933916
0.42603706331695607
0.42556066826899674
0.42504844351596516
0.42450158995087384
0.4239213653589123
0.42330908122217975
0.4226660993785399
0.4219938285443038
0.4212937207109023
0.4205672674261435
0.41981599597093405
0.4190414654427299
0.4182452627572207
0.4174289985800729
0.41659430320080626
0.4157428223612349
0.4148762130512029
0.4139961392846533
0.4131042678694923
0.41220226418506334
0.4112917879814334
0.4103744892150938
0.4094520039359333
0.40852595024054705
0.40759792430704495
0.40666949652627277
0.4057422077442328
0.40481756562987514
0.40389704118192493
0.4029820653876517
0.40207402604567605
0.40117426476407786
0.4002840741441025
0.39940469515882343
0.39853731473514703
0.39768306354640615
0.39684301402186256
0.3960181785783421
0.3952095080782348
0.39441789051720927
0.39364414994394575
0.3928890456134385
0.39215327137437944
0.391437455290273
0.39074215949279073
0.390067880264886
0.3894150483499423
0.3887840294820724
0.38817512513148295
0.3875885734577725
0.3870245504629961
0.3864831713357
0.3859644919764802
0.38546851069538424
0.3849951700713013
0.38454435896348216
0.38411591466522577
0.38370962518962204
0.3833252316769191
0.38296243091247906
0.38262087794372107
0.3823001887836229
0.38199994318782193
0.3817196874918722
0.3814589374951182
0.38121718137779836
0.3809938826384255
0.3807884830391568
0.380600405547591
0.3804290572642311
0.3802738323255187
0.3801341147730236
0.3800092813798762
0.37989870442599194
0.379801754414067
0.3797178027187192
0.3796462241616022
0.3795863995057775
0.3795377178632302
0.37949957901003106
0.3794713956043744
0.3794525953034066
0.3794426227755756
0.37944094160590974
0.379447036092337
0.3794604129317484
0.37948060279500023
0.3795071617904222
0.3795396728156987
0.37957774679812706
0.37962102382343277
0.3796691741532885
0.3797218991318382
0.37977893198152624
0.3798400384887085
0.37990501757970624
0.37997370178815837
0.380045957614908
0.380121685781892
0.3802008213818381
0.3802833339259104
0.3803692272915354
0.38045853957285164
0.38055134283630276
0.38064774278375957
0.38074787832559126
0.380851921065825
0.38096007470152066
0.38107257433823033
0.3811896857232933
0.38131170439866363
0.38143895477485545
0.38157178912764306
0.381710586519103
0.3818557516446909
0.3820077136080682
0.38216692462554175
0.3823338586619466
0.38250900999987614
0.3826928917442596
0.38288603426415535
0.3830889835737444
0.3833022996543713
0.38352655471960057
0.3837623314251398
0.38401022102562354
0.3842708214802982
0.38454473550983315
0.38483256860666454
0.3851349270016144
0.38545241558978044
0.385785635819115
0.3861351835455206
0.3865016468586343
0.38688560388297644
0.3872876205594741
0.3877082484126893
0.38814802230945417
0.3886074582147623
0.3890870509509577
0.38958727196635945
0.39010856711947384
0.3906513544849915
0.3912160221878499
0.3918029262716451
0.3924123886078726
0.39304469485265514
0.3937000924577633
0.3943787887431428
0.39508094903816227
0.395806694899206
0.39655610241112327
0.3973292005802139
0.39812596982625253
0.3989463405809003
0.3997901919996713
0.400657350794248
0.40154759019164904
0.40246062902635477
0.40339613097116694
0.40435370391205855
0.4053328994719315
0.40633321268764705
0.4073540818443298
0.40839488847030114
0.4094549574955486
0.410533557576092
0.41162990158595913
0.4127431472779958
0.4138723981140275
0.41501670426436454
0.4161750637759459
0.4173464239078663
0.41852968263234946
0.41972369029865503
0.42092725145674015
0.4221391268369606
0.42335803548144524
0.42458265702229
0.42581163410107714
0.4270435749238095
0.42827705594482113
0.42951062467275347
0.43074280259133685
0.43197208818727273
0.4331969600771829
0.43441588022526606
0.4356272972430166
0.43682964976205474
0.4380213698708798
0.439200886606118
0.4403666294886885
0.4415170320949616
0.44265053565302614
0.4437655926539413
0.4448606704677383
0.44593425495395483
0.44698485405636695
0.4480110013716545
0.4490112596817292
0.4499842244395469
0.4509285271983508
0.45184283897435323
0.4527258735331334
0.45357639059013816
0.45439319891595037
0.4551751593371905
0.4559211876242425
0.4566302572571711
0.4573014020616366
0.45793371870674987
0.45852636905731053
0.45907858237309257
0.45958965734830604
0.4600589639846792
0.4604859452921792
0.4608701188116555
0.4612110779543501
0.46150849315358833
0.46176211282456936
0.46197176412862495
0.46213735353885527
0.4622588672046322
0.46233637111293663
0.4623700110450474
0.4623600123276599
0.4623066793780632
0.4622103950435665
0.4620716197360208
0.4618908903627884
0.46166881905624785
0.46140609170447205
0.4611034662863746
0.46076177101520677
0.46038190229490006
0.4599648224942489
0.4595115575444837
0.45902319436631644
0.4585008781329615
0.4579458093762489
0.4573592409434325
0.45674247481291536
0.45609685877776746
0.455423783006486
0.4547246764911292
0.4540010033934456
0.45325425930022184
0.4524859673993572
0.4516976745885417
0.45089094752866327
0.45006736865427266
0.4492285321536351
0.4483760399311436
0.44751149756510583
0.44663651027416157
0.4457526789058244
0.44486159596087965
0.4439648416675513
0.44306398011939946
0.4421605554909892
0.4412560883452536
0.44035207204621196
0.4394499692901876
0.4385512087679815
0.43765718196938214
0.43676924014021623
0.43588869140089687
0.435016798034167
0.4341547739488041
0.43330378232553335
0.43246493345106923
0.4316392827464314
0.4308278289958922
0.4300315127831354
0.4292512151410668
0.4284877564211201
0.42774189538679713
0.42701432853453236
0.42630568964296767
0.4256165495496908
0.42494741615244075
0.4242987346302718
0.4236708878787149
0.423064197152283
0.4224789229070345
0.4219152658355871
0.42137336808665604
0.42085331466083636
0.4203551349738656
0.41987880457803983
0.41942424703174486
0.41899133590645815
0.41857989691996356
0.4181897101841532
0.41782051255557423
0.4174720000768448
0.41714383049730064
0.41683562586152406
0.4165469751547009
0.4162774369940823
0.41602654235593284
0.415793797327534
0.4155786858737898
0.415380672608036
0.41519920555675693
0.4150337189082181
0.41488363573534237
0.41474837068382847
0.414627332617069
0.41451992721017406
0.4144255594860249
0.4143436362869361
0.41427356867595416
0.41421477426228964
0.41416667944572094
0.4141287215751081
0.4141003510165053
0.4140810331266798
0.41407025012820325
0.41406750288276
0.414072312559826
0.4140842221984088
0.4141027981601822
0.414127631473024
0.4141583390645272
0.41419456488576745
0.4142359809261241
0.4142822881203945
0.41433321714978244
0.4143885291385768
0.414448016248321
0.4145115021712631
0.41457884252460964
0.41464992514687965
0.4147246702973622
0.41480303075942315
0.41488499184829775
0.41497057132385906
0.41505981920911955
0.41515281751530386
0.41524967987474076
0.41535055108325303
0.4154556065539758
0.4155650516850385
0.4156791211437203
0.4157980780697854
0.41592221320091866
0.4160518439229766
0.41618731324780567
0.41632898872102714
0.4164772612622465
0.4166325439397622
0.41679527068183375
0.41696589492636793
0.41714488821077267
0.4173327387037053
0.4175299496803219
0.41773703794263545
0.4179545321865686
0.41818297131731186
0.4184229027146369
0.418674880450035
0.41893946345762395
0.4192172136610889
0.41950869405929814
0.4198144667736038
0.4201350910603327
0.4204711212923577
0.4208231049142525
0.4211915803757363
0.421577075048527
0.4219801031317749
0.4224011635513511
0.422840737858206
0.42329928813090195
0.4237772548873862
0.42427505501111107
0.42479307969668734
0.4253316924205939
0.4258912269427817
0.42647198534539577
0.4270742361152232
0.42769821227678395
0.42834410958312474
0.42901208477143243
0.42970225389047995
0.430414690706841
0.43114942519640903
0.4319064421276562
0.4326856797426637
0.4334870285417582
0.43431033017731896
0.43515537646218555
0.4360219084978097
0.4369096159272548
0.43781813631792965
0.4387470546788544
0.4396959031170807
0.44066416063775354
0.4416512530919734
0.44265655327641157
0.4436793811881331
0.4447190044375845
0.44577463882202684
0.4468454490609491
0.4479305496941042
0.44902900614185437
0.4501398359266654
0.45126201005350963
0.45239445454626587
0.4535360521364077
0.4546856440996417
0.455842032235755
0.4570039809864888
0.45817021968601096
0.4593394449382462
0.4605103231151151
0.4616814929694108
0.46285156835583696
0.46401914105329045
0.46518278368129073
0.4663410527030305
0.4674924915072299
0.4686356335606401
0.46976900562281565
0.4708911310144692
0.4720005329305237
0.473095737788736
0.47417527860461445
0.47523769838320185
0.47628155351813806
0.4773054171883669
0.478307882742726
0.4792875670627077
0.48024311389360874
0.481173197134434
0.48207652407694995
0.48295183858441504
0.4837979242007354
0.4846136071808985
0.4853977594337964
0.48614930136877965
0.48686720463747046
0.4875504947626629
0.48819825364639485
0.4888096219495344
0.48938380133560677
0.4899200565718222
0.4904177174806919
0.49087618073595485
0.49129491149696003
0.49167344487606196
0.49201138723396814
0.4923084172984707
0.4925642871023885
0.49277882273701934
0.49295192491779954
0.4930835693593579
0.49317380695757546
0.49322276377666247
0.49323064083979345
0.4931977137222742
0.4931243319468041
0.49301091818092935
0.49285796723751785
0.4926660448798742
0.4924357864339169
0.49216789521085497
0.49186314074467746
0.4915223568497621
0.49114643950474773
0.4907363445695921
0.4902930853433344
0.4898177299705772
0.4893113987050428
0.48877526103873953
0.48821053270545045
0.48761847256727653
0.4870003793930873
0.48635758853771976
0.48569146853098416
0.4850034175856213
0.4842948600337681
0.48356724270181967
0.48282203123404976
0.48206070637580495
0.48128476022762934
0.48049569248204443
0.479695006655046
0.4788842063245932
0.47806479138848446
0.477238254353914
0.4764060766710298
0.4755697251226432
0.47473064828214057
0.4738902730516644
0.4730500012925495
0.4722112065602105
0.4713752309556455
0.47054338210584784
0.46971693028529893
0.4688971056904069
0.4680850958782001
0.46728204337963075
0.4664890434967499
0.46570714229139665
0.464937334771466
0.4641805632789911
0.4634377160825136
0.46270962617443134
0.4619970702724394
0.46130076802282816
0.4606213814022183
0.4599595143136129
0.45931571237219027
0.4586904628764204
0.4580841949605527
0.4574972799254585
0.45693003174586877
0.45638270775307044
0.4558555094926591
0.45534858375691706
0.45486202379032065
0.45439587066492143
0.453950114819911
0.4535246977570586
0.45311951388124655
0.45273441247355983
0.4523691997833843
0.4520236412258365
0.45169746367136876
0.451390357815358
0.4511019806165663
0.4508319577942141
0.4505798863738824
0.4503453372724875
0.45012785791226706
0.4499269748530344
0.4497421964313959
0.44957301539519473
0.44941891152128516
0.4492793542051484
0.44915380501157154
0.44904172017675004
0.4489425530533743
0.4488557564917531
0.44878078515118774
0.4487170977371213
0.4486641591604586
0.4486214426161829
0.4485884315789569
0.4485646217137402
0.44854952269960235
0.44854265996511583
0.44854357633361935
0.4485518335768022
0.4485670138750907
0.4485887211833464
0.4486165825006336
0.44865024904286777
0.44868939731749236
0.44873373009950934
0.448782977308483
0.4488368967863872
0.4488952749764203
0.44895792750319596
0.44902469965487873
0.4490954667680581
0.44917013451633964
0.44924863910376517
0.44933094736434326
0.4494170567690527
0.44950699534180527
0.44960082148595865
0.4496986237230754
0.449800520345668
0.4499066589857917
0.4500172161013707
0.45013239638212166
0.45025243207706905
0.4503775822456295
0.4505081319341088
0.4506443912795425
0.4507866945427546
0.45093539907240937
0.4510908842018583
0.45125355008043827
0.4514238164410133
0.451602121305412
0.4517889196295336
0.4519846818898709
0.45218989261332787
0.45240504885222355
0.4526306586066116
0.4528672391959771
0.45311531558270435
0.4533754186497267
0.45364808343494223
0.4539338473251889
0.4542332482127072
0.454546822617162
0.4548751037765504
0.4552186197104613
0.45557789125939435
0.45595343010403055
0.45634573676860857
0.4567552986127857
0.4571825878166338
0.45762805936363643
0.4580921490268553
0.458575271363691
0.4590778177248446
0.4596001542834216
0.46014262009019447
0.46070552516130425
0.4612891486047432
0.4618937367920313
0.4625195015815668
0.46316661860006103
0.463835225588422
0.4645254208183469
0.46523726158580914
0.46597076278740623
0.4667258955854664
0.4675025861676379
0.46830071460651884
0.46912011382470914
0.4699605686705582
0.47082181510960047
0.47170353953653904
0.4726053782123466
0.47352691683085835
0.4744676902189291
0.4754271821739012
0.47640482544187135
0.47740000183976444
0.478412042523923
0.4794402284073244
0.48048379072716974
0.48154191176389016
0.48261372571208505
0.48369831970326543
0.4847947349795996
0.4859019682172387
0.48701897299712343
0.48814466142055885
0.4892779058662878
0.49041754088518175
0.4915623652281872
0.49271114400265204
0.4938626109517405
0.4950154708512242
0.4961684020174874
0.49732005892030834
0.4984690748935408
0.4996140649365172
0.5007536285987397
0.5018863529400838
0.50301081555862
0.5041255876778283
0.5052292372849742
0.5063203323121683
0.5073974438516027
0.508459149396302
0.5095040360976244
0.5105307040306026
0.51153776945811
0.5125238680845436
0.5134876582896972
0.5144278243332682
0.5153430795203883
0.5162321693186253
0.5170938744168712
0.5179270137168925
0.5187304472484168
0.5195030789991824
0.5202438596515543
0.5209517892179167
0.5216259195673066
0.5222653568361773
0.5228692637165088
0.5234368616147155
0.5239674326751512
0.5244603216621816
0.5249149376951121
0.5253307558305623
0.5257073184871282
0.5260442367076856
0.5263411912549428
0.5265979335364626
0.5268142863556923
0.5269901444861697
0.5271254750664383
0.5272203178136957
0.5272747850546525
0.5272890615723973
0.5272634042684103
0.5271981416391869
0.5270936730671304
0.5269504679257588
0.5267690644995181
0.526550068718983
0.5262941527127473
0.5260020531781034
0.5256745695734311
0.525312562136297
0.5249169497323971
0.5244887075416124
0.5240288645884662
0.5235385011252794
0.523018745876941
0.5224707731568031
0.5218957998633913
0.5212950823678658
0.5206699133020597
0.5200216182569075
0.5193515524009664
0.5186610970286263
0.5179516560476275
0.5172246524155677
0.5164815245352842
0.5157237226194201
0.5149527050349628
0.5141699346393004
0.5133768751200072
0.5125749873514251
0.511765725781598
0.5109505348634995
0.5101308455444142
0.5093080718267947
0.5084836074130218
0.5076588224451323
0.5068350603491392
0.5060136347922584
0.5051958267602275
0.5043828817614812
0.5035760071649618
0.5027763696791732
0.5019850929811147
0.5012032555051777
0.5004318884032228
0.4996719736877345
