0.2091586228212832
0.2091573980875012
0.20916274668730445
0.20917872602993035
0.20920532985623252
0.20924259871302597
0.20929059471624364
0.2093494015822443
0.20941912419102562
0.20949988814733075
0.20959183928878308
0.20969514313722715
0.20980998429252481
0.20993656576839623
0.2100751082699663
0.21022584941256234
0.21038904288116891
0.2105649575298036
0.21075387641991938
0.21095609579688002
0.21117192400346485
0.2114016803294927
0.2116456937967328
0.21190430187858447
0.21217784915437157
0.2124666858986704
0.21277116947489408
0.21309165215845197
0.21342849440303827
0.21378205388962326
0.21415268599309384
0.21454074200976614
0.21494656733600026
0.21537049960274415
0.2158128667713963
0.21627398519688823
0.21675415766433084
0.2172536714060065
0.2177727961058126
0.21831178189858988
0.2188708573719973
0.21945022757881105
0.22005007206766405
0.22067054294037886
0.22131176294411187
0.22197382360658502
0.2226567834227136
0.22336066610085217
0.22408545887678077
0.22483111090330513
0.22559753172306707
0.22638458983193618
0.2271921113400549
0.2280198787373799
0.22886763217052197
0.2297350593610429
0.23062180759830267
0.231527474857529
0.23245161111103335
0.23339371784942092
0.23435324774601735
0.23532960446819168
0.23632214263867127
0.23733016794945103
0.238352937430268
0.23938965987309954
0.24043949641350523
0.24150156126907202
0.24257492263461095
0.24365860373316664
0.24475158402129243
0.24585280054647118
0.24696114945398878
0.24807548763997472
0.24919463454680332
0.25031737409650445
0.25144245675730004
0.25256860173791723
0.2536944993038322
0.25481881320917116
0.2559401832375655
0.25705722784484575
0.25816854689613455
0.2592727244895198
0.26036833185820535
0.26145393034273157
0.26252807442466625
0.26358931481287
0.2646362015733204
0.26566728729331096
0.2666811302706799
0.26767629771869184
0.26865136897709907
0.26960493871988417
0.27053562015020705
0.27144205060172266
0.2723228852364653
0.27317681394160853
0.27400255540463453
0.27479886229673367
0.27556452654321356
0.2762983730555715
0.27699927577910083
0.277666151745284
0.2782979657364495
0.27889373274503887
0.27945252031746665
0.2799734507758044
0.28045570331097003
0.2808985159415369
0.2813011900330473
0.2816630816363985
0.2819836178838849
0.2822622888273045
0.2824986509480399
0.2826923282110286
0.282843012956262
0.2829504666257921
0.2830145203247284
0.2830350752151682
0.28301210274244587
0.2829456446935673
0.2828358130880656
0.28268278990195234
0.2824868266258436
0.2822482436586738
0.28196742953884013
0.28164484001493445
0.28128099695859865
0.28087648712240326
0.28043196074595783
0.2799481300138788
0.27942576736952157
0.27886570368879815
0.2782688263187249
0.2776360769857249
0.276968449579053
0.27626698781511405
0.2755327827887646
0.27476697041808607
0.2739707287894769
0.2731452754102211
0.27229186437610564
0.27141178346190176
0.2705063511429077
0.2695769135559912
0.26862484140886544
0.26765152684654775
0.26665838028418015
0.26564682721555255
0.2646183050068109
0.2635742596849504
0.26251614273073826
0.26144540788574483
0.26036350798315877
0.2592718918119582
0.2581720010239583
0.2570652670930883
0.25595310833606544
0.25483692700343236
0.2537181064496418
0.2525980083905967
0.2514779702566907
0.2503593026490727
0.24924328934861623
0.24813117545486207
0.24702417921933534
0.24592348080043153
0.24483022259685328
0.24374550746010695
0.24267039705097232
0.2416059103437988
0.24055302228179365
0.23951266258578705
0.23848571471840135
0.23747301500488363
0.23647535191125665
0.23549346547985933
0.23452804692168083
0.23357973836435006
0.23264913275401625
0.2317367739087665
0.23084315902829938
0.22996872997692844
0.2291138871307082
0.22827898124877405
0.22746431638283182
0.22667015076104005
0.22589669779272228
0.22514412718780966
0.22441256618456115
0.22370210087886502
0.22301277764809135
0.2223446046623404
0.2216975534756867
0.2210715606899188
0.22046652968317806
0.21988233239584065
0.21931881116596974
0.21877578060670996
0.21825302951802522
0.21775032282532683
0.2172674035376287
0.21680399471806924
0.2163598014598213
0.215934512860653
0.21552780398963223
0.21513933783978484
0.2147687672607846
0.21441573686606474
0.21407988490910507
0.2137608451239517
0.21345824852538872
0.21317172516453087
0.21290090583594817
0.2126454237327972
0.21240491604674577
0.2121790255098365
0.21196740187573063
0.21176970333809153
0.21158559788414588
0.211414764581748
0.2112568971507775
0.21111169822090692
0.2109788847155209
0.21085819379736523
0.21074937682935843
0.2106522025159864
0.2105664576965143
0.21049194806574528
0.21042849882228148
0.21037595524435024
0.2103341831933221
0.21030306954517314
0.21028252255018487
0.2102724721212617
0.21027287005130385
0.21028369016008486
0.2103049283711628
0.2103366027193365
0.2103787532891529
0.21043144208501083
0.21049475283326768
0.2105687907167978
0.21065368204230714
0.2107495738406402
0.2108566334001659
0.21097504773324985
0.2111050229756356
0.21124678371846067
0.2114005722724989
0.21156664786411977
0.21174528576238533
0.2119367763366973
0.21214142404439043
0.21235954634780096
0.21259147488232571
0.2128375450425096
0.21309810832489864
0.21337352196372447
0.2136641497213242
0.21397036038380507
0.21429252619008685
0.2146310211966215
0.21498621958054576
0.21535849388465736
0.21574821320805695
0.21615574134688298
0.21658143489004428
0.21702564127537718
0.21748869681205749
0.2179709246755708
0.21847263288189017
0.21899411224784898
0.2195356343450186
0.22009744945464368
0.2206797845313751
0.2212828435425007
0.22190679613790554
0.2225517895509172
0.22321793752403854
0.2239053207052326
0.22461398483419204
0.22534393899421112
0.2260951539376827
0.22686756049303744
0.2276610480607888
0.22847546320613876
0.229310608355319
0.2301662406025718
0.23104207063435778
0.23193776177699857
0.23285292917359682
0.23378713909562956
0.23473991069716216
0.2357107064720867
0.23669894560478055
0.237703994855373
0.2387251708456387
0.23976174026516445
0.24081292023674558
0.2418778788415702
0.24295573580439062
0.24404556564499075
0.24514638948236406
0.24625718995626053
0.2473769034046524
0.24850442361356112
0.24963860344096192
0.2507782565878198
0.2519221595120564
0.25306905348065384
0.2542176467546506
0.2553666169014939
0.25651461558151134
0.25766026186210256
0.25880215845164606
0.2599388855696671
0.26106900597088306
0.26219106787246166
0.2633036079558924
0.26440515214971033
0.2654942279156912
0.2665693536466264
0.26762905107987606
0.2686718462309016
0.26969627265162216
0.27070087469838017
0.2716842107999119
0.27264485671571903
0.27358140877529225
0.27449248708872714
0.2753767387193905
0.27623284080943133
0.2770595036490918
0.2778554736809975
0.27861953643080833
0.2793505193558686
0.28004729460375033
0.280708781672914
0.28133394996797756
0.28192182124246484
0.2824714719222074
0.28298203530301475
0.28345270361652736
0.28388272995864117
0.28427143007526084
0.284618184000577
0.2849224375434788
0.2851837036181675
0.2854015634154648
0.2855756697688389
0.28570573864086196
0.28579156373702075
0.28583300778423476
0.2858300051616206
0.28578256206733776
0.28569075651408554
0.28555473815328336
0.28537472792842716
0.2851510175585538
0.28488396885315365
0.28457401286029776
0.2842216488502063
0.2838274454826209
0.28339203016759174
0.2829161014067627
0.2824004180044008
0.2818457995427977
0.2812531244482456
0.28062332791962447
0.27995739972515393
0.27925638187323165
0.27852136616371237
0.27775349162630075
0.27695394185318933
0.27612394457227846
0.2752647594981271
0.2743776892384871
0.27346406711365595
0.27252525635467084
0.2715626469686356
0.2705776525567275
0.2695717070942378
0.2685462616821615
0.26750278127993854
0.2664427414290962
0.2653676249775733
0.2642789188145222
0.26317811062537
0.26206668801919114
0.2609461261241146
0.2598178981006512
0.25868346311222035
0.2575442655335501
0.2564017320267345
0.2552572687022379
0.2541122583731058
0.25296805791025206
0.2518259957063344
0.2506873692552656
0.24955344285399927
0.24842544543270284
0.2473045685189548
0.24619196434103888
0.2450887440749065
0.24399597623873084
0.24291468523846158
0.24184585006716103
0.2407904031602636
0.2397492294083526
0.23872316532835725
0.23771299839351415
0.23671946652178227
0.2357432577218256
0.23478500989504386
0.23384531079159007
0.23292469811771013
0.23202365979121858
0.23114263669724755
0.2302820138968974
0.22944213517284526
0.22862329466505335
0.2278257423897654
0.22704967607830526
0.2262952561003341
0.22556259759390906
0.22485177410858806
0.22416281906517763
0.2234957273004285
0.22285045668930575
0.2222269298373382
0.22162503583548804
0.22104463206997654
0.2204855460794664
0.21994757745209886
0.21943049975493395
0.2189340624884577
0.21845799305898692
0.21800199876195298
0.21756576876927988
0.21714897611426925
0.2167512796676731
0.2163723260989079
0.21601175181663546
0.21566918488326098
0.21534424689818366
0.21503655484498274
0.21474572289802113
0.21447136652191934
0.21421309489751536
0.21397052642261097
0.21374328115071947
0.2135309846162671
0.2133332693217149
0.21314977856126213
0.21298015828875044
0.21282407249069643
0.2126811951256891
0.2125512135759148
0.2124338321434449
0.21232876354771335
0.21223574394576553
0.2121545245512682
0.21208487471401286
0.21202658264740826
0.2119794560843066
0.2119433228613828
0.21191803143247948
0.21190345131132357
0.2118994734441629
0.21190601051282898
0.21192299716879195
0.21195039019874534
0.21198816862220315
0.21203633372154912
0.21209490900484657
0.2121639401016452
0.21224349459185687
0.21233366176760987
0.2124345523278665
0.21254629800539493
0.21266905112553694
0.2128029840960697
0.21294828882734237
0.21310517840305415
0.2132738771632756
0.21345463356777603
0.21364771031128862
0.21385338561344414
0.2140719522016172
0.2143037162185182
0.21454899605447972
0.2148081211046388
0.21508143045166891
0.2153692714750879
0.21567199838866577
0.21598997070789427
0.21632355165001876
0.21667310646957394
0.21703900073291624
0.21742160084762388
0.21782126304235822
0.21823834516602567
0.21867319570510574
0.21912615406994307
0.21959754860213987
0.22008769455778457
0.22059689207325966
0.22112542412066413
0.22167355446010317
0.2222415279665095
0.22282955919583947
0.22343784436062797
0.2240665500976539
0.22471581381310693
0.22538574177798162
0.2260764072751138
0.22678784880583752
0.22752006836412458
0.22827302978601702
0.22904665718198333
0.2298408334596737
0.2306553989443165
0.23149015010377091
0.23234483838494813
0.23321916916800278
0.23411280084435143
0.23502534402419104
0.23595636087874933
0.23690536462209902
0.23787181913684832
0.23885513874757322
0.23985468814528754
0.2408697824657205
0.24189968752364518
0.24294362020486962
0.24400075132666113
0.24507019715205422
0.2461510339870241
0.24724229009898505
0.24834294916710892
0.24945195162134542
0.25056819613378056
0.25169054125922175
0.2528178072212678
0.25394877783957415
0.2550822025934773
0.2562167988166396
0.2573512540168488
0.25848422831467055
0.2596143569941718
0.2607402531585273
0.2618605104829429
0.2629737060569879
0.26407840330805343
0.2651731549974424
0.2662565062802714
0.2673269978202044
0.26838316894981995
0.26942356086728186
0.27044671985985896
0.27145120054479605
0.272435569117931
0.2733984066005253
0.27433831446199614
0.275253908395365
0.2761438355013301
0.27700676820198394
0.2778414096201107
0.2786464966176117
0.2794208027675235
0.28016314125106007
0.2808723676713887
0.2815473827761224
0.2821871350807956
0.282790623385888
0.2833568991803313
0.2838850689247214
0.28437429620786986
0.2848238037706679
0.2852328753916429
0.28560085762895726
0.28592716141404684
0.2862112634924712
0.2864527100370443
0.28665110850868536
0.28680614243328373
0.2869175630352824
0.28698519214132767
0.2870089226359013
0.28698871874546533
0.28692461615025533
0.2868167219233122
0.28666521661267286
0.2864703445959068
0.2862324273284086
0.2859518534011112
0.2856290799193658
0.2852646314226709
0.28485909864178904
0.2844131370964932
0.2839274655377373
0.28340286656799724
0.2828401755258086
0.2822402922889578
0.2816041700000088
0.2809328150729697
0.2802272848058159
0.2794886848759833
0.2787181690709122
0.2779169272502662
0.27708619642881555
0.27622724867226295
0.27534139040931993
0.27442995938650566
0.273494321562581
0.27253586795181667
0.27155601142541824
0.27055618348065646
0.26953783330145364
0.2685024152829049
0.26745139950701796
0.2663862593597078
0.2653084705537547
0.26421951026242857
0.2631208446161664
0.2620139393947656
0.2609002478192027
0.2597812097877321
0.25865824892792555
0.25753276973012584
0.2564061547706259
0.25527976203259045
0.2541549223323197
0.2530329368580389
0.25191507482801634
0.25080257127425354
0.24969662495758826
0.24859839641945863
0.24750900617507
0.24642953305213827
0.24536101267879673
0.24430443612367245
0.24326074869051437
0.24223084886916627
0.2412155874440452
0.24021576676067527
0.2392321401502087
0.23826541382976843
0.23731623740836225
0.23638521757214265
0.23547290896184925
0.2345798166513315
0.23370639879935123
0.23285305789252148
0.23202015518786856
0.23120800226016894
0.23041686417002766
0.22964696045767194
0.22889846625110852
0.22817151348220036
0.22746619220396327
0.22678255200210554
0.226120603493686
0.22548031990557413
0.22486163872527806
0.2242644634166893
0.22368866519317118
0.22313408484052039
0.22260053458228313
0.2220877999800469
0.22159564186141192
0.22112379826849157
0.22067198641997524
0.2202399046799761
0.21982723452713143
0.2194336425176431
0.21905878455449254
0.21870229860866738
0.21836382036831775
0.21804297599985994
0.21773938627114545
0.2174526683620251
0.21718243763314637
0.21692830934920643
0.216689900353224
0.21646683068864664
0.21625872751495015
0.21606521730421704
0.21588594114476958
0.21572054696884888
0.21556869315016677
0.21543004976473765
0.215304299786015
0.21519114021341026
0.21509028313345224
0.21500145671302745
0.2149244061242805
0.21485889440089884
0.21480470557166312
0.21476163607526141
0.21472950924782247
0.2147081667530927
0.21469747136492334
0.21469730740915152
0.21470758113673213
0.21472822102769235
0.21475917802568342
0.21480042802484195
0.21485196272612836
0.21491380344474095
0.21498599192387846
0.21506859248896038
0.21516169185674672
0.2152653988713389
0.2153798441662566
0.2155051797517269
0.21564157852637375
0.215789233712504
0.2159483582142352
0.21611918389785048
0.2163019607938422
0.21649695622032147
0.21670445382764206
0.21692475256434382
0.21715816556476425
0.21740501895899048
0.21766565060612875
0.21794040875219814
0.21822965061436736
0.21853374089356786
0.21885305254360438
0.21918795593398144
0.2195388308566827
0.21990605573402794
0.2202900080606125
0.22069106255111043
0.2211095915540795
0.22154595391483
0.22200050672300264
0.22247359420575719
0.22296554796298562
0.22347668492088352
0.22400730527469467
0.22455769042750898
0.22512810093220614
0.22571877444380373
0.22632992600593915
0.22696173680725112
0.22761436603008195
0.22828793973275643
0.22898255125802708
0.22969825940762195
0.23043508668093476
0.23119301758553162
0.23197199702706975
0.23277192878605746
0.23359267408874584
0.23443405027920952
0.23529582959941445
0.23617773808383694
0.23707945689354507
0.23800061226551128
0.2389407884560374
0.23989951811590038
0.24087628408384854
0.24187051908539678
0.24288160792475716
0.24390887815726342
0.24495161416801606
0.2460090482509781
0.24708036337751926
0.2481646938277868
0.2492611259817256
0.25036869926939925
0.2514864072796247
0.2526131990253314
0.2537479803634651
0.2548896155666509
0.25603692904326353
0.25718870720196424
0.2583437004562339
0.2595006253638642
0.2606581692066172
0.2618149832069017
0.26296969870161335
0.26412092071629556
0.2652672329328305
0.26640720050653305
0.2675393729702389
0.26866228721704766
0.2697744705531116
0.2708744438116109
0.2719607268408202
0.2730318324840733
0.2740862835734489
0.27512260709041064
0.27613933970788135
0.2771350310759901
0.27810824710313586
0.2790575732227955
0.27998161763657997
0.28087901452412073
0.2817484272105072
0.28258855128211263
0.28339811996660497
0.2841758978502813
0.28492069764339534
0.2856313737935589
0.28630682750795833
0.2869460093787985
0.28754792189926
0.2881116218628294
0.2886362226392339
0.28912089632051996
0.2895648757312399
0.2899674586258166
0.2903280001259812
0.29064592816929047
0.2909207357025308
0.2911519842323881
0.2913393049152199
0.29148239947993687
0.291581040981296
0.2916350743814196
0.2916444169577969
0.2916090585365183
0.2915290638747532
0.2914045632763513
0.2912357661503501
0.2910229536758988
0.2907664711361047
0.29046674101839964
0.29012425279605686
0.28973956407333046
0.28931329926902427
0.2888461481393608
0.28833886414423676
0.2877922626613309
0.28720721905303787
0.2865846665916253
0.285925594248418
0.2852310443532502
0.2845021101307988
0.2837399331208456
0.28294570048984297
0.28212064224158784
0.2812660283350719
0.28038316571795846
0.2794733976239347
0.27853809115536293
0.2775786480015485
0.2765964920200883
0.2755930682697267
0.2745698397265442
0.27352828398044393
0.2724698899217408
0.27139615442771214
0.27030857905893463
0.2692086667752265
0.268097918680927
0.2669778308091778
0.2658498909546723
0.2647155755642304
0.2635763466942932
0.2624336490442199
0.26128890707396785
0.2601435222144377
0.25899887017839157
0.25785629837948754
0.25671712346657133
0.2555826289798662
0.2544540631353082
0.2533326367426968
0.252219521262847
0.2511158470084205
0.2500227014924104
0.2489411279278628
0.24787212619915908
0.24681664242639118
0.2457755817664682
0.2447497983418833
0.24374009682125464
0.2427472318653559
0.24177190773166096
0.240814778035971
0.23987644566913466
0.2389574628662835
0.238058331425452
0.23717950307193716
0.23632137996419417
0.23548431533665765
0.23466861427436533
0.23387453461387958
0.23310228796460267
0.2323520431520924
0.23162391825002573
0.23091799570990124
0.23023431462920319
0.22957287456266554
0.22893363712567227
0.228316529978679
0.22772143936422232
0.2271482256553109
0.22659671606486462
0.2260667088082022
0.22555797502381447
0.22507026072108674
0.2246032887478493
0.22415676077086025
0.22373035926249546
0.2233237494871856
0.22293658148142226
0.22256849202136278
0.22221910657246152
0.22188804121576675
0.2215749045459041
0.221279299536032
0.22100082536542853
0.22073908152915894
0.22049366030767253
0.2202641623331592
0.2200501890039027
0.21985134637241788
0.21966724667609855
0.21949750980941987
0.21934176473589584
0.21919965083825044
0.21907081920543334
0.21895493385529258
0.21885167519861426
0.2187607319335491
0.21868181581855928
0.21861465349594605
0.2185589896557697
0.21851458785630545
0.21848123127570096
0.2184587257218085
0.21844689096780529
0.2184455751622473
0.21845464608934098
0.2184739938652303
0.21850353126794098
0.21854319399519637
0.21859294084940417
0.2186527538490814
0.21872263826593452
0.21880262258672067
0.2188927583990431
0.218993120200202
0.21910380512821911
0.2192249326142303
0.21935664395548898
0.2194991018083047
0.21965248960038908
0.21981701086221447
0.21999288847718798
0.22018036385058673
0.22037969599751747
0.22059116055031905
0.22081504868616883
0.2210516659758803
0.22130133115521794
0.22156437482035005
0.22184113804938496
0.22213197095226778
0.22243723115163397
0.22275728219754465
0.2230924919193975
0.22344323071860395
0.22380986980593764
0.2241927793878269
0.22459232680613447
0.22500887463629707
0.225442778748971
0.2258943863406452
0.22636403393891405
0.22685204538838907
0.2273587298234638
0.2278843796343562
0.22842926843309036
0.22899364902621977
0.2295777514013232
0.23018178073439113
0.2308059154253512
0.23145030516912019
0.23211506906954463
0.23280029380370917
0.2335060318440345
0.23423229974558912
0.23497907650595726
0.23574630200491675
0.23653387553103977
0.23734165440219362
0.2381694526866692
0.2390170400314821
0.2398841406040744
0.24077043215338947
0.2416755451959087
0.24259906233189904
0.24354051769670795
0.2444993965515101
0.24547513501745127
0.2464671199566566
0.24747468900304564
0.24849713074538404
0.24953368506443793
0.2505835436255591
0.25164585052741834
0.2527197031070576
0.253804152900817
0.25489820676011676
0.2560008281205023
0.25711093842171756
0.2582274186760769
0.25934911118177284
0.2604748213772142
0.2616033198319962
0.262733344369505
0.26386360231572725
0.264992772868304
0.26611950957946195
0.2672424429459812
0.268360183098997
0.26947132258606127
0.27057443923754265
0.27166809910914785
0.27275085949208927
0.2738212719821863
0.27487788559895754
0.2759192499456362
0.2769439184008866
0.27795045133287877
0.2789374193263464
0.2799034064131818
0.28084701329714695
0.2817668605632673
0.28266159186258555
0.2835298770629777
0.28437041535688695
0.28518193831695254
0.2859632128906839
0.2867130443255046
0.2874302790157206
0.2881138072631894
0.28876256594371313
0.28937554107150265
0.28995177025428065
0.2904903450319878
0.29099041309233836
0.2914511803568512
0.2918719129313383
0.2922519389152396
0.2925906500645439
0.2928875033035189
0.29314202208083884
0.29335379756614305
0.2935224896835515
0.29364782797904393
0.2937296123191472
0.29376771341879243
0.29376207319672876
0.2937127049573215
0.2936196933981031
0.2934831944428812
0.2933034349007685
0.29308071195193447
0.292815392461438
0.29250791212293736
0.2921587744346158
0.2917685495101219
0.29133787272781836
0.2908674432221053
0.29035802222106694
0.2898104312351145
0.2892255501017945
0.28860431489233634
0.2879477156859234
0.2872567942181119
0.2865326414101908
0.28577639478663486
0.2849892357881922
0.2841723869884124
0.28332710922181564
0.2824546986320941
0.28155648364905406
0.2806338219032181
0.27968809708721454
0.2787207157732304
0.27773310419598807
0.27672670501079016
0.2757029740362635
0.2746633769914845
0.2736093862371967
0.27254247753077626
0.2714641268046023
0.27037580697737446
0.2692789848077852
0.26817511779983655
0.2670656511688919
0.2659520148772934
0.26483562074818123
0.263717859665781
0.2626000988701678
0.2614836793540956
0.2603699133691227
0.25926008204780904
0.2581554331483186
0.2570571789273089
0.25596649414640893
0.25488451421714986
0.2538123334886019
0.2527510036814474
0.25170153247162824
0.25066488222611694
0.2496419688927975
0.24863366104577542
0.24764077908691517
0.24666409460372157
0.2457043298831429
0.24476215758024011
0.2438382005400969
0.2429330317707991
0.2420471745647058
0.2411811027647805
0.24033524117215813
0.23950996609072886
0.2387056060039744
0.23792244237896704
0.23716071059197785
0.23642060096981515
0.23570225994071442
0.23500579128830018
0.23433125750189107
0.23367868121626348
0.2330480467337829
0.2324393016217018
0.23185235837738716
0.23128709615411241
0.2307433625401439
0.23022097538380404
0.22971972465731802
0.2292393743523145
0.2287796644000396
0.22834031260944404
0.2279210166165653
0.22752145583880642
0.22714129342799116
0.22678017821632182
0.2264377466496905
0.22611362470303917
0.22580742977285725
0.22551877254215
0.22524725881359942
0.22499249130691196
0.2247540714166966
0.2245316009274871
0.22432468368281905
0.22413292720547925
0.22395594426627433
0.2237933543987375
0.22364478535735208
0.22350987451679594
0.22338827020982704
0.22327963300149592
0.22318363689766407
0.2230999704865478
0.22302833801283575
0.2229684603850618
0.2229200761174497
0.22288294220717447
0.22285683494702438
0.222841550672064
0.22283690643806114
0.22284274062921847
0.222858913493115
0.2228853076013828
0.22292182823515627
0.22296840369463228
0.22302498553215894
0.22309154870822007
0.22316809166959972
0.22325463634894516
0.22335122808486804
0.2234579354617747
0.22357485006862984
0.22370208617592915
0.22383978033030624
0.22398809086627774
0.22414719733481778
0.22431729984862217
0.22449861834412554
0.22469139176052652
0.22489587713635356
0.22511234862425952
0.2253410964251229
0.22558242564266326
0.22583665506016118
0.2261041158411021
0.22638515015587274
0.22668010973692546
0.2269893543651368
0.22731325029036764
0.2276521685895444
0.22800648346586852
0.22837657049306004
0.2287628048088329
0.2291655592620765
0.2295852025185021
0.23002209712979135
0.2304765975715117
0.23094904825537002
0.23143978152155467
0.23194911561719112
0.2324773526671261
0.23302477664344987
0.23359165134037824
0.23417821836123565
0.23478469512446062
0.23541127289566025
0.23605811485283448
0.2367253541919771
0.23741309228030225
0.23812139686435507
0.23885030034027008
0.23959979809337095
0.24036984691428123
0.24116036349853678
0.24197122303661756
0.24280225790110224
0.24365325643743257
0.2445239618645621
0.24541407129146142
0.24632323485512755
0.24725105498543404
0.24819708580176325
0.24916083264593764
0.2501417517555762
0.2511392500815091
0.2521526852524044
0.25318136568926886
0.25422455087193685
0.25528145175914624
0.2563512313632056
0.25743300547972436
0.2585258435722874
0.2596287698113558
0.2607407642661395
0.2618607642475615
0.26298766579990407
0.26412032533812385
0.26525756142731277
0.2663981567002027
0.26754085990814597
0.2686843881004378
0.2698274289264223
0.27096864305433666
0.27210666670043643
0.2732401142614981
0.27436758104347714
0.27548764607868004
0.2765988750235152
0.2776998231286294
0.2787890382728935
0.27986506405256256
0.28092644291667124
0.2819717193396227
0.2829994430217678
0.28400817210867835
0.28499647641978526
0.2859629406769856
0.2869061677238558
0.2878247817261057
0.28871743134400407
0.289582792867563
0.2904195733053957
0.29122651341833217
0.2920023906889958
0.29274602221878837
0.29345626754391485
0.2941320313623291
0.2947722661637365
0.29537597475508337
0.29594221267422993
0.2964700904848392
0.29695877594585024
0.2974074960492429
0.29781553892019685
0.29818225557409656
0.2985070615252931
0.29878943824290305
0.2990289344494022
0.2992251672581991
0.29937782314684797
0.2994866587630008
0.29955150156072313
0.2995722502652379
0.29954887516468287
0.29948141822793
0.29936999304803896
0.29921478461139767
0.29901604889308636
0.29877411227952794
0.298489370819948
0.29816228930868804
0.29779340020087325
0.29738330236444716
0.2969326596720551
0.29644219943670846
0.29591271069567077
0.29534504234740777
0.2947401011469209
0.29409884956520665
0.29342230351897075
0.292711529977141
0.2919676444511164
0.2911918083759829
0.29038522639032366
0.2895491435225361
0.28868484229183433
0.28779363973240907
0.28687688434944514
0.28593595301590513
0.2849722478191739
0.28398719286683144
0.2829822310609381
0.28195882085031787
0.28091843297043434
0.27986254718043047
0.2787926490069735
0.27771022650449484
0.2766167670413312
0.2755137541212274
0.27440266424947485
0.27328496385283046
0.27216210626209225
0.2710355287660498
0.26990664974516004
0.26877686589307564
0.2676475495337671
0.26652004604165086
0.265395671371717
0.2642757097062955
0.2631614112245549
0.26205399000048357
0.26095462203450204
0.2598644434233875
0.25878454867265627
0.2577159891549805
0.2566597717176415
0.25561685744146384
0.25458816055309663
0.2535745474918348
0.2525768361317169
0.25159579515889874
0.25063214360382846
0.24968655052708666
0.248759634857215
0.2478519653783212
0.24696406086465023
0.24609639035886283
0.2452493735902122
0.24442338152836696
0.2436187370681941
0.24283571584040353
0.24207454714256427
0.24133541498469271
0.24061845924330422
0.23992377691753472
0.23925142348072825
0.23860141432070409
0.23797372626174554
0.23736829916126462
0.23678503757400393
0.23622381247663146
0.23568446304554802
0.23516679848080257
0.23467059986905042
0.23419562207863026
0.2337415956799246
0.23330822888438504
0.23289520949574022
0.2325022068671583
0.23212887385834358
0.23177484878679921
0.23143975736777206
0.23112321463763766
0.2308248268557985
0.23054419338042872
0.2302809085137283
0.23003456331258923
0.2298047473609119
0.2295910505000373
0.22939306451408703
0.2292103847671922
0.2290426117898953
0.22888935281220132
0.22875022324095937
0.22862484807946423
0.22851286328733295
0.22841391707884545
0.22832767115810798
0.22825380188947775
0.22819200140179974
0.22814197862510277
0.22810346025844333
0.22807619166766704
0.228059937711912
0.2280544834976901
0.2280596350595009
0.22807521996595903
0.22810108785048494
0.22813711086568858
0.22818318406059132
0.22823922567989896
0.2283051773844862
0.22838100439228184
0.22846669553875074
0.22856226325611026
0.22866774347056645
0.2287831954168497
0.22890870136948938
0.22904436629036076
0.22919031739226323
0.22934670361838944
0.22951369503780442
0.22969148215718332
0.229880275149323
0.23008030299910556
0.23029181256788028
0.23051506757738693
0.23075034751465662
0.2309979464595415
0.23125817183678615
0.2315313430948126
0.23181779031367386
0.23211785274487484
0.23243187728603906
0.23276021689367932
0.23310322893757085
0.23346127350051
0.23383471162750522
0.23422390352867106
0.23462920674038776
0.2350509742494852
0.2354895525854694
0.2359452798860215
0.23641848394122025
0.23690948022212963
0.23741856989960897
0.23794603785936863
0.23849215071949523
0.23905715485681628
0.2396412744486432
0.24024470953652896
0.2408676341188495
0.24151019427905274
0.24217250635650753
0.2428546551669314
0.24355669227938181
0.24427863435674374
0.24502046156664561
0.24578211606962047
0.24656350059121154
0.24736447708459652
0.248184865490102
0.24902444259779186
0.24988294101904676
0.25076004827278575
0.25165540599167896
0.25256860925336305
0.25349920604128373
0.25444669683941945
0.25541053436470057
0.25639012344048767
0.25738482101401733
0.2583939363202041
0.25941673119369885
0.2604524205305774
0.2615001729004555
0.26255911130935444
0.26362831411300336
0.264706816079759
0.26579360960177034
0.266887646052425
0.26798783728758585
0.26909305728759786
0.2702021439364872
0.2713139009342732
0.27242709983780655
0.273540482225059
0.27465276197733507
0.27576262767340115
0.27686874508915105
0.2779697597960033
0.27906429985084336
0.28015097857002397
0.2812283973795925
0.2822951487336591
0.2833498190925301
0.2843909919520633
0.28541725091548525
0.28642718279875823
0.28741938076047896
0.28839244744718745
0.28934499814491027
0.29027566392773935
0.2911830947942557
0.2920659627826358
0.29292296505531473
0.2937528269442281
0.29455430494769197
0.2953261896701863
0.29606730869642633
0.29677652939131877
0.2974527616175985
0.29809496036317784
0.29870212827052645
0.29927331806064683
0.29980763484454914
0.30030423831545794
0.30076234481531566
0.3011812292695391
0.30156022698438745
0.3018987353016583
0.3021962151059059
0.30245219217976804
0.3026662584034327
0.30283807279473074
0.3029673623867931
0.3030539229406521
0.3030976194906674
0.30309838672108497
0.30305622917254305
0.30297122127782833
0.3028435072266598
0.3026733006597823
0.3024608841931641
0.3022066087735749
0.30191089286734735
0.3015742214846212
0.30119714504181566
0.30078027806565316
0.30032429774242436
0.29982994231672977
0.2992980093443104
0.2987293538040548
0.298124886074662
0.29748556978181356
0.2968124195221181
0.29610649847042725
0.2953689158774496
0.29460082446495095
0.29380341772609897
0.2929779271388208
0.292125619300312
0.29124779299106185
0.2903457761770272
0.28942092295873084
0.28847461047629597
0.2875082357794959
0.2865232126720925
0.2855209685397305
0.2845029411707692
0.28347057557939337
0.2824253208403724
0.2813686269447328
0.2803019416855792
0.27922670758313684
0.27814435885796085
0.27705631846107587
0.2759639951695784
0.27486878075601084
0.27377204723951815
0.27267514422650896
0.2715793963481619
0.2704861008018016
0.2693965250027304
0.2683119043526875
0.2672334401306668
0.2661622975113241
0.26509960371575375
0.264046446298831
0.26300387157685157
0.2619728831986052
0.26095444086245423
0.2599494591814608
0.2589588066979756
0.25798330504854855
0.2570237282794536
0.2560808023125518
0.25515520456062857
0.2542475636908922
0.2533584595347061
0.25248842314120407
0.2516379369719514
0.2508074352332964
0.2499973043426632
0.2492078835245742
0.2484394655317642
0.2476922974863667
0.24696658183578016
0.2462624774175217
0.24558010062708588
0.24491952668261394
0.24428079097998542
0.24366389053175902
0.24306878548329752
0.24249540069923514
0.24194362741344766
0.24141332493556802
0.24090432240715312
0.24041642060059373
0.23994939375401858
0.23950299143551557
0.23907694043018063
0.23867094664368624
0.2382846970162769
0.23791786144127888
0.23757009468249055
0.2372410382850085
0.23693032247429338
0.23663756803855024
0.23636238818969665
0.23610439039847386
0.2358631781994937
0.23563835296222804
0.2354295156242258
0.23523626838302542
0.2350582163435138
0.2348949691176161
0.23474614237350397
0.23461135933163502
0.23449025220518088
0.2343824635825659
0.23428764775001043
0.23420547195216285
0.23413561758902143
0.23407778134752213
0.23403167626622892
0.2339970327317032
0.23397359940517284
0.23396114407822066
0.23395945445621014
0.23396833886827006
0.23398762690265199
0.23401716996637528
0.23405684176804673
0.234106538722827
0.23416618027851113
0.23423570916162212
0.23431509154242566
0.2344043171176558
0.23450339910962995
0.2346123741803364
0.23473130225908578
0.23486026628247267
0.23499937184570543
0.23514874676508532
0.23530854055222358
0.23547892380155067
0.23566008749347725
0.23585224221591633
0.2360556173067606
0.2362704599193106
0.23649703401187053
0.23673561926214648
0.2369865099068695
0.23725001350740269
0.23752644964270433
0.2378161485317399
0.23811944958817488
0.23843669991055957
0.23876825271153454
0.23911446568972
0.23947569934803037
0.23985231526230602
0.24024467430430346
0.2406531348233276
0.24107805079104425
0.24151976991430715
0.2419786317210998
0.2424549656249648
0.24294908897350512
0.24346130508675362
0.24399190129140927
0.2445411469570416
0.2451092915405469
0.24569656264524223
0.24630316410108802
0.2469292740725968
0.2475750432011319
0.24824059278825275
0.24892601302690184
0.24963136128719174
0.25035666046355043
0.2511018973899956
0.2518670213301774
0.252651942548777
0.2534565309707275
0.2542806149345167
0.2551239800456541
0.2559863681361741
0.2568674763357124
0.25776695625946533
0.2586844133179636
0.25961940615326373
0.26057144620580075
0.26153999741568656
0.2625244760619034
0.263524250742362
0.2645386424973392
0.26556692507836044
0.266608325364093
0.2676620239243092
0.2687271557324602
0.269802811026857
0.2708880363199122
0.2719818355543114
0.2730831714044677
0.2741909667210158
0.27530410611556233
0.2764214376824111
0.27754177485342296
0.27866389838169453
0.2797865584492872
0.2809084768937185
0.28202834954755884
0.2831448486850013
0.2842566255688988
0.285362313091364
0.2864605285006935
0.28754987620701844
0.288628950658821
0.2896963392821452
0.29075062547414215
0.2917903916423376
0.29281422228086973
0.2938207070747919
0.29480844402342343
0.29577604257366885
0.2967221267541589
0.29764533830108786
0.2985443397666017
0.2994178176006821
0.3002644851975157
0.30108308589748756
0.30187239593602383
0.3026312273307216
0.303358430698351
0.30405289799352836
0.304713565161109
0.3053394146945679
0.30592947809293014
0.3064828382090729
0.3069986314825815
0.3074760500506218
0.307914343730679
0.3083128218693613
0.3086708550518843
0.308987876667213
0.3092633843243075
0.3094969411153145
0.3096881767219985
0.30983678836217865
0.30994254157336865
0.3100052708313066
0.3100248800015357
0.31000134262268597
0.3099347020205526
0.3098250712526367
0.30967263288322433
0.3094776385896172
0.3092404086006227
0.3089613309688596
0.30864086067896274
0.30827951859420566
0.30787789024454093
0.30743662445953157
0.30695643185005916
0.3064380831431802
0.30588240737488315
0.3052902899459642
0.30466267054660146
0.3040005409556436
0.30330494272093717
0.3025769647274772
0.3018177406603797
0.30102844637008674
0.3002102971474497
0.29936454491662623
0.298492475353947
0.29759540494111225
0.2966746779612779
0.295731663446728
0.2947677520869892
0.29378435310635453
0.29278289111985994
0.29176480297688484
0.29073153460154366
0.2896845378390741
0.288625267317433
0.2875551773331921
0.28647571877077327
0.28538833606393127
0.28429446420814053
0.2831955258324564
0.28209292833906346
0.2809880611185572
0.2798822928486661
0.278776968883812
0.2776734087425986
0.2765729036999041
0.2754767144899266
0.27438606912605307
0.2733021608430139
0.27222614616634194
0.27115914311362105
0.27010222953155255
0.2690564415723327
0.26802277231229626
0.26700217051525627
0.26599553954241917
0.26500373641018293
0.26402757099659396
0.2630678053966747
0.26212515342628934
0.26120028027365266
0.26029380229708865
0.25940628696706114
0.2585382529500664
0.2576901703314193
0.2568624609735162
0.25605549900573393
0.2552696114416905
0.25450507891921165
0.2537621365580145
0.2530409749298056
0.25234174113519514
0.251664539981615
0.2510094352561593
0.2503764510871457
0.24976557338795108
0.24917675137661813
0.248609899164576
0.24806489740777335
0.2475415950134983
0.24703981089614802
0.2465593357752602
0.24609993400921423
0.2456613454580833
0.24524328736925968
0.244845456279685
0.24446752992859533
0.2441091691749861
0.24377001991414893
0.24344971498785348
0.24314787608300278
0.2428641156137981
0.24259803858267864
0.24234924441555977
0.24211732876711306
0.24190188529206388
0.24170250737872162
0.24151878984115896
0.2413503305667023
0.2411967321155706
0.24105760326973205
0.2409325605281906
0.24082122954615545
0.24072324651564495
0.24063825948529544
0.2405659296172234
0.24050593237900353
0.24045795866884787
0.24042171587229155
0.24039692884870031
0.24038334084608695
0.2403807143427839
0.24038883181462464
0.24040749642639386
0.24043653264641232
0.24047578678319223
0.24052512744325952
0.24058444590929362
0.24065365643783262
0.24073269647587298
0.24082152679573562
0.24092013154756733
0.2410285182287826
0.24114671756973152
0.24127478333465913
0.24141279203691973
0.2415608425673122
0.24171905573427152
0.24188757371486747
0.2420665594158271
0.2422561957445075
0.24245668479065374
0.24266824692101713
0.24289111979020037
0.24312555727227633
0.24337182831857845
0.24363021574732086
0.2439010149703311
0.24418453266120785
0.244481085367979
0.24479099807199
0.2451146026938245
0.2454522365466024
0.24580424073714977
0.24617095851623474
0.24655273358000512
0.24694990832588107
0.24736282206710805
0.24779180921100194
0.24823719740643757
0.24869930566649034
0.2491784424722914
0.24967490386419694
0.2501889715264485
0.25072091087142456
0.25127096912964014
0.25183937345168345
0.2524263290283014
0.25303201723494867
0.25365659380713407
0.25430018705298624
0.2549628961095257
0.2556447892490958
0.25634590224249393
0.25706623678525425
0.257805758993553
0.25856439797606273
0.2593420444880291
0.2601385496736969
0.26095372390301075
0.2617873357083775
0.26263911082697594
0.2635087313538885
0.26439583501104164
0.2653000145365698
0.26622081719893426
0.26715774443971546
0.26811025164858887
0.26907774807363116
0.27005959686959685
0.2710551152863722
0.2720635749993487
0.2730842025829593
0.27411618012812244
0.27515864600380396
0.27621069576246227
0.2772713831885411
0.2783397214887072
0.279414684621995
0.28049520876748535
0.28158019392666983
0.28266850565709034
0.28375897693339913
0.2848504101314564
0.2859415791306369
0.28703123152906085
0.28811809096601454
0.2892008595454351
0.29027822035396206
0.29134884006667683
0.2924113716333296
0.293464457037582
0.29450673012149214
0.2955368194672304
0.29655335132781546
0.2975549525984367
0.2985402538198039
0.2995078922047891
0.3004565146795488
0.3013847809302357
0.3022913664463505
0.3031749655517973
0.3040342944147345
0.3048680940273424
0.3056751331467623
0.3064542111885405
0.307204161064076
0.30792385195370947
0.30861219200731066
0.30926813096439654
0.3098906626860625
0.31047882759126105
0.31103171499022847
0.3115484653081821
0.31202827219272145
0.312470384498722
0.3128741081448626
0.31323880783633923
0.31356390864869177
0.31384889746810757
0.31409332428395365
0.31429680332977794
0.31445901406939997
0.31457970202523117
0.3146586794463581
0.314695825814446
0.31469108818594405
0.3146444813696017
0.31455608793872847
0.31442605807817464
0.3142546092664562
0.3140420257939425
0.3137886581185234
0.3134949220606414
0.3131612978400587
0.3127883289571804
0.3123766209222524
0.31192683983613595
0.3114397108268856
0.31091601634669164
0.31035659433420437
0.3097623362476594
0.3091341849745874
0.30847313262425463
0.3077802182093756
0.3070565252239483
0.3063031791243944
0.30552134472151027
0.3047122234909775
0.3038770508104376
0.30301709313127717
0.3021336450934497
0.3012280265916267
0.3003015798009811
0.29935566617077786
0.298391663393785
0.29741096235925957
0.29641496409715334
0.29540507672097727
0.2943827123768729
0.293349284206576
0.29230620333246543
0.29125487587345783
0.290196700001241
0.28913306304699166
0.2880653386691582
0.28699488409295215
0.28592303743187264
0.2848511151007482
0.2837804093286971
0.282712185779117
0.28164768128254253
0.28058810168706777
0.2795346198301374
0.27848837363487583
0.27745046433370735
0.276421954821822
0.2754038681428781
0.274397186109252
0.2734028480589452
0.27242174975106404
0.2714547424014284
0.2705026318594247
0.2695661779267139
0.26864609381782595
0.26774304576206565
0.2668576527456286
0.26599048639220507
0.26514207097997905
0.2643128835924873
0.263503354400522
0.2627138670720593
0.26194475930695454
0.2611963234929469
0.26046880747924006
0.2597624154634909
0.25907730898763504
0.258413608037343
0.25777139223938783
0.2571507021506945
0.2565515406324225
0.25597387430220647
0.25541763505758897
0.25488272166369896
0.25436900139832364
0.2538763117477374
0.2534044621467307
0.252953235756519
0.2525223912742658
0.2521116647681616
0.251720771532043
0.25134940795367705
0.2509972533909875
0.2506639720505955
0.2503492148632496
0.25005262135087836
0.2497738214802254
0.24951243749819393
0.2492680857443413
0.24904037843608567
0.24882892542252905
0.24863333590295167
0.24845322010630505
0.24828819092820897
0.248137865522195
0.2480018668420875
0.24787982513261173
0.24777137936547208
0.2476761786182865
0.24759388339392743
0.24752416687791873
0.24746671613166485
0.24742123321945172
0.24738743626721368
0.24736506045121412
0.2473538589149302
0.24735360361248226
0.24736408607711013
0.24738511811339986
0.2474165324119643
0.24745818308557146
0.24750994612579294
0.2475717197794816
0.24764342484450158
0.24772500488440152
0.24781642636183002
0.24791767869071357
0.24802877420731362
0.248149748060352
0.24828065802036198
0.24842158420829022
0.24857262874302838
0.24873391530711658
0.2489055886291978
0.24908781388109258
0.24928077598676895
0.24948467884015463
0.24969974442911078
0.24992621186417097
0.25016433631291624
0.250414387844104
0.2506766501890298
0.25095141943047156
0.2512390026307879
0.2515397164100578
0.25185388548243975
0.2521818411551819
0.2525239197910229
0.252880461232147
0.2532518071828595
0.25363829954880657
0.25404027873242113
0.2544580818863015
0.25489204112839986
0.2553424817242894
0.2558097202427023
0.2562940626909039
0.2567958026364628
0.2573152193218695
0.25785257577825743
0.2584081169443567
0.25898206779673294
0.2595746314973967
0.26018598756485634
0.2608162900748536
0.2614656658970189
0.2621342129737836
0.2628219986479715
0.26352905804544924
0.264255392519256
0.2650009681615509
0.2657657143896668
0.2665495226124279
0.26735224498276633
0.26817369324248175
0.269013637664805
0.2698718061001848
0.2707478831304363
0.2716415093361762
0.2725522806820616
0.27347974802410563
0.274423416742938
0.2753827465065091
0.27635715116537035
0.27734599878320826
0.2783486118049257
0.2793642673640708
0.28039219773101043
0.28143159090270775
0.2824815913345382
0.2835413008140509
0.28460977947606125
0.28568604695800104
0.2867690836938759
0.28785783234470363
0.2889511993627494
0.29004805668638534
0.291147243561862
0.2922475684877948
0.29334781127767384
0.29444672523522
0.29554303943698784
0.2966354611161725
0.29772267814118347
0.298803361582201
0.2998761683585838
0.30093974395971995
0.3019927252316207
0.3030337432213865
0.3040614260714208
0.305074401955152
0.3060713020458864
0.3070507635103009
0.3080114325180294
0.3089519672587329
0.30987104095802015
0.3107673448835271
0.3116395913325639
0.3124865165926309
0.3133068838662372
0.31409948615148353
0.31486314906994584
0.31559673363354185
0.3162991389421836
0.3169693048042237
0.3176062142719252
0.318208896084416
0.3187764270108747
0.3193079340870427
0.3198025967384406
0.32025964878406243
0.32067838031467855
0.3210581394402748
0.3213983339015697
0.321698432540936
0.32195796662851317
0.32217653103970945
0.3223537852807237
0.32248945435918136
0.3225833294973996
0.32263526868627573
0.32264519707822265
0.32261310721805053
0.3225390591111601
0.32242318012883553
0.32226566475095325
0.3220667741468278
0.3218268355954125
0.32154624174653024
0.32122544972525596
0.3208649800820612
0.3204654155917194
0.32002739990449997
0.3195516360535116
0.31903888482254744
0.3184899629791559
0.3179057413780511
0.3172871429403417
0.31663514051443276
0.31595075462474487
0.3152350511147568
0.31448913869112405
0.3137141663759186
0.3129113208742694
0.312081823864939
0.3112269292215241
0.3103479201721697
0.30944610640587233
0.3085228211335431
0.30757941811214806
0.30661726864033867
0.3056377585340818
0.30464228509085817
0.3036322540510615
0.3026090765652568
0.3015741661759726
0.3005289358227022
0.29947479487872797
0.2984131462283186
0.2973453833927591
0.29627288771348964
0.2951970256004647
0.2941191458535716
0.29304057706469017
0.2919626251076086
0.29088657072264407
0.2898136672024544
0.2887451381850649
0.287682175559701
0.28662593749059395
0.2855775465634297
0.2845380880586567
0.2835086083553726
0.28249011346900665
0.28148356772550526
0.2804898925742009
0.27950996554102103
0.27854461932316904
0.27759464102586845
0.27666077154125157
0.2757437050689793
0.2748440887776459
0.273962522605555
0.27309955919899204
0.27225570398562376
0.27143141538026777
0.27062710511981114
0.2698431387237333
0.26907983607628716
0.26833747212610637
0.2676162776987251
0.2669164404172
0.2662381057258246
0.26558137801168896
0.2649463218185915
0.2643329631476794
0.26374129083896436
0.2631712580277337
0.2626227836697527
0.26209575412904296
0.2615900248219837
0.26110542191140457
0.2606417440443758
0.2601987641273667
0.2597762311325624
0.2593738719291074
0.25899139313323805
0.258628482971338
0.2582848131500989
0.2579600407281862
0.2576538099839511
0.2573657542739816
0.25709549787745456
0.2568426578214989
0.25660684568300085
0.25638766936246293
0.2561847348257656
0.25599764780986745
0.25582601548866213
0.25566944809539643
0.2555275604982382
0.2553999737257425
0.25528631643916005
0.2551862263486581
0.2550993515707472
0.2550253519243006
0.2549639001627942
0.2549146831404455
0.2548774029101929
0.25485177775147444
0.25483754312597706
0.2548344525596423
0.25484227844929835
0.2548608127924597
0.2548898678389369
0.25492927666304316
0.2549788936553122
0.2550385949328165
0.2551082786673645
0.2551878653309809
0.2552772978583705
0.2553765417262427
0.2554855849496768
0.2556044379959496
0.25573313361652983
0.2558717265982348
0.25602029343477456
0.25617893192002056
0.2563477606644622
0.25652691853610643
0.25671656402683435
0.256916874544654
0.2571280456315804
0.2573502901060482
0.2575838371279862
0.25782893118417854
0.2580858309915637
0.25835480831685564
0.2586361467124312
0.2589301401706648
0.2592370917014466
0.25955731184008635
0.2598911170945717
0.26023882834191797
0.26060076918303055
0.26097726426425355
0.2613686375720071
0.2617752107050615
0.26219730112754325
0.2626352204047636
0.2630892724236913
0.26355975160004486
0.26404694107461396
0.26455111090209676
0.265072516236602
0.26561139551864515
0.2661679686689917
0.2667424352952141
0.2673349729170754
0.2679457352169797
0.26857485032192957
0.2692224191233887
0.2698885136414516
0.27057317543969295
0.27127641409701053
0.27199820574266703
0.2727384916606747
0.2734971769695097
0.27427412938304235
0.2750691780583476
0.27588211253596023
0.2767126817778677
0.2775605933083101
0.27842551246223257
0.27930706174592557
0.28020482031409677
0.28111832356727023
0.28204706287308895
0.2829904854147041
0.2839479941690202
0.2849189480172021
0.2859026619893644
0.28689840764495855
0.28790541358987337
0.28892286613082885
0.28994991006712373
0.2909856496193373
0.2920291494940534
0.29307943608322495
0.29413549879625034
0.2951962915223801
0.2962607342205509
0.297327714633316
0.2983960901209905
0.2994646896117863
0.3005323156631799
0.3015977466293724
0.3026597389293247
0.30371702940939915
0.30476833779434986
0.3058123692200117
0.3068478168407395
0.30787336450435215
0.3088876894870631
0.30988946528061645
0.310877364423668
0.31185006136921667
0.312806235379766
0.31374457344174184
0.31466377319062444
0.3155625458381565
0.31643961909300944
0.3172937400662527
0.31812367815305514
0.31892822788208475
0.3197062117242184
0.32045648285227435
0.32117792784367427
0.32186946931809185
0.3225300685023894
0.3231587277153331
0.32375449276485035
0.3243164552508337
0.3248437547667683
0.32533558099374676
0.32579117568076593
0.3262098345054657
0.32659090880987274
0.3269338072060106
0.3272379970466365
0.32750300575676566
0.3277284220220308
0.3279138968303729
0.3280591443639924
0.3281639427389512
0.3282281345902758
0.328251627500896
0.3282343942732258
0.32817647304267783
0.3280779672328688
0.32793904535276674
0.32775994063648417
0.32754095052687243
0.32728243600454315
0.32698482076435564
0.3266485902418578
0.32627429049255224
0.3258625269273078
0.32541396290758917
0.3249293182045942
0.3244093673267427
0.3238549377203401
0.3232669078486059
0.322646205154573
0.3219938039137317
0.3213107229826082
0.3205980234497282
0.3198568061957687
0.31908820936989796
0.3182934057895848
0.31747360027133037
0.3166300269000058
0.3157639462445754
0.31487664252816744
0.3139694207605208
0.31304360384091273
0.3121005296397511
0.311141548067004
0.31016801813571726
0.30918130502881436
0.3081827771774326
0.3071738033589855
0.30615574982316157
0.3051299774539898
0.3040978389760914
0.3030606762131063
0.3020198174061426
0.30097657459994137
0.29993224110418015
0.2988880890370411
0.29784536695785263
0.2968052975951819
0.29576907567640903
0.29473786586437317
0.29371280080629336
0.29269497929977545
0.29168546458034117
0.29068528273454214
0.2896954212423551
0.2887168276521399
0.2877504083910396
0.286797027713203
0.2858575067877113
0.2849326229274653
0.28402310895965077
0.28312965273760515
0.28225289679313215
0.2813934381273567
0.28055182813728313
0.2797285726742999
0.2789241322299329
0.2781389222433826
0.277373313524875
0.2766276327884663
0.2759021632880964
0.27519714555110736
0.27451277820422404
0.27384921888821456
0.27320658525871605
0.2725849560721222
0.27198437235646983
0.2714048386679198
0.2708463244332208
0.27030876537745974
0.2697920650344489
0.2692960963345424
0.2688207032618813
0.26836570257085035
0.26793088554993816
0.2675160198208766
0.26712085116155937
0.26674510534263346
0.2663884899694908
0.26605069632307665
0.26573140119449734
0.2654302687093824
0.2651469521386567
0.26488109569264695
0.2646323362954757
0.2644003053366702
0.26418463039678086
0.2639849369436613
0.263800849996059
0.2636319957510809
0.26347800317210374
0.2633385055337863
0.26321314192082557
0.26310155867723056
0.26300341080292927
0.2629183632946308
0.262846092427971
0.26278628697807965
0.2627386493758441
0.2627028967973118
0.2626787621838179
0.262665995190644
0.26266436306216423
0.2626736514316969
0.2626936650444381
0.2627242284021078
0.2627651863281203
0.26281640445231047
0.26287776961446563
0.2629491901860577
0.2630305963098435
0.26312194005701584
0.26322319550191203
0.2633343587142832
0.2634554476693498
0.26358650207589984
0.263727583122862
0.2638787731448464
0.2640401752072573
0.2642119126117049
0.2643941283225424
0.2645869843154688
0.2647906608492653
0.2650053556618494
0.26523128309190364
0.26546867312746814
0.2657177703829481
0.2659788330060247
0.2662521315161019
0.2665379475759298
0.26683657269825545
0.2671483068895421
0.26747345723308164
0.26781233641431496
0.2681652611915781
0.2685325508161592
0.2689145254060443
0.26931150427833195
0.2697238042456005
0.2701517378818215
0.2705956117634652
0.2710557246913132
0.2715323658983474
0.27202581324889175
0.27253633143392697
0.273064170167484
0.2736095623889609
0.2741727224763719
0.27475384447567053
0.27535310035150756
0.2759706382650122
0.2766065808843281
0.277261023733795
0.277934033587718
0.2786256469147139
0.279335868378593
0.2800646694017091
0.28081198679658054
0.2815777214715771
0.2823617372162713
0.28316385957195817
0.2839838747926973
0.28482152890200446
0.2856765268501834
0.28654853177699124
0.2874371643841117
0.2883420024216163
0.2892625802922653
0.29019838877717535
0.29114887488602786
0.2921134418345831
0.2930914491519141
0.294082212919287
0.29508500614224814
0.29609905925699587
0.29712356077166224
0.298157658042662
0.2992004581858023
0.3002510291213213
0.30130840075161675
0.30237156626985506
0.3034394835972161
0.30451107694603735
0.30558523850562697
0.3066608302470722
0.3077366858428931
0.3088116126969458
0.3098843940795557
0.31095379136243356
0.312018546347538
0.3130773836836905
0.31412901336435284
0.315172133299713
0.31620543195588735
0.31722759105378256
0.31823728831998127
0.31923320028172414
0.3202140050979833
0.321178385418422
0.3221250312619617
0.3230526429065902
0.3239599337820109
0.3248456333567217
0.32570849001109753
0.3265472738881326
0.3273607797135185
0.3281478295768716
0.3289072756659996
0.3296380029462458
0.33033893177712975
0.3310090204586719
0.3316472676999859
0.33225271500299786
0.33282444895436475
0.3333616034189399
0.3338633616284751
0.33432895815948416
0.3347576807945744
0.33514887226188106
0.33550193184756366
0.3358163168767229
0.33609154405843
0.33632719069099026
0.3365228957238979
0.336678360673424
0.3367933503891094
0.33686769366895364
0.3369012837214794
0.33689407847331276
0.33684610072139665
0.336757438129401
0.3366282430683648
0.336458732302062
0.3362491865180344
0.3359999497057146
0.3357114283834514
0.33538409067675756
0.33501846525044715
0.33461514009780474
0.33417476119030715
0.33369803099183537
0.3331857068416869
0.33263859921109523
0.3320575698383284
0.3314435297477974
0.33079743715897525
0.33012029529122316
0.329413150070976
0.3286770877479969
0.32791323242770626
0.32712274352678766
0.32630681315947696
0.32546666346208997
0.3246035438634111
0.32371872830861115
0.3228135124443477
0.3218892107726235
0.3209471537809035
0.3199886850558512
0.3190151583880052
0.3180279348746195
0.3170283800279582
0.3160178608964218
0.31499774320614027
0.3139693885308954
0.31293415149859716
0.31189337704283554
0.3108483977082528
0.3098005310185822
0.3087510769160899
0.30770131528086114
0.30665250353791323
0.30560587435945713
0.30456263346886386
0.3035239575521522
0.3024909922819719
0.3014648504583706
0.3004466102699545
0.29943731367848253
0.29843796492947666
0.29744952919097245
0.2964729313222007
0.29550905477362993
0.2945587406194476
0.293622786723235
0.29270194703720753
0.29179693103496773
0.2909084032773386
0.29003698311031356
0.2891832444937755
0.2883477159590446
0.28753088069300586
0.2867331767460317
0.2859549973606876
0.28519669141794485
0.2844585639974636
0.28374087704847334
0.28304385016771477
0.28236766148085346
0.2817124486236855
0.28107830981919285
0.2804653050461885
0.2798734572948307
0.2793027539037233
0.27875314797282374
0.27822455984579936
0.27771687865509004
0.27722996392262805
0.2767636472090374
0.27631773380414193
0.2758920044517648
0.2754862171020419
0.27510010868489876
0.2747333968986625
0.27438578200824815
0.274056948647769
0.2737465676227303
0.2734542977073415
0.27317978743266835
0.27292267686148636
0.27268259934587125
0.2724591832634909
0.27225205372865774
0.2720608342741321
0.27188514849966855
0.2717246216833193
0.27157888235153366
0.271447563804211
0.27133030559096377
0.2712267549350345
0.27113656810151626
0.2710594117067437
0.27099496396592637
0.2709429158763778
0.27090297233386823
0.27087485317984966
0.2708582941775254
0.2708530479149017
0.27085888463313923
0.2708755929786852
0.2709029806778558
0.2709408751326704
0.27098912393695224
0.27104759531183076
0.2711161784599994
0.2711947838382923
0.2712833433482485
0.27138181044469495
0.27149016016244054
0.2716083890614852
0.27173651509135033
0.27187457737528364
0.2720226359153618
0.27218077121959805
0.2723490838522778
0.27252769390890047
0.2727167404169437
0.2729163806637516
0.2731267894526035
0.2733481582878612
0.27358069448975186
0.2738246202390589
0.2740801715516362
0.2743475971823737
0.2746271574582025
0.2749191230397675
0.27522377361194394
0.27554139650432236
0.275872285244114
0.2762167380456674
0.27657505624259887
0.2769475426702929
0.2773345000077149
0.2777362290879947
0.278153027186935
0.2785851862974736
0.2790329913966215
0.27949671870964904
0.27997663397482236
0.28047299071100157
0.28098602848996684
0.28151597121545907
0.28206302541145467
0.28262737852294173
0.28320919723331833
0.2838086258031949
0.28442578443612654
0.2850607676771105
0.28571364284998785
0.2863844485400457
0.2870731931280819
0.2877798533821282
0.2885043731129076
0.2892466618989859
0.29000659388733335
0.29078400667488535
0.2915787002764227
0.29239043618393934
0.29321893652240033
0.2940638833065227
0.29492491780300273
0.29580164000227877
0.2966936082036315
0.29760033871708896
0.29852130568525587
0.29945594102784323
0.30040363451120733
0.3013637339449283
0.30233554550691566
0.30331833419816817
0.3043113244278698
0.3053137007290074
0.3063246086042991
0.3073431555017147
0.30836841191843417
0.30939941263161663
0.3104351580539036
0.31147461571110086
0.3125167218390601
0.3135603830963195
0.31460447838861944
0.3156478608010054
0.31668935963281486
0.3177277825304153
0.318761917712238
0.3197905362802366
0.3208123946116076
0.3218262368242509
0.322830797309214
0.3238248033230335
0.324806977632715
0.3257760412058385
0.3267307159381094
0.3276697274105139
0.3285918076681322
0.3294956980125109
0.3303801517994901
0.33124393723428375
0.33208584015562925
0.33290466680080294
0.3336992465434014
0.33446843459578546
0.3352111146682606
0.3359262015771426
0.3366126437940597
0.337269425928986
0.3378955711397399
0.33849014346088935
0.33905225004525574
0.3395810433114688
0.3400757229913211
0.34053553807091563
0.34095978861997367
0.341347827503943
0.34169906197389066
0.34201295512954527
0.3422890272511879
0.3425268569965043
0.3427260824588808
0.34288640208407184
0.3430075754425675
0.34308942385543095
0.3431318308718365
0.3431347425969766
0.34309816786944647
0.3430221782877075
0.3429069080856509
0.34275255385774694
0.34255937413471577
0.3423276888110658
0.34205787842631263
0.34175038330204205
0.34140570253744973
0.3410243928663122
0.34060706737876
0.3401543941115506
0.3396670945109108
0.3391459417723305
0.3385917590620277
0.33800541762512715
0.33738783478588624
0.33673997184561827
0.3360628318842422
0.33535745747167833
0.3346249282955622
0.3338663587120234
0.33308289522649365
0.33227571391173616
0.3314460177704886
0.3305950340502776
0.32972401151812736
0.3288342177029935
0.32792693611385443
0.32700346344147097
0.32606510675179645
0.3251131806790965
0.3241490046267249
0.32317389998346724
0.32218918736325086
0.3211961838759187
0.3201962004365979
0.31919053912109707
0.3181804905745749
0.3171673314805975
0.31615232209750527
0.3151367038688147
0.3141216971141913
0.31310849880714786
0.3120982804454068
0.31109218601943256
0.3100913300842573
0.30909679593924605
0.30810963392004415
0.30713085980645105
0.3061614533495399
0.3052023569208757
0.304254474286272
0.30331866950609065
0.3023957659636949
