0.3472154486708859
0.3472044676716198
0.34720851632945
0.347226994291669
0.34725962184628856
0.3473063633616301
0.34736720461939985
0.3474421444681133
0.3475311817444883
0.3476343156537832
0.3477515452718832
0.34788286928257794
0.3480282857625304
0.34818779445178016
0.3483613869178809
0.34854906017783566
0.3487508075050051
0.34896662027871467
0.3491964876654027
0.3494403962801622
0.3496983298295198
0.34997026873634063
0.35025618974784983
0.35055606552781615
0.3508698642340134
0.35119754908214657
0.3515390802463775
0.3518944051637649
0.35226347168290284
0.3526462186646895
0.35304257769104574
0.3534524725764753
0.35387581887631026
0.3543125233933195
0.3547624836844567
0.355225587569528
0.3557017126436321
0.35619072579523753
0.3566924827318083
0.3572068275149049
0.35773359210671385
0.358272595929964
0.35882364544320755
0.359386533733418
0.35996104012788593
0.36054692982733505
0.36114395356219525
0.3617518472739167
0.3623703318231832
0.3629991127268143
0.36363787992512425
0.36428630758141234
0.364944053915215
0.3656107610708394
0.3662860550226694
0.36696954551860617
0.36766082869871064
0.36835947695280474
0.3690650537066219
0.36977710404021263
0.3704951571345434
0.37121872646554605
0.3719473100425593
0.37268039069151393
0.3734174363831269
0.3741579006061895
0.37490122278591514
0.37564682874714206
0.37639413122206916
0.37714253040202633
0.3778914145326751
0.3786401605518411
0.37938813476908023
0.3801346935859282
0.3808791842556374
0.3816209456810728
0.3823593116208037
0.383093602360305
0.38382313901074416
0.3845472357630965
0.3852652029640272
0.3859763481076303
0.3866799768525384
0.38737539406213733
0.3880619048655278
0.38873881573676944
0.38940543558991203
0.3900610768871854
0.3907050567577153
0.3913366981240362
0.3919553332211991
0.3925602953358385
0.3931509338063125
0.39372660605334453
0.3942866809430139
0.3948305399010183
0.39535757801487587
0.3958672051211977
0.39635884687518935
0.39683194579959663
0.39728596231029273
0.39772037571583163
0.3981346851882764
0.39852841312126464
0.3989010964993974
0.39925230186743044
0.39958161689628496
0.39988865345630314
0.40017304836430817
0.4004344640856103
0.40067258938904315
0.4008871399532428
0.40107785892249
0.4012445174105922
0.40138691495141277
0.4015048798947851
0.40159826974674345
0.40166697145309277
0.4017109016255432
0.40173000670977016
0.4017242630949197
0.40169367716426707
0.4016382852868525
0.4015581537501234
0.40145337863376523
0.40132408562503663
0.4011704297761371
0.4009925952042501
0.4007907947350905
0.4005652694909295
0.4003162884242262
0.4000441501872012
0.3997491731113379
0.3994317086039595
0.3990921312336815
0.3987308403013805
0.3983482590791333
0.397944834006585
0.39752103384692333
0.3970773488047493
0.3966142896082098
0.3961323865578583
0.3956321908974375
0.39511426445214
0.39457919253700147
0.39402757365659424
0.39346002072483993
0.3928771599700561
0.39227962982581216
0.3916680798104751
0.39104316939831657
0.3904055668850884
0.3897559482509334
0.3890949960235119
0.3884233981441647
0.3877418468399531
0.38705103750430037
0.38635166758898004
0.3856444355100841
0.3849300395705669
0.3842091769018645
0.3834825424270155
0.38275083023391865
0.38201472313441615
0.3812749057518451
0.3805320543165881
0.379786838066967
0.37903991838677487
0.3782919479784076
0.3775435700731483
0.3767954176799847
0.3760481128742501
0.37530226612722617
0.37455847567769596
0.3738173269463116
0.37307939199349827
0.37234522902145667
0.37161538425366164
0.37089038225453264
0.3701707393881095
0.3694569543387233
0.3687495101144614
0.36804887381805984
0.3673554964620374
0.366669812827556
0.36599224136632413
0.3653231841447925
0.364663026829735
0.3640121387141796
0.36337087278257413
0.36273956581391226
0.3621185385214985
0.3615080957278661
0.360908526573318
0.36032010475644743
0.3597430888049288
0.359177724694546
0.3586242370245738
0.3580828429074414
0.35755374343685997
0.35703712627925316
0.3565331660869008
0.356042024927922
0.3555638527310921
0.35509878774350206
0.3546469569990748
0.3542084767959808
0.35378345318101423
0.35337198243905366
0.3529741515857476
0.3525900388616087
0.3522197142257787
0.3518632422225989
0.3515206730929395
0.3511920571423234
0.3508774360767122
0.35057684572693826
0.3502903165067471
0.35001787385984456
0.34975953869465104
0.34951532780557465
0.34928525427964713
0.349069327887428
0.3488675554571734
0.3486799412313094
0.3485064872043087
0.3483471934411437
0.34820205837554935
0.348071079087385
0.3479542539372289
0.347851573376659
0.34776303416057835
0.3476886302872214
0.3476283554534597
0.3475822031951273
0.3475501693619757
0.3475322428615671
0.34752841961600495
0.3475386934315834
0.3475630582872488
0.34760150832674896
0.34765403782581517
0.34772064113448387
0.3478013125946405
0.3478960464329968
0.3480048366297418
0.3481276767631362
0.34826455983042753
0.34841547804548795
0.3485804226136353
0.3487593834841958
0.3489523490813651
0.3491593060140605
0.3493802387654662
0.34961512936304834
0.34986395702990924
0.3501266978183901
0.35040332422689463
0.3506938048009999
0.3509981037199498
0.3513161803697344
0.3516479889039821
0.3519934801615852
0.3523525918217861
0.3527252618920787
0.35311141900937437
0.3535109842482296
0.35392387063836567
0.3543499850262992
0.3547892182603198
0.355241458627878
0.3557065821461517
0.3561844543842115
0.35667492999677036
0.3571778522670738
0.35769305266084317
0.3582203503932016
0.358759552010543
0.3593104509892349
0.3598728273531598
0.3604464473119514
0.3610310629218782
0.36162641177123267
0.3622322166920574
0.3628481855000202
0.36347401307156063
0.36410937198895227
0.3647539260024055
0.3654073208832869
0.36606918656688037
0.3667391370954
0.36741677059979333
0.3681016693215271
0.3687934020130571
0.3694915147593709
0.3701955449493521
0.37090501231707373
0.3716194214474258
0.37233826205506537
0.3730610093078688
0.3737871241949799
0.3745160539394029
0.3752472324549475
0.37598008084714246
0.3767140079576597
0.37744841095158144
0.3781826759467171
0.3789161786840576
0.3796482852382903
0.38037835276715837
0.38110573029834033
0.381829759552378
0.3825497781095363
0.38326511114074147
0.38397508595153756
0.3846790239246638
0.3853762437307877
0.38606606233023927
0.3867477959973001
0.3874207613646784
0.3880842764857933
0.3887376619123361
0.3893802441146702
0.3900113472952661
0.3906303083748847
0.3912364688899081
0.39182917840124404
0.39240779560829114
0.39297168945929695
0.39352024025531357
0.39405284074492153
0.39456889720689164
0.3950678305179889
0.3955490772031012
0.3960120904649719
0.39645634119078393
0.3968813189329495
0.39728653286146687
0.397671512685304
0.39803580954032725
0.39837899684138484
0.3987006710962203
0.3990004526790051
0.3992779865613811
0.39953294299900144
0.3997650181716838
0.3999739347754006
0.40015944256447883
0.40032131884252675
0.40045936890073014
0.4005734264023427
0.4006633537122939
0.40072904217100286
0.40077041231160593
0.40078741401994744
0.40078002663689716
0.4007482590026705
0.40069214944303044
0.40061176800586706
0.4005072071231968
0.4003785975369112
0.4002260895986498
0.4000498691188282
0.39985014781689476
0.3996271651967802
0.3993811880826929
0.3991125101027429
0.3988214511218248
0.39850835662528306
0.39817359705508076
0.3978175671002602
0.3974406849436438
0.39704339146679907
0.39662614941545854
0.39618944483956264
0.3957337769766821
0.39525967106952425
0.3947676682638712
0.39425832688551155
0.3937322214188443
0.39318994146345326
0.39263209067143523
0.39205928566825826
0.3914721549599695
0.3908713378296027
0.39025748322564346
0.38963124864537924
0.3889932990159983
0.3883443055762793
0.3876849471111861
0.3870158995047119
0.3863378509023573
0.38565148208036415
0.3849574815666781
0.38425653536601206
0.3835493282131907
0.38283654255661165
0.3821188575656325
0.38139694816408426
0.3806714840920469
0.3799431289978603
0.3792125395622793
0.37848036465652685
0.3777472445359029
0.3770138100704696
0.3762806820141681
0.37554847031366473
0.3748177734579854
0.37408917786996504
0.37336325734029385
0.37264057250486565
0.3719216703659677
0.37120708385769785
0.37049733145585945
0.36979291683243903
0.3690943285546105
0.36840203982810343
0.36771650828458186
0.36703817813391293
0.36636747080612386
0.36570479863700583
0.3650505556972424
0.364405122378406
0.3637688562028001
0.36314210567155153
0.3625252012391061
0.3619184577343095
0.36132217454174004
0.36073663581534376
0.36016211072272813
0.359598853718387
0.35904710484407587
0.35850709005454245
0.35797902156673317
0.357463098230579
0.3569595059194714
0.3564684179384804
0.3559899954483941
0.3555243879036309
0.35507173350214233
0.3546321596453347
0.35420578340619296
0.35379271200369644
0.3533930432817382
0.35300686854354923
0.35263426368182615
0.35227530360244147
0.351930053466089
0.35159857145915907
0.3512809092636016
0.3509771125197437
0.35068722128063734
0.3504112704565742
0.3501492902484339
0.3499013088846744
0.3496673438042274
0.34944741582844874
0.3492415403887509
0.3490497301649135
0.3488719954273702
0.34870834436092263
0.34855878336900664
0.3484233173577808
0.34830194999930547
0.34819468397320735
0.3481015211861886
0.3480224629689169
0.3479575102497493
0.3479066660210788
0.34786992622063
0.34784729367117523
0.34783876895358107
0.3478443527556726
0.34786404590045245
0.34789784934942103
0.34794576418099094
0.3480077915440073
0.3480839325864393
0.34817418835940234
0.3482785596966751
0.3483970470699727
0.34852965042028683
0.3486763712808476
0.3488372033482902
0.34901214598987806
0.34920119486998047
0.3494043439338299
0.3496215851047801
0.34985290796142055
0.350098299395388
0.350357743250724
0.350631219945718
0.35091870607824804
0.35122017633721075
0.35153559383260563
0.35186492346312576
0.35220812230685067
0.3525651414405431
0.3529359254709154
0.35332041205830733
0.35371853143433757
0.3541302059150588
0.3545553517298599
0.3549938692955943
0.3554456565158387
0.3559105991436253
0.35638857257434065
0.3568794413683304
0.3573830587815156
0.3578992663059145
0.358427893222031
0.3589687561650237
0.359521658706645
0.3600863909548576
0.3606627291731011
0.3612504354211185
0.3618492572192363
0.36245892956087783
0.3630791653622574
0.3637096690711608
0.36435012722741783
0.36500021056885384
0.3656595738739079
0.3663278558396717
0.3670046789967309
0.3676896496621672
0.3683823602554341
0.36908238009988764
0.36978926925020356
0.370502569502403
0.3712218068149534
0.37194649151228326
0.3726761185325237
0.3734101677198284
0.3741481041614792
0.3748893785698659
0.3756334277092317
0.37637967486701857
0.37712753036939195
0.3778763921404948
0.37862564630474405
0.3793746678313902
0.38012282122042235
0.38086946122870685
0.38161393363520235
0.38235557837147816
0.3830937210993081
0.3838276879044722
0.38455679703750567
0.3852803621313429
0.38599769316817445
0.38670809747335205
0.3874108807341879
0.3881053480413697
0.3887908049506336
0.38946655856226575
0.39013191861590263
0.3907861985980367
0.3914287168595956
0.3920587977408668
0.3926757727010198
0.3932789837764001
0.39386777545602897
0.3944415096115747
0.39499955746629917
0.3955413029801354
0.39606614394732337
0.3965734954248506
0.3970627814670884
0.3975334500815973
0.39798496502766795
0.39841680910148564
0.39882848510031105
0.39921951675504597
0.39958944962869675
0.3999378519783028
0.4002643155779963
0.40056845650096545
0.4008499158581974
0.40110836049196547
0.4013434836221894
0.40155500544387457
0.4017426736739882
0.40190626404628177
0.4020455807526712
0.40216045682997253
0.402250754490903
0.402316365398436
0.4023572108827393
0.4023732444270862
0.4023644425090639
0.402330818460649
0.4022724132833457
0.4021892978536523
0.40208157278833817
0.4019493682514054
0.4017928437032825
0.4016121898961276
0.4014076193251554
0.40117937954463573
0.4009277435642762
0.4006530115987079
0.4003555104896599
0.4000355930783051
0.39969363752946574
0.39933004660953153
0.398945246920034
0.3985396904113851
0.3981138442823307
0.397668203913989
0.3972032827722631
0.39671961373718045
0.39621774811751526
0.39569825463763364
0.3951617183992463
0.394608739820797
0.3940399335572848
0.3934559274033308
0.3928573611823669
0.3922448856247956
0.39161916123801827
0.39098085948255734
0.3903306524202568
0.389669225351628
0.38899726653043987
0.38831546831618824
0.38762452605536585
0.3869251369743601
0.38621799908661825
0.3855038101166467
0.3847832664434122
0.3840570620654955
0.38332588759043806
0.3825904292504414
0.38185136794662405
0.38110937832385117
0.38036512787806454
0.37961927609793206
0.37887247597706797
0.37812536393236107
0.3773785729422444
0.3766327226254008
0.3758884208705758
0.37514626321487177
0.37440683226536053
0.3736706971647048
0.37293841543704237
0.37221052323301557
0.37148754884580976
0.37077000311440095
0.37005838141683844
0.3693531634068403
0.3686548127952963
0.3679637771762436
0.3672804878966768
0.366605359969509
0.3659387920287543
0.36528116632599344
0.36463284876699553
0.3639941889872455
0.36336552046506543
0.36274716067089946
0.36213941356544277
0.3615425605763301
0.3609568746819043
0.36038261148181744
0.3598200118004356
0.35926930201839036
0.35873069442818256
0.35820438761188056
0.3576905668389883
0.35718940448252184
0.3567010604513362
0.3562256826367368
0.3557634073714106
0.35531435989877413
0.35487865485078857
0.3544563967323925
0.35404768041066004
0.3536525916069137
0.3532712073899831
0.35290359666890453
0.3525498206833749
0.35220993349032903
0.3518839824450761
0.3515720086754786
0.3512740475476984
0.3509901291221424
0.3507202785982455
0.35046451906495873
0.350222862679047
0.3499953248848456
0.34978191561854
0.3495826442780983
0.3493975108605169
0.3492265200957701
0.349069672578422
0.34892696735399203
0.34879840219258307
0.3486839738408142
0.34858367825145903
0.34849751079027297
0.3484254687280175
0.3483675421788249
0.3483237280493129
0.3482940209535949
0.3482784155958699
0.3482769068323122
0.34828948970796964
0.3483161594686273
0.34835691154756554
0.34841174152726806
0.34848064507613724
0.3485636178603636
0.3486606554311483
0.34877175308750674
0.34889690802747336
0.3490361099274095
0.3491893545653355
0.3493566343834382
0.34953794053234394
0.34973326259594395
0.3499425882951992
0.3501659031716847
0.3504031902516297
0.3506544296913726
0.3509195984051242
0.35119866967605423
0.3514916127517673
0.3517983924253053
0.3521189686028658
0.3524532958595137
0.3528013229842129
0.3531629925155687
0.35353824026975217
0.353926994862091
0.35432917722395246
0.35474470011649917
0.35517346764302044
0.35561537708240826
0.3560703091650757
0.35653814138126594
0.35701873835843273
0.35751195366839444
0.35801762936886855
0.3585355955564825
0.35906566993320804
0.3596076573881719
0.3601613495967936
0.3607265246392121
0.3613029466399149
0.36189036543051156
0.36248851623751027
0.36309711939697925
0.3637158800978533
0.3643444881556684
0.3649826178184091
0.36562992760605734
0.3662860601854128
0.3669506422815934
0.3676232846276058
0.3683035819532072
0.3689911130142088
0.3696854406632441
0.3703861119628737
0.3710926583418171
0.3718045957949514
0.3725214251275425
0.3732426322440771
0.3739676884819229
0.3746960509898293
0.3754271631512208
0.37616045505203877
0.37689534399272856
0.3776312350438483
0.37836752164463183
0.3791035862436412
0.37983880098058687
0.3805725284081828
0.38130412225279736
0.3820329282125399
0.3827582847912754
0.3834795241669285
0.3841959753995562
0.3849069561625912
0.3856117874613336
0.3863097854756004
0.38700026485031835
0.38768253972912425
0.38835592480781617
0.3890197364051869
0.3896732935487529
0.39031591907277263
0.3909469407259393
0.3915656922860178
0.3921715146787031
0.39276375709792877
0.39334177812479226
0.39390494684228966
0.39445264394300916
0.39498426282694227
0.3954992106865793
0.39599690957644823
0.396476797464322
0.39693832926130457
0.39738097782809007
0.39780423495469347
0.3982076123110511
0.3985906423659459
0.39895287927176043
0.3992938997126851
0.3996133037140636
0.39991071541067896
0.40018578377187924
0.400438183281561
0.40066761457112543
0.40087380500368874
0.40105650920790814
0.401215509559955
0.40135061661229415
0.40146166946808337
0.40154853610013885
0.4016111136135573
0.40164932845129453
0.401663136542076
0.40165252339024005
0.4016175041072498
0.40155812338476077
0.4014744554093141
0.4013666037188744
0.4012347010015886
0.40107890883732916
0.4008994173827009
0.40069644500036666
0.4004702378337205
0.40022106932804796
0.3999492396994895
0.3996550753532433
0.3993389282525938
0.3990011752404866
0.3986422173154874
0.3982624788640886
0.3978624068514461
0.3974424699727394
0.3970031577674434
0.39654497969888675
0.39606846420160857
0.39557415769902116
0.3950626235940421
0.3945344412353702
0.3939902048621504
0.39343052252983457
0.39285601502003537
0.3922673147372714
0.391665064595441
0.39104991689692437
0.3904225322072126
0.38978357822791354
0.389133728671009
0.388473662137214
0.38780406100119935
0.38712561030648046
0.3864389966726506
0.3857449072176152
0.3850440284974071
0.38433704546609315
0.38362464045818434
0.3829074921958847
0.38218627482340506
0.3814616569704968
0.3807343008471792
0.380004861371603
0.3792739853328076
0.3785423105900377
0.3778104653101201
0.37707906724430745
0.37634872304580486
0.37562002762910246
0.3748935635720463
0.3741699005614541
0.3734495948829312
0.3727331889553732
0.3720212109104968
0.37131417421761714
0.37061257735365594
0.36991690351833245
0.36922762039422863
0.36854517995134844
0.3678700182956184
0.36720255556064263
0.366543195841902
0.36589232717246783
0.36525032153913634
0.3646175349378365
0.3639943074670176
0.36338096345762094
0.36277781163818595
0.36218514533350443
0.3616032426952069
0.36103236696255536
0.3604727667517059
0.3599246763715948
0.3593883161646412
0.3588638928703273
0.3583516000097574
0.3578516182892775
0.35736411602119217
0.35688924955964546
0.3564271637497063
0.35597799238773936
0.35554185869113764
0.3551188757755166
0.35470914713751717
0.35431276714136667
0.3539298215074096
0.35356038780085575
0.3532045359190362
0.35286232857549477
0.3525338217793262
0.3522190653081884
0.3519181031735191
0.35163097407649224
0.3513577118533431
0.35109834590876265
0.3508529016360856
0.35062140082309445
0.3504038620423093
0.3502003010246993
0.35001073101582364
0.34983516311345686
0.34967360658583446
0.34952606916973217
0.3493925573475846
0.34927307660301943
0.3491676316541414
0.3490762266640492
0.3489988654280461
0.3489355515371269
0.348886288517347
0.34885107994476
0.34882992953562153
0.348822841211711
0.3488298191405223
0.3488508677503153
0.34888599171988316
0.3489351959431383
0.34899848546849266
0.3490758654132069
0.3491673408528518
0.34927291668612387
0.3493925974752964
0.34952638726264285
0.34967428936325706
0.34983630613471284
0.35001243872408194
0.3502026867929356
0.35040704822092966
0.35062551878871817
0.3508580918409646
0.3511047579303027
0.35136550444313236
0.35164031520827654
0.3519291700894895
0.35223204456297774
0.35254890928107285
0.3528797296233461
0.35322446523643336
0.35358306956399554
0.3539554893682087
0.35434166424433233
0.3547415261298724
0.3551549988100106
0.3555819974209187
0.35602242795271466
0.35647618675382453
0.3569431600385487
0.3574232233996866
0.3579162413281086
0.35842206674116167
0.3589405405218614
0.3594714910707919
0.3600147338726718
0.3605700710795431
0.36113729111252485
0.3617161682840574
0.36230646244256587
0.36290791864141325
0.36352026683399524
0.3641432215967997
0.36477648188214534
0.36541973080233525
0.3660726354468176
0.36673484673393014
0.36740599929868795
0.36808571141798296
0.3687735849744902
0.3694692054604645
0.3701721420224847
0.3708819475481048
0.37159815879524344
0.37232029656504595
0.37304786591874695
0.3737803564390466
0.37451724253626006
0.3752579837994551
0.376002025392583
0.3767487984955246
0.37749772078979016
0.3782481969884833
0.37899961941001836
0.37975136859489245
0.38050281396472807
0.3812533145226168
0.38200221959366765
0.3827488696045523
0.3834925969006711
0.3842327265994198
0.3849685774779743
0.38569946289379137
0.38642469173598654
0.3871435694055612
0.3878553988224014
0.38855948145682967
0.3892551183834077
0.3899416113545854
0.39061826389173077
0.3912843823909532
0.3919392772411435
0.39258226395149487
0.39321266428576485
0.3938298074005304
0.3944330309845532
0.3950216823964332
0.3955951197976587
0.3961527132781807
0.39669384597160007
0.3972179151571052
0.3977243333452856
0.39821252934498885
0.3986819493084142
0.39913205775169613
0.3995623385482466
0.3999722958922459
0.4003614552296827
0.40072936415445165
0.4010755932670961
0.40139973699387765
0.4017014143639383
0.40198026974246265
0.40223597351779894
0.4024682227406981
0.4026767417138959
0.4028612825304008
0.4030216255590407
0.403157579875893
0.40326898364041663
0.4033557044152513
0.4034176394287889
0.4034547157797787
0.40346689058340224
0.4034541510584158
0.4034165145550867
0.4033540285238638
0.40326677042483905
0.403154847578249
0.4030183969564201
0.4028575849177231
0.4026726068832387
0.4024636869570324
0.40223107749107484
0.4019750585959693
0.4016959375988387
0.40139404844982346
0.40106975107882015
0.4007234307041864
0.40035549709529794
0.39996638379094335
0.3995565472756562
0.39912646611621777
0.3986766400606342
0.3982075891020066
0.39771985250979996
0.3972139878310879
0.39669056986443596
0.3961501896091074
0.39559345319240974
0.39502098077796105
0.3944334054577377
0.39383137213079694
0.3932155363715582
0.39258656329055414
0.3919451263905697
0.39129190642106326
0.3906275902337606
0.3899528696422766
0.3892684402885975
0.38857500051921107
0.38787325027360997
0.3871638899878546
0.3864476195157788
0.3857251370704036
0.3849971381879757
0.38426431471700556
0.3835273538345516
0.38278693709190736
0.38204373949173154
0.3812984285985412
0.3805516636843749
0.3798040949112921
0.3790563625522409
0.3783090962517214
0.37756291432746225
0.37681842311428076
0.37607621635106203
0.37533687461167753
0.3746009647805376
0.37386903957328055
0.37314163710298237
0.37241928049206313
0.371702477530003
0.3709917203767528
0.37028748531159794
0.36959023252711515
0.3689004059676816
0.3682184332118783
0.3675447253980049
0.3668796771917645
0.3662236667950824
0.3655770559949139
0.3649401902507303
0.36431339881935976
0.3636969949156844
0.3630912759076472
0.3624965235439557
0.3619130042127529
0.36134096922952336
0.36078065515240315
0.3602322841230344
0.3596960642310845
0.35917218990052213
0.3586608422956782
0.3581621897451935
0.3576763881819126
0.3572035815967516
0.3567439025046542
0.3562974724207096
0.35586440234453304
0.3554447932510543
0.355038736585834
0.3546463147631294
0.35426760166486343
0.3539026631388023
0.3535515574941993
0.353214335993287
0.35289104333699345
0.3525817181433625
0.35228639341720686
0.35200509700960825
0.3517378520658906
0.35148467746081485
0.3512455882197831
0.3510205959248997
0.35080970910479287
0.3506129336071796
0.35043027295320506
0.3502617286726515
0.3501073006191485
0.34996698726462355
0.3498407859722416
0.349728693247196
0.3496307049647468
0.3495468165749462
0.34947702328360536
0.34942132020907196
0.34937970251448625
0.3493521655151839
0.3493387047610549
0.3493393160936393
0.3493539956778676
0.3493827400083502
0.3494255458902257
0.3494824103946014
0.34955333078867096
0.34963830444067967
0.349737328699929
0.34985040075210344
0.34997751745024686
0.3501186751217125
0.3502738693516298
0.3504430947432963
0.3506263446561073
0.3508236109216438
0.3510348835386224
0.35126015034743385
0.3514993966851264
0.3517526050217155
0.35201975457878265
0.3523008209313961
0.35259577559443595
0.3529045855945041
0.3532272130286443
0.35356361461117264
0.3539137412099696
0.3542775373736971
0.35465494085135496
0.35504588210580634
0.3554502838228188
0.3558680604172903
0.35629911753837973
0.3567433515752729
0.3572006491654206
0.3576708867070494
0.3581539298778307
0.3586496331616446
0.35915783938530826
0.35967837926728646
0.3602110709802844
0.36075571972973347
0.3613121173501194
0.3618800419210916
0.3624592574053378
0.3630495133100914
0.363650544374183
0.3642620702824704
0.364883795409443
0.3655154085937287
0.3661565829451652
0.3668069756860505
0.3674662280280604
0.3681339650862603
0.3688097958315278
0.36949331308260475
0.37018409353887455
0.37088169785485037
0.3715856707572476
0.37229554120536856
0.37301082259539703
0.37373101300909023
0.3744555955072009
0.37518403846781573
0.37591579596968194
0.37665030822042206
0.37738700202941267
0.37812529132496076
0.3788645777152501
0.37960425109239126
0.38034369027880777
0.38108226371495335
0.3818193301873513
0.382554239595664
0.38328633375750837
0.38401494724945484
0.3847394082826719
0.38545903961141437
0.3861731594725332
0.3868810825540174
0.38758212099045963
0.38827558538328727
0.3889607858434437
0.38963703305412356
0.39030363935112194
0.3909599198182198
0.39160519339499306
0.39223878399437734
0.39286002162723105
0.3934682435311472
0.3940627953006623
0.3946430320160606
0.39520831936788214
0.395758034774294
0.39629156848842084
0.396808324692807
0.3973077225781399
0.39778919740339647
0.39825220153463625
0.39869620545967877
0.399120698775928
0.3995251911487136
0.39990921323754
0.40027231758774173
0.4006140794850928
0.40093409777103894
0.40123199561631784
0.4015074212508308
0.40176004864775067
0.4019895781599811
0.4021957371071996
0.40237828031188577
0.40253699058280856
0.40267167914468815
0.4027821860128013
0.40286838031153827
0.4029301605360029
0.4029674547559557
0.40298022076153484
0.40296844615033833
0.4029321483556373
0.4028713746156185
0.402786201883723
0.4026767366803146
0.40254311488605027
0.40238550147749075
0.4022040902056667
0.40199910321843046
0.4017707906276357
0.4015194300222879
0.40124532592902146
0.4009488092213154
0.40063023647911394
0.40028998930056847
0.3999284735677743
0.39954611866852036
0.39914337667614264
0.3987207214897302
0.39827864793700324
0.39781767084228237
0.3973383240620596
0.3968411594907677
0.3963267460394024
0.3957956685897092
0.3952485269267216
0.39468593465246465
0.394108518083674
0.39351691513641435
0.3929117742005187
0.39229375300670616
0.39166351748934985
0.39102174064776335
0.3903691014089096
0.38970628349439645
0.38903397429459335
0.3883528637526718
0.38766364326131564
0.38696700457478966
0.3862636387389861
0.3855542350420002
0.38483947998771
0.3841200562947035
0.38339664192285466
0.3826699091296504
0.3819405235583629
0.3812091433599459
0.38047641835044876
0.37974298920559163
0.3790094866940225
0.3782765309506128
0.37754473079103995
0.3768146830687205
0.3760869720750299
0.3753621689836064
0.37464083133934983
0.3739235025926058
0.3732107116788713
0.3725029726441755
0.3718007843161772
0.3711046300208245
0.37041497734434653
0.3697322779401049
0.369056967379781
0.3683894650481829
0.3677301740808523
0.36707948134352875
0.36643775745237045
0.3658053568337767
0.36518261782249517
0.36456986279666664
0.363967398348271
0.3633755154874772
0.362794489879218
0.3622245821102904
0.36166603798524755
0.3611190888492295
0.36058395193591875
0.360060830738687
0.35954991540302
0.3590513831383013
0.3585653986469581
0.3580921145690319
0.3576316719402051
0.35718420066132706
0.35674981997750455
0.3563286389648576
0.35592075702305287
0.35552626437178025
0.35514524254936297
0.3547777649117575
0.35442389713022293
0.35408369768599623
0.3537572183603623
0.3534445047185454
0.35314559658588995
0.35286052851488253
0.35258933024158284
0.3523320271301213
0.35208864060396555
0.35185918856268994
0.3516436857831237
0.3514421443037465
0.3512545737912814
0.3510809818885112
0.3509213745424342
0.35077575631187335
0.350644130653786
0.350526500187551
0.3504228669365876
0.3503332325467117
0.35025759848071536
0.35019596618868093
0.350148337253663
0.3501147135123565
0.35009509715047227
0.35008949077258816
0.3500978974462926
0.3501203207204906
0.35015676461782164
0.3502072336011659
0.35027173251427507
0.35035026649665124
0.35044284087283384
0.3505494610163014
0.35067013218829785
0.35080485935190964
0.3509536469618091
0.35111649873016365
0.3512934173692028
0.3514844043110887
0.35168945940574137
0.3519085805973505
0.35214176358040705
0.35238900143607593
0.3526502842498987
0.35292559871178886
0.3532149276994293
0.3535182498461803
0.3538355390947272
0.35416676423772614
0.3545118884468114
0.35487086879133506
0.3552436557483418
0.3556301927052889
0.35603041545711195
0.35644425169928623
0.35687162051858184
0.3573124318832642
0.3577665861345547
0.358233973481182
0.3587144734989164
0.3592079546369812
0.3597142737332924
0.36023327554051593
0.3607647922648512
0.36130864311959515
0.3618646338954342
0.3624325565494543
0.3630121888148585
0.3636032938333184
0.3642056198119167
0.36481889970654674
0.36544285093364587
0.3660771751120312
0.36672155783660465
0.3673756684855813
0.36803916006283177
0.36871166907685465
0.36939281545776936
0.37008220251366886
0.37077941692751104
0.3714840287956534
0.3721955917090009
0.37291364287761575
0.37363770329951274
0.37436727797422825
0.37510185616165126
0.3758409116864022
0.3765839032879806
0.37733027501671706
0.3780794566754338
0.3788308643065902
0.37958390072452564
0.3803379560922752
0.38109240854228627
0.38184662484023063
0.3825999610909441
0.3833517634853981
0.3841013690874456
0.38484810665896607
0.3855912975219028
0.3863302564555088
0.38706429262704
0.3877927105540026
0.388514811095874
0.3892298924732315
0.38993725131197693
0.39063618371034897
0.39132598632627064
0.3920059574825089
0.3926753982870307
0.3933336137659075
0.39397991400601795
0.39461361530476846
0.39523404132400103
0.39584052424522187
0.39643240592324963
0.39700903903537826
0.3975697882231093
0.3981140312235418
0.39864115998745214
0.3991505817812005
0.39964172026951733
0.4001140165763302
0.4005669303207978
0.40099994062579164
0.40141254709607727
0.4018042707636046
0.40217465499726845
0.4025232663747251
0.4028496955138453
0.4031535578615253
0.40343449443770624
0.4036921725325352
0.40392628635474725
0.40413655762948725
0.40432273614392067
0.4044846002391189
0.4046219572468813
0.4047346438703053
0.4048225265070534
0.4048855015144765
0.40492349541588674
0.4049364650474457
0.40492439764531624
0.4048873108728623
0.4048252527878788
0.4047383017499381
0.4046265662681488
0.40449018478972365
0.4043293254299231
0.40414418564408117
0.4039349918425785
0.4037019989497491
0.4034454899078932
0.4031657751276921
0.4028631918864649
0.40253810367589954
0.40219089950097914
0.40182199313200256
0.4014318223117183
0.4010208479197101
0.40058955309630057
0.4001384423283434
0.3996680404993611
0.39917889190658845
0.3986715592475692
0.3981466225789912
0.397604678250553
0.39704633781668197
0.3964722269289817
0.3958829842122993
0.3952792601274011
0.39466171582316706
0.39403102198130346
0.39338785765654505
0.3927329091153062
0.39206686867572965
0.3913904335520448
0.39070430470613254
0.3900091857091066
0.3893057816157243
0.3885947978543215
0.3878769391349159
0.3871529083780682
0.3864234056669522
0.38568912722504317
0.38495076442169934
0.38420900280780157
0.3834645211835354
0.38271799070024204
0.38197007399815913
0.38122142438173373
0.38047268503405396
0.3797244882718183
0.37897745484209316
0.37823219326199803
0.3774892992022618
0.37674935491549844
0.3760129287098409
0.3752805744684537
0.3745528312152926
0.3738302227272808
0.37311325719298766
0.37240242691767894
0.3716982080744773
0.3710010605012522
0.3703114275426621
0.3696297359366988
0.36895639574486855
0.36829180032510594
0.3676363263463227
0.3669903338434172
0.3663541663114634
0.3657281508376725
0.3651125982696742
0.3645078034185338
0.3639140452948605
0.36333158737634746
0.36276067790490774
0.36220155021165507
0.361654423067827
0.36111950105975976
0.36059697498598126
0.36008702227446626
0.3595898074180722
0.3591054824261693
0.3586341872904396
0.35817605046288037
0.35773118934399334
0.3572997107791373
0.35688171156115117
0.35647727893724046
0.35608649111829066
0.35570941778872656
0.35534612061519516
0.3549966537523544
0.35466106434417216
0.35433939301925377
0.3540316743787351
0.3537379374754093
0.35345820628275487
0.3531925001526352
0.3529408342603918
0.3527032200361027
0.3524796655807803
0.35227017606630606
0.35207475411793016
0.3518934001781946
0.35172611285127897
0.351572889226762
0.3514337251819663
0.35130861566207816
0.35119755493740007
0.35110053683707365
0.3510175549587782
0.3509486028539064
0.350893674187815
0.3508527628747599
0.35082586318724607
0.3508129698395084
0.3508140780449701
0.35082918354753156
0.3508582826266438
0.3509013720761704
0.35095844915714164
0.35102951152452505
0.35111455712821893
0.3512135840885693
0.3513265905467111
0.35145357449013825
0.35159453355394693
0.35174946479821684
0.3519183644620943
0.35210122769517554
0.35229804826680444
0.35250881825401853
0.3527335277088714
0.3529721643059768
0.3532247129711251
0.3534911554919501
0.3537714701116365
0.3540656311067751
0.35437360835053017
0.3546953668623516
0.355030866345552
0.3553800607141441
0.3557428976103899
0.35611931791461
0.3565092552488613
0.3569126354761155
0.3573293761967051
0.35775938624376297
0.3582025651795079
0.3586588027942153
0.35912797860972917
0.359609961389477
0.3601046086568473
0.36061176622392244
0.36113126773247545
0.3616629342092038
0.3622065736371369
0.36276198054518094
0.36332893561773894
0.36390720532632065
0.36449654158506817
0.3650966814320795
0.36570734673833594
0.3663282439460624
0.36695906383824745
0.3675994813409912
0.3682491553602673
0.3689077286546358
0.3695748277453173
0.3702500628649404
0.3709330279461982
0.3716233006515158
0.37232044244471335
0.3730239987055682
0.37373349888798807
0.3744484567224469
0.3751683704631817
0.37589272318048006
0.37662098309833764
0.3773526039775139
0.3780870255439964
0.3788236739626261
0.3795619623555535
0.3803012913650537
0.38104104976002257
0.3817806150853868
0.38251935435345796
0.38325662477615635
0.38399177453684974
0.3847241436004397
0.3854530645601771
0.3861778635195608
0.3868978610075567
0.38761237292525014
0.38832071152195197
0.38902218639861696
0.3897161055364079
0.39040177634807355
0.3910785067497441
0.39174560625065324
0.3924023870582156
0.39304816519578417
0.39368226163038117
0.39430400340761396
0.3949127247909319
0.39550776840234286
0.39608848636167965
0.3966542414214969
0.39720440809463153
0.397738373771516
0.39825553982429956
0.39875532269488223
0.39923715496397505
0.3997004863983641
0.4001447849735802
0.40056953786926275
0.4009742524345452
0.40135845712087787
0.40172170237981153
0.4020635615233019
0.40238363154426676
0.4026815338951789
0.40295691522262383
0.40320944805586995
0.4034388314475968
0.40364479156509514
0.4038270822303205
0.40398548540738255
0.4041198116360852
0.4042299004103591
0.4043156205004691
0.4043768702180506
0.4044135776231703
0.4044257006727153
0.4044132273095945
0.4043761754923696
0.40431459316512475
0.4042285581675344
0.40411817808528816
0.4039835900412059
0.403824960427572
0.4036424845803943
0.4034363863964635
0.4032069178942992
0.40295435872020674
0.40267901560086333
0.402381221744027
0.4020613361890956
0.4017197431094264
0.4013568510684462
0.4009730922317162
0.40056892153716617
0.4001448158258678
0.3997012729357239
0.39923881076051915
0.39875796627686716
0.3982592945415865
0.3977433676621577
0.3972107737428988
0.39666211580959776
0.3960980107153724
0.3955190880305668
0.39492598891955494
0.3943193650073205
0.3936998772387478
0.39306819473354343
0.3924249936397323
0.39177095598866607
0.3911067685544386
0.39043312172063366
0.3897507083572191
0.3890602227104048
0.38836235930817503
0.38765781188418547
0.38694727232256293
0.38623142962610607
0.38551096891027214
0.3847865704251802
0.38405890860785163
0.38332865116664894
0.38259645819987725
0.38186298135028635
0.3811288629971349
0.38039473548731395
0.37966122040687006
0.3789289278941667
0.37819845599571655
0.3774703900656253
0.37674530220937075
0.3760237507725465
0.37530627987501636
0.37459341899077253
0.3738856825736605
0.37318356972895755
0.37248756393066546
0.3717981327842203
0.37111572783419455
0.3704407844164105
0.3697737215537771
0.3691149418950103
0.36846483169526867
0.36782376083766927
0.36719208289446037
0.3665701352266079
0.3659582391203598
0.36535669995938275
0.36476580743086
0.36418583576394487
0.3636170439988762
0.36305967628499847
0.36251396220588106
0.36198011712969125
0.3614583425829242
0.3609488266455998
0.3604517443659781
0.35996725819285796
0.3594955184235058
0.3590366636652807
0.3585908213089983
0.35815810801214176
0.35773863019000224
0.357332484512895
0.3569397584075916
0.35656053056122533
0.3561948714258768
0.3558428437221423
0.35550450294005165
0.3551798978357206
0.35486907092219927
0.3545720589530176
0.3542888933969922
0.3540196009029055
0.35376420375271345
0.3535227203019698
0.35329516540620626
0.35308155083203147
0.35288188565171036
0.3526961766200498
0.35252442853241217
0.3523666445627043
0.35222282658022425
0.35209297544435375
0.3519770912760793
0.3518751737054855
0.3517872220944355
0.3517132357338461
0.35165321401502364
0.35160715657477265
0.3515750634140379
0.35155693499004503
0.3515527722820034
0.3515625768305237
0.35158635075099093
0.3516240967212011
0.35167581794360575
0.35174151808255233
0.35182120117686844
0.3519148715281604
0.35202253356513613
0.3521441916842287
0.3522798500667333
0.3524295124726637
0.35259318201149525
0.3527708608899662
0.3529625501372232
0.3531682493076004
0.35338795616150864
0.3536216663250022
0.3538693729287375
0.35413106622721885
0.3544067331993263
0.3546963571312429
0.3549999171830275
0.3553173879401675
0.3556487389515192
0.35599393425510134
0.3563529318932888
0.3567256834189837
0.3571121333943792
0.35751221888399326
0.35792586894367673
0.3583530041073216
0.35879353587304735
0.3592473661906666
0.3597143869522675
0.36019447948777605
0.36068751406740446
0.36119334941289666
0.36171183221949715
0.3622427966906283
0.3627860640872171
0.36334144229363974
0.36390872540227653
0.36448769331856495
0.36507811138854496
0.36567973005075605
0.36629228451437706
0.3669154944654188
0.36754906380277746
0.3681926804058488
0.3688460159353919
0.36950872566923054
0.37018044837429215
0.37086080621646766
0.3715494047095799
0.37224583270473754
0.3729496624211869
0.3736604495197028
0.3743777332193946
0.37510103645869847
0.37582986610123853
0.37656371318703147
0.3773020532294227
0.37804434655800045
0.37879003870757516
0.3795385608531943
0.3802893302909913
0.3810417509645389
0.38179521403623057
0.38254909850303764
0.3833027718558971
0.384055590781775
0.38480690190731925
0.38555604258291626
0.38630234170573075
0.38704512058026774
0.3877836938147652
0.3885173702516585
0.38924545393021753
0.38996724507930564
0.3906820411381305
0.39138913780273443
0.39208783009588516
0.39277741345789874
0.39345718485590037
0.394126443908872
0.39478449402584065
0.395430643554453
0.3960642069371145
0.39668450587186993
0.39729087047510764
0.39788264044318356
0.3984591662100088
0.39901981009764453
0.39956394745693635
0.40009096779523584
0.4006002758882359
0.4010912928730218
0.40156345731940957
0.4020162262767168
0.4024490762931266
0.40286150440487767
0.40325302909256316
0.4036231912018793
0.40397155482628144
0.4042977081490695
0.4046012642425401
0.40488186182199154
0.40513916595245697
0.40537286870624856
0.4055826897694959
0.4057683769960681
0.40592970690740815
0.4060664851369676
0.40617854681813087
0.40626575691458344
0.40632801049231415
0.40636523293248683
0.4063773800846142
0.40636443835956637
0.4063264247620876
0.40626338686265384
0.4061754027086979
0.40606258067536405
0.40592505925619204
0.4057630067943094
0.4055766211549306
0.4053661293401207
0.40513178704697894
0.4048738781705361
0.4045927142528008
0.4042886338794871
0.4039620020260809
0.4036132093549618
0.40324267146541465
0.4028508280984478
0.40243814229844477
0.402005099533777
0.4015522067786531
0.4010799915585855
0.40058900096196626
0.40007980062040704
0.3995529736605823
0.3990091196304118
0.3984488534024999
0.3978728040578153
0.39728161375265203
0.3966759365719139
0.3960564373717828
0.39542379061484445
0.39477867920069803
0.3941217932950695
0.39345382916039623
0.3927754879908345
0.3920874747545224
0.3913904970459724
0.3906852639513071
0.3899724849290415
0.38925286870905246
0.38852712221225066
0.3877959494934495
0.3870600507097744
0.3863201211169304
0.38557685009550124
0.38483092020934756
0.3840830062980833
0.38333377460547213
0.38258388194545495
0.3818339749073972
0.3810846891020039
0.3803366484491865
0.37959046450907485
0.3788467358571379
0.3781060475043096
0.37736897036277706
0.3766360607580213
0.375907859987481
0.37518489392604887
0.3744676726785063
0.37375669027880454
0.3730524244359334
0.37235533632599876
0.37166587042996724
0.37098445441637173
0.3703114990681552
0.3696473982526896
0.3689925289338789
0.3683472512251632
0.3677119084820957
0.36708682743311355
0.3664723183470061
0.3658686752355211
0.36527617608950974
0.36469508314687754
0.3641256431906276
0.36356808787519357
0.3630226340792343
0.36248948428301286
0.36196882696843896
0.36146083703985027
0.3609656762635633
0.36048349372419536
0.36001442629577773
0.35955859912563953
0.3591161261290435
0.3586871104926177
0.358271645184579
0.35786981346980345
0.35748168942788594
0.3571073384723038
0.3567468178689545
0.3564001772523325
0.3560674591377354
0.3557486994279606
0.35544392791301976
0.35515316876146724
0.354876441002016
0.3546137589941588
0.35436513288651156
0.35413056906168133
0.3539100705664241
0.35370363752588824
0.3535112675406991
0.35333295606575843
0.35316869676954243
0.3530184818727976
0.35288230246559305
0.35276014880174283
0.3526520105697525
0.3525578771395237
0.35247773778417896
0.3524115818764958
0.352359399059485
0.3523211793908463
0.3522969134609916
0.3522865924845057
0.3522902083649037
0.3523077537326225
0.3523392219562318
0.3523846071269049
0.35244390401620446
0.352517108007335
0.3526042150000451
0.35270522128940907
0.35282012341882124
0.3529489180075695
0.3530916015534328
0.35324817021085636
0.35341861954527887
0.35360294426430583
0.3538011379264575
0.3540131926283115
0.3542390986708852
0.35447884420614906
0.35473241486462703
0.35499979336501647
0.3552809591068144
0.3555758877469842
0.3558845507616505
0.35620691499396484
0.35654294218923105
0.35689258851857963
0.3572558040924706
0.3576325324654568
0.3580227101337572
0.358426266027257
0.3588431209976875
0.35927318730480107
0.35971636810243185
0.3601725569263842
0.3606416371861388
0.3611234816623609
0.3616179520122712
0.3621248982848882
0.3626441584481658
0.36317555793009726
0.363718909175767
0.36427401122239267
0.36484064929434956
0.36541859442014174
0.36600760307330904
0.366607416839154
0.36721776210919116
0.36783834980513636
0.3684688751342403
0.36910901737766444
0.36975843971355177
0.37041678907635966
0.3710836960539163
0.3717587748235919
0.37244162312884793
0.37313182229729636
0.3738289373013232
0.37453251686214867
0.3752420935980963
0.3759571842176933
0.3766772897580873
0.3774018958691039
0.37813047314317166
0.37886247749116436
0.37959735056407756
0.3803345202203278
0.38107340103833215
0.381813394873881
0.3825538914616476
0.3832942690601471
0.38403389513915276
0.3847721271086265
0.38550831308792954
0.38624179271402265
0.38697189798721515
0.3876979541528577
0.38841928061725894
0.38913519189599405
0.38984499859259847
0.390548008405556
0.39124352716138133
0.391930859871444
0.39260931181013986
0.3932781896118677
0.39393680238422946
0.3945844628347787
0.395220488408556
0.39584420243362567
0.39645493527177855
0.397052025471459
0.39763482092002767
0.39820267999238534
0.3987549726930033
0.39929108178836065
0.39981040392681044
0.40031235074292837
0.4007963499433572
0.40126184637126305
0.4017083030465
0.4021352021786763
0.4025420461503462
0.4029283584676527
0.4032936846758054
0.4036375932368962
0.4039596763676473
0.4042595508347893
0.404536858705906
0.4047912680537017
0.40502247361176247
0.40523019738002775
0.40541418917834054
0.40557422714654945
0.4057101181898041
0.4058216983678182
0.4059088332270187
0.4059714180746224
0.40600937819387206
0.40602266899976636
0.40601127613479443
0.40597521550434584
0.40591453325159954
0.4058293056719238
0.40571963906691505
0.4055856695384626
0.405427562723347
0.4052455134691131
0.40503974545213334
0.4048105107389389
0.4045580892921256
0.40428278842225845
0.40398494218738185
0.40366491074189104
0.40332307963662406
0.4029598590721696
0.40257568310744163
0.40217100882572127
0.40174631546036366
0.4013021034825013
0.4008388936531198
0.4003572260419526
0.39985765901572673
0.39934076819837083
0.39880714540589074
0.39825739755869377
0.3976921455742316
0.3971120232429401
0.396517676090479
0.39590976022937635
0.3952889412031922
0.39465589282633223
0.3940112960226296
0.3933558376657875
0.3926902094246983
0.3920151066166019
0.3913312270709269
0.3906392700065959
0.38993993492545287
0.38923392052437583
0.38852192362855154
0.38780463814830296
0.3870827540617401
0.3863569564254708
0.38562792441547034
0.38489633040013155
0.3841628390474194
0.3834281064679428
0.3826927793956086
0.38195749440744897
0.38122287718400977
0.3804895418115948
0.37975809012747946
0.3790291111090787
0.3783031803078926
0.37758085932884167
0.3768626953555373
0.3761492207218298
0.3754409525297676
0.37473839231404804
0.37404202575278717
0.37335232242437616
0.37266973560996497
0.3719947021410257
0.37132764229128346
0.37066895971220165
0.3700190414110558
0.36937825777054833
0.3687469626087374
0.36812549327807115
0.3675141708020978
0.36691330004841793
0.3663231699363371
0.36574405367761376
0.3651762090486117
0.3646198786921248
0.36407529044708803
0.3635426577043394
0.3630221797865319
0.3625140423503171
0.36201841780881316
0.36153546577241563
0.3610653335059619
0.3606081564002538
0.3601640584559334
0.3597331527777459
0.3593155420772005
0.3589113191816641
0.3585205675479724
0.35814336177866896
0.3577797681390045
0.3574298450729026
0.3570936437161329
0.35677120840498705
0.35646257717882696
0.35616778227493373
0.3558868506141258
0.35561980427574413
0.35536666096058606
0.3551274344405266
0.3549021349935669
0.3546907698231709
0.3544933434607496
0.35430985815028787
0.35414031421410247
0.3539847103988093
0.3538430442006111
0.3537153121690847
0.35360151018864955
0.35350163373698906
0.3534156781197373
0.3533436386807695
0.35328551098752226
0.353241290990848
0.35321097515889316
0.3531945605846785
0.3531920450670527
0.35320342716480113
0.35322870622376057
0.35326788237687623
0.3533209565172139
0.35338793024401566
0.353468805781949
0.3535635858737826
0.35367227364680154
0.35379487245330665
0.35393138568562993
0.3540818165661635
0.3542461679129204
0.35442444188123795
0.35461663968228047
0.35482276127900786
0.35504280506037666
0.3552767674945704
0.35552464276209694
0.35578642236966795
0.35606209474581796
0.35635164481929227
0.35665505358130856
0.356972297632857
0.35730334871829156
0.3576481732465532
0.35800673180140996
0.35837897864222984
0.35876486119683243
0.3591643195480518
0.359577285915751
0.3600036841360143
0.36044342913934746
0.36089642642975583
0.36136257156659735
0.3618417496511041
0.36233383481958337
0.3628386897452156
0.36335616515042896
0.363886099331871
0.36442831769989836
0.3649826323346259
0.3655488415604732
0.3661267295411861
0.36671606589726724
0.36731660534775745
0.36792808737824234
0.36855023593692565
0.3691827591606124
0.3698253491323118
0.3704776816721555
0.3711394161632419
0.37181019541394394
0.37248964555809694
0.37317737599442813
0.37387297936647507
0.3745760315841054
0.375286091887704
0.37600270295590377
0.37672539105766095
0.3774536662493642
0.37818702261747245
0.3789249385671496
0.37966687715711506
0.38041228648088765
0.3811606000943874
0.38191123748976286
0.382663604615128
0.38341709443976435
0.384171087564194
0.38492495287435213
0.3856780482389566
0.38642972124902036
0.3871793099982867
0.3879261439032444
0.38866954456121483
0.3894088266448828
0.39014329883149534
0.39087226476484555
0.39159502404802493
0.3923108732648033
0.39301910702742693
0.39371901904847295
0.39440990323434755
0.39509105479790513
0.3957617713875864
0.396421354230407
0.3970691092860615
0.3977043484093166
0.39832639051785673
0.3989345627626539
0.39952820169791936
0.4001066544476298
0.4006692798656286
0.401215449686249
0.401744549662425
0.40225598068821955
0.40274915990276733
0.40322352177262316
0.40367851914953595
0.40411362430079045
0.40452832990925996
0.4049221500404534
0.4052946210739275
0.4056453025965446
0.40597377825517206
0.4062796565665947
0.4065625716824642
0.4068221841073253
0.40705818136782895
0.4072702786313889
0.40745821927268855
0.4076217753865029
0.40776074824547653
0.40787496870158235
0.4079642975301296
0.4080286257152705
0.40806787467616534
0.40808199643303794
0.40807097371255796
0.40803481999214386
0.40797357948293256
0.4078873270514125
0.4077761680798506
0.4076402382658564
0.4074797033616263
0.4072947588536157
0.4070856295835273
0.4068525693117189
0.40659586022428323
0.4063158123851798
0.4060127631350253
0.40568707643817536
0.4053391421799379
0.4049693754158687
0.4045782155751925
0.404166125620518
0.4037335911661567
0.40328111955738893
0.4028092389131884
0.4023184971349731
0.4018094608840434
0.4012827145304165
0.40073885907588236
0.40017851105410374
0.3996023014106775
0.39901087436606664
0.3984048862643953
0.3977850044110537
0.3971519059021261
0.3965062764486274
0.39584880919856236
0.39518020355976435
0.3945011640264674
0.39381239901258347
0.39311461969449757
0.3924085388662737
0.3916948698100175
0.3909743251840912
0.39024761593182455
0.38951545021321843
0.38877853236210774
0.3880375618710938
0.38729323240648045
0.3865462308553135
0.3857972364065178
0.3850469196679938
0.3842959418213942
0.3835449538162141
0.38279459560463536
0.3820454954184642
0.381298269089342
0.3805535194132676
0.37981183556029335
0.3790737925301491
0.37833995065431686
0.3776108551449665
0.37688703569099774
0.3761690061012346
0.3754572639946774
0.37475229053758047
0.3740545502269355
0.37336449071981836
0.37268254270791007
0.372009119836408
0.3713446186663585
0.37068941867938726
0.37004388232369145
0.36940835510001024
0.36878316568624564
0.3681686260993238
0.36756503189273043
0.36697266238819304
0.3663917809397956
0.3658226352288315
0.3652654575876105
0.3647204653503973
0.36418786122960795
0.36366783371538586
0.3631605574966126
0.3626661939014317
0.3621848913553109
0.3617167858546925
0.3612620014542636
0.3608206507658313
0.36039283546685896
0.3599786468166569
0.3595781661782341
0.3591914655438272
0.3588186080621232
0.3584596485651965
0.3581146340932015
0.357783604414916
0.35746659254225327
0.357163625236967
0.35687472350780214
0.35659990309655626
0.3563391749515499
0.3560925456872188
0.3558600180286943
0.3556415912403695
0.355437261537689
0.3552470224814744
0.35507086535427396
0.3549087795183894
0.3547607527551404
0.3546267715851517
0.3545068215692589
0.3544008875896223
0.35430895411050883
0.3542310054179698
0.35416702583753723
0.3541169999288138
0.3540809126557144
0.3540587495310762
0.3540504967343232
0.35405614120108325
0.3540756706838096
0.3541090737828195
0.3541563399474672
0.3542174594475554
0.35429242331535943
0.3543812232589126
0.354483851547371
0.35460030086940925
0.35473056416551596
0.3548746344351993
0.35503250451988566
0.3552041668623481
0.35538961324335944
0.3555888344962534
0.3558018202000182
0.35602855835155817
0.35626903501779916
0.356523233968342
0.3567911362894382
0.35707271998017914
0.35736795953182726
0.35767682549136665
0.3579992840104452
0.35833529638093986
0.3586848185585171
0.3590478006756352
0.35942418654554004
0.35981391315882094
0.3602169101742387
0.3606330994055737
0.3610623943062723
0.3615046994537573
0.3619599100352912
0.3624279113373255
0.36290857824026174
0.36340177472065766
0.36390735336283314
0.3644251548818946
0.3649550076602026
0.36549672729929833
0.36605011618927386
0.3666149630976068
0.36719104277941017
0.3677781156110697
0.36837592724916707
0.3689842083165593
0.3696026741174613
0.37023102438328226
0.37086894305093987
0.37151609807527836
0.3721721412771785
0.3728367082288043
0.3735094181774014
0.3741898740089313
0.37487766225270236
0.37557235312812215
0.3762735006344648
0.3769806426845423
0.3776933012829534
0.3784109827494948
0.3791331779881746
0.379859362802121
0.3805889982545301
0.38132153107568406
0.3820563941158525
0.3827930068438365
0.3835307758906524
0.38426909563779366
0.38500734884933463
0.38574490734693184
0.3864811327267488
0.3872153771170676
0.3879469839753094
0.3886752889229866
0.3893996206170052
0.39011930165563413
0.3908336495172841
0.3915419775301699
0.39224359587077545
0.39293781258898747
0.39362393465762135
0.3943012690439385
0.3949691238007415
0.3956268091744831
0.3962736387277638
0.39690893047351505
0.3975320080181129
0.39814220171059644
0.39873884979511304
0.3993212995636863
0.399888908506345
0.4004410454556653
0.400977091722722
0.40149644222147157
0.401998506578577
0.4024827102257108
0.40294849547138434
0.4033953225493961
0.40382267064104416
0.40423003886826936
0.4046169472550246
0.40498293765417304
0.40532757463737407
0.4056504463454712
0.4059511652970293
0.40622936915279134
0.4064847214339563
0.4067169121922971
0.40692565863032193
0.4071107056697961
0.4072718264671055
0.40740882287409697
0.40752152584316914
0.4076097957755508
0.4076735228118273
0.4077126270639336
0.40772705878794796
0.40771679849717735
0.4076818570151293
0.40762227546813856
0.4075381252174884
0.40742950773109093
0.4072965543948841
0.40713942626428956
0.4069583137562689
0.4067534362826828
0.4065250418258935
0.4062734064577221
0.4059988338031237
0.40570165445013184
0.4053822253077967
0.40504092891406923
0.40467817269567774
0.4042943881822255
0.403890030176804
0.40346557588553295
0.4030215240085031
0.4025583937946474
0.4020767240631505
0.40157707219401545
0.4010600130905083
0.4005261381162176
0.39997605400952074
0.3994103817782934
0.3988297555777497
0.3982348215742956
0.39762623679833387
0.3970046679889473
0.39637079043339973
0.3957252868043795
0.39506884599791403
0.39440216197480976
0.39372593260854133
0.3930408585423589
0.392347642058443
0.3916469859618404
0.3909395924818604
0.3902261621935677
0.38950739296192266
0.38878397891103544
0.3880566094209158
0.3873259681540106
0.3865927321136318
0.38585757073636906
0.38512114502033545
0.3843841066910042
0.3836470974062316
0.38291074800188546
0.38217567777936756
0.3814424938361225
0.3807117904400919
0.3799841484488815
0.3792601347742824
0.3785403018926293
0.37782518740130117
0.37711531362156786
0.3764111872478018
0.37571329904298745
0.375022123580255
0.3743381190301018
0.37366172699277933
0.37299337237523145
0.3723334633118128
0.3716823911279108
0.3710405303454528
0.3704082387292255
0.3697858573727187
0.3691737108222079
0.3685721072376487
0.3679813385888547
0.36740168088536496
0.366833394438385
0.36627672415302087
0.36573189984907045
0.36519913660855274
0.3646786351481122
0.36417058221442206
0.3636751510007297
0.3631925015825939
0.36272278137096603
0.3622661255807143
0.3618226577126944
0.361392490047519
0.360975724149185
0.3605724513766666
0.36018275340169786
0.3598067027308594
0.3594443632301797
0.35909579065037156
0.35876103315089614
0.3584401318209985
0.3581331211958901
0.3578400297662441
0.3575608804792467
0.35729569122940197
0.35704447533743044
0.35680724201561853
0.35658399681807557
0.35637474207446335
0.356179477305863
0.3559981996215903
0.35583090409588247
0.3556775841235551
0.355538231753844
0.35541283800179574
0.35530139313670056
0.3552038869471963
0.35512030898271413
0.35505064877105247
0.3549948960118708
0.3549530407458924
0.35492507349960645
0.35491098540522503
0.35491076829556106
0.3549244147735423
0.35495191825597255
0.35499327299121314
0.3550484740504986
0.3551175172926186
0.35520039930187136
0.3552971172992465
0.3554076690269355
0.3555320526064234
0.3556702663704522
0.355822308669311
0.3559881776519105
0.3561678710222346
0.3563613857717154
0.3565687178881767
0.3567898620420209
0.3570248112503603
0.3572735565198572
0.3575360864691419
0.3578123869317158
0.35810244054039064
0.3584062262943803
0.35872371911030887
0.3590548893584829
0.359399702385846
0.3597581180271963
0.3601300901062383
0.3605155659281681
0.36091448576550383
0.36132678233892945
0.3617523802949166
0.36219119568196656
0.3626431354272567
0.36310809681552686
0.36358596697206264
0.36407662235160654
0.36457992823507246
0.3650957382359526
0.3656238938183231
0.3661642238283931
0.36671654404157084
0.36728065672699844
0.36785635023158936
0.36844339858558006
0.3690415611315717
0.36965058217908614
0.3702701906865871
0.3709000999728658
0.3715400074596724
0.37218959444734356
0.37284852592515144
0.37351645041795223
0.37419299987061944
0.37487778957166124
0.3755704181172731
0.3762704674169657
0.3769775027418005
0.3776910728161376
0.3784107099536716
0.3791359302384404
0.3798662337513337
0.38060110484256093
0.38134001245038124
0.382082410466283
0.3828277381466918
0.3835754205711427
0.3843248691467023
0.3850754821582976
0.3858266453644558
0.3865777326377869
0.3873281066493788
0.388077119596139
0.38882411396987676
0.38956842336686015
0.39030937333633087
0.3910462822663497
0.3917784623052004
0.39250522031645174
0.393225858865621
0.3939396772363012
0.394645972473507
0.39534404045186616
0.396033176966216
0.3967126788420903
0.3973818450634519
0.39803997791499346
0.3986863841362582
0.39932037608470866
0.3999412729048915
0.400548401700723
0.4011410987079381
0.4017187104636381
0.40228059496994095
0.40282612284865027
0.4033546784839169
0.40386566114985917
0.40435848612013525
0.40483258575652137
0.4052874105735876
0.40572243027662225
0.40613713477004865
0.40653103513361105
0.4069036645637407
0.4072545792775645
0.40758335937712836
0.4078896096715099
0.40817296045459767
0.40843306823640674
0.40866961642595867
0.40888231596384955
0.40907090590275236
0.4092351539342898
0.40937485686078506
0.40948984101062746
0.40957996259608803
0.40964510801261506
0.4096851940787623
0.40970016821612054
0.40969000856873167
0.4096547240616278
0.40959435439832215
0.4095089699972005
0.4093986718669159
0.4092635914210446
0.40910389023239047
0.4089197597274948
0.40871142082204104
0.40847912349801907
0.40822314632366574
0.40794379591738117
0.4076414063569985
0.4073163385359814
0.4069689794683117
0.4065997415440001
0.406209061737401
0.40579740077059556
0.40536524223433945
0.4049130916691425
0.40444147560920224
0.40395094059192527
0.4034420521358794
0.40291539369000523
0.40237156555692005
0.4018111837931961
0.40123487908942357
0.40064329563292034
0.4000370899559234
0.3994169297721374
0.39878349280449865
0.3981374656070679
0.39747954238397293
0.3968104238083342
0.39613081584413395
0.3954414285739679
0.39474297503561634
0.39403617007035047
0.3933217291857945
0.3926003674361476
0.39187279832247984
0.39113973271568164
0.39040187780459645
0.38965993607170907
0.38891460429866054
0.38816657260371457
0.3874165235131942
0.38666513106873607
0.38591305997213166
0.38516096476929684
0.38440948907488337
0.38365926483880086
0.3829109116558635
0.38216503611954183
0.38142223122074526
0.3806830757923342
0.3799481339999501
0.3792179548795786
0.3784930719221255
0.37777400270508665
0.37706124857129003
