1.0
0.9999470868554388
0.9997884854800801
0.9995241958144649
0.9991542867666526
0.9986788547693786
0.9980980237343134
0.997411944997276
0.9966207972513873
0.9957247864682781
0.9947241458075055
0.9936191355141641
0.9924100428049619
0.9910971817428923
0.9896808931005951
0.9881615442125498
0.986539528816497
0.9848152668840431
0.9829892044408
0.9810618133762756
0.9790335912437097
0.9769050610500923
0.9746767710366949
0.9723492944503038
0.9699232293054426
0.9673991981378908
0.9647778477497613
0.9620598489463761
0.9592458962653946
0.9563367076982594
0.9533330244044682
0.9502356104189154
0.9470452523524493
0.9437627590862504
0.9403889614600748
0.9369247119547848
0.9333708843694482
0.929728373493318
0.9259980947729414
0.9221809839747375
0.9182779968433429
0.9142901087559063
0.9102183143727152
0.9060636272844371
0.901827079656009
0.8975097218677885
0.8931126221538648
0.8886368662379499
0.8840835569670432
0.8794538139431082
0.8747487731526733
0.8699695865951569
0.8651174219093323
0.860193461998845
0.8551989046562571
0.8501349621863223
0.8450028610281612
0.8398038413766957
0.834539156803578
0.8292100738772559
0.8238178717827204
0.8183638419407515
0.8128492876266596
0.80727552358879
0.801643875666553
0.7959556804082757
0.7902122846885339
0.7844150453253288
0.7785653286967432
0.7726645103573423
0.7667139746540814
0.7607151143417684
0.7546693301979512
0.7485780306373169
0.7424426313252744
0.7362645547908591
0.7300452300390327
0.7237860921617574
0.7174885819481154
0.7111541454935332
0.7047842338075682
0.6983803024206655
0.6919438109892185
0.6854762228994892
0.6789790048696477
0.672453626550175
0.6659015601225607
0.6593242798960982
0.6527232619026301
0.6460999834894011
0.6394559229095752
0.632792558910881
0.6261113703215525
0.6194138356342547
0.6127014325875278
0.6059756377448456
0.5992379260712232
0.5924897705073642
0.5857326415413215
0.5789680067777152
0.5721973305044883
0.565422073257161
0.5586436913807762
0.5518636365895885
0.5450833555242238
0.538304289307029
0.5315278730948851
0.5247555356303585
0.5179886987908197
0.5112287771359066
0.5044771774533757
0.4977352983034753
0.49100452956232954
0.4842862519639398
0.47758183664149173
0.47089264466811764
0.4642200265971776
0.4575653220024515
0.45092985901853616
0.4443149538815169
0.4377219104702943
0.43115201984906765
0.42460655981105344
0.4180867944237959
0.4115939735764284
0.4051293325292472
0.39869409146603974
0.392289455049127
0.3859166119781497
0.3795767345523277
0.37327097823691097
0.36700048123424495
0.36076636405970175
0.35456972912285983
0.34841166031445103
0.3422932225994054
0.3362154616163805
0.33017940328435386
0.32418605341648443
0.3182363973416047
0.31233139953401384
0.3064720032517706
0.3006591301839592
0.29489368010731215
0.28917653055234527
0.28350853648011654
0.2778905299689791
0.27232331991409425
0.266807691734886
0.2613444070964506
0.25593420364253927
0.2505777947408122
0.24527586924075234
0.2400290912445858
0.2348380998915522
0.22970350915576931
0.2246259076580967
0.21960585849192013
0.21464389906373915
0.2097405409481449
0.20489626975791325
0.2001115450292792
0.19538680012250442
0.19072244213753597
0.18611885184653712
0.18157638364054215
0.1770953654939759
0.17267609894441815
0.16831885908811328
0.16402389459319022
0.1597914277271584
0.1556216544031988
0.1515147442415077
0.14747084064704918
0.1434900609046715
0.13957249629023763
0.13571821219838875
0.13192724828713479
0.12819961863700724
0.1245353119288559
0.12093429163596
0.11739649623423407
0.11392183942532097
0.11051021037954242
0.1071614739926321
0.1038754711556912
0.10065201904446745
0.09749091142216136
0.09439191895871854
0.09135478956304868
0.08837924873177994
0.0854649999132252
0.08261172488475266
0.07981908414875906
0.0770867173394099
0.07441424364730787
0.07180126226106133
0.06924735282288506
0.06675207590307004
0.0643149734946705
0.06193556952608102
0.05961337039937908
0.05734786555360848
0.055138528060695614
0.05298481525967756
0.05088616943891391
0.04884201858007291
0.04685177718358453
0.04491484719821354
0.04303061910979658
0.04119847322963864
0.039417781298291016
0.03768790852624024
0.036008216309007364
0.034378066027087935
0.03279682452419301
0.03126387240935987
0.02977861735106343
0.02834051627569139
0.026949114882572848
0.02560412300802428
0.024305570851727673
0.023054169375065242
0.02185226894843092
0.020706977403845996
0.01964389379368172
0.018799048480297786
0.018730113910649934
0.019312855751508668
0.020052943199600926
0.020852775329984977
0.021692359722026308
0.022565754392892216
0.023470878271786202
0.02440704190375078
0.02537415538642873
0.02637242184055517
0.02740220170687835
0.028463946279640478
0.02955816244093947
0.030685392681354628
0.03184620313735713
0.0330411760621476
0.034270904866925876
0.03553599071636834
0.036837040095779976
0.03817466298769015
0.03954947147411734
0.04096207860044173
0.04241309743547253
0.04390314025670336
0.04543281783112008
0.0470027387649447
0.04861350889423138
0.05026573071422509
0.05196000283268102
0.05369691944280458
0.05547706980963459
0.05730103776656725
0.05916940121982485
0.06108273165886804
0.06304159367080062
0.06504654445851026
0.06709813336075975
0.06919690137974381
0.07134338069987936
0.07353809421805764
0.07578155507508015
0.07807426618645576
0.0804167197750494
0.08280939690796751
0.0852527670354909
0.08774728753160053
0.09029340323818882
0.09289154601554785
0.0955421342901284
0.09824557261284657
0.10100225121803115
0.10381254558877208
0.10667681602666626
0.10959540722721749
0.11256864786108288
0.1155968501615663
0.118680309518684
0.12181930408021532
0.12501409436010272
0.1282649228545531
0.13157201366622573
0.13493557213685248
0.13835578448866667
0.14183281747497453
0.14536681804023754
0.14895791298997518
0.15260620867085378
0.15631179066126263
0.1600747234727004
0.1638950502622952
0.16777279255671934
0.17170794998783845
0.17570050004032298
0.1797503978115334
0.18385757578390385
0.18802194361007912
0.19224338791106294
0.19652177208754967
0.20085693614468986
0.20524869653048164
0.20969684598792604
0.21420115342119703
0.21876136377588748
0.2233771979335454
0.22804835262060333
0.23277450033177347
0.23755528926808286
0.2423903432895835
0.24727926188278213
0.2522216201429162
0.257216968771017
0.2622648340858828
0.2673647180508813
0.27251609831562384
0.27771842827246146
0.282971137127785
0.28827362998802725
0.29362528796036
0.29902546826793036
0.30447350437960385
0.30996870615403926
0.31551035999801547
0.3210977290388638
0.32673005331080857
0.33240654995510044
0.338126413433692
0.3438888157562877
0.34969290672054515
0.35553781416518637
0.36142264423579223
0.367346481663035
0.3733083900530564
0.37930741218976016
0.38534257034869407
0.39141286662223534
0.39751728325580526
0.403654782994746
0.40982430944155074
0.4160247874231453
0.4222551233678416
0.42851420569162985
0.43480090519342723
0.44111407545900827
0.44745255327311517
0.4538151590395011
0.4602006972084688
0.46660795671149913
0.47303571140268846
0.47948272050649937
0.48594772907149064
0.49242946842967755
0.4989266566610138
0.5054379990627511
0.5119621886232026
0.5184979064995154
0.5250438224991087
0.5315985955644144
0.5381608742605132
0.5447292972652774
0.5513024938617109
0.5578790844320691
0.5644576809534617
0.5710368874944958
0.5776153007127266
0.5841915103525296
0.5907640997430483
0.5973316462959236
0.6038927220025069
0.6104458939302724
0.6169897247180587
0.6235227730700136
0.6300435942477609
0.6365507405607778
0.6430427618545452
0.6495182059963338
0.6559756193583761
0.6624135472982136
0.6688305346360871
0.6752251261290697
0.6815958669418698
0.6879413031141098
0.6942599820239551
0.700550452847945
0.706811267016869
0.7130409786676298
0.7192381450910013
0.7254013271751258
0.7315290898447466
0.7376200024961543
0.7436726394276835
0.7496855802658251
0.7556574103869321
0.7615867213343995
0.7674721112314478
0.7733121851893916
0.779105555711526
0.7848508430925226
0.7905466758134834
0.7961916909326204
0.8017845344716618
0.8073238617979355
0.8128083380023744
0.8182366382732571
0.8236074482660173
0.8289194644689587
0.8341713945651511
0.8393619577904173
0.8444898852876072
0.8495539204571954
0.8545528193043047
0.8594853507822068
0.8643502971324248
0.86914645422147
0.8738726318743457
0.8785276542048565
0.8831103599428654
0.8876196027583635
0.8920542515827685
0.8964131909271444
0.9006953211976598
0.9048995590081894
0.9090248374902044
0.9130701065998466
0.9170343334223529
0.920916502473801
0.9247156160001676
0.9284306942736917
0.9320607758866178
0.9356049180421574
0.9390621968428191
0.9424317075759403
0.9457125649964375
0.9489039036066617
0.9520048779334268
0.9550146628019249
0.957932453606655
0.9607574665791393
0.963488939052372
0.9661261297218527
0.9686683189031168
0.9711148087856348
0.9734649236828313
0.9757180102782629
0.977873437867611
0.9799305985964156
0.9818889076933297
0.983747803698749
0.9855067486886414
0.9871652284932263
0.988722752910544
0.9901788559145074
0.9915330958572444
0.992785055665679
0.9939343430318612
0.9949805905970809
0.9959234561293205
0.9967626226939861
0.99749779881754
0.9981287186439617
0.9986551420836144
0.9990768549544715
0.9993936691153078
0.9996054225907957
0.9997119796881133
0.9997132311049517
0.999609094028737
0.9993995122266479
0.9990844561265059
0.9986639228881866
0.9981379364652699
0.9975065476569632
0.9967698341499389
0.9959279005500349
0.9949808784035464
0.9939289262080703
0.9927722294127327
0.9915110004075801
0.9901454785021665
0.9886759298931749
0.9871026476208674
0.9854259515144833
0.9836461881264095
0.9817637306550193
0.9797789788562756
0.977692358943953
0.9755043234785439
0.9732153512448102
0.970825947118006
0.9683366419187973
0.9657479922569517
0.963060580363821
0.960275013913724
0.9573919258342626
0.954411974105742
0.951335841549766
0.9481642356071444
0.9448978881052708
0.9415375550150742
0.9380840161978188
0.934538075141789
0.9309005586891511
0.9271723167532269
0.9233542220262383
0.9194471696779084
0.9154520770450786
0.9113698833125726
0.9072015491856434
0.9029480565541402
0.8986104081487669
0.8941896271897058
0.889686757027807
0.8851028607787237
0.8804390209502523
0.8756963390631902
0.8708759352659524
0.8659789479433835
0.8610065333199196
0.855959865057513
0.8508401338485825
0.8456485470043543
0.8403863280387639
0.8350547162484002
0.8296549662886474
0.8241883477464267
0.8186561447097055
0.813059655334196
0.8074001914074485
0.8016790779105911
0.7958976525781236
0.7900572654558435
0.7841592784573174
0.7782050649191073
0.7721960091550069
0.7661335060094785
0.7600189604105668
0.753853786922516
0.7476394092982441
0.7413772600318563
0.7350687799114789
0.7287154175724267
0.7223186290509984
0.7158798773389591
0.7094006319388687
0.7028823684204332
0.6963265679779281
0.6897347169888365
0.6831083065738368
0.6764488321582061
0.6697577930347036
0.6630366919280012
0.6562870345607545
0.6495103292212617
0.6427080863326751
0.6358818180238738
0.6290330377017241
0.6221632596247971
0.615273998478457
0.6083667689511754
0.6014430853122481
0.5945044609907552
0.5875524081558758
0.5805884372985194
0.5736140568141709
0.5666307725870334
0.5596400875752666
0.5526435013972751
0.5456425099190946
0.5386386048427906
0.5316332732958553
0.5246279974214563
0.5176242539692967
0.5106235138868022
0.503627241910396
0.4966368961568621
0.48965392771496374
0.48267978023733055
0.47571588953284094
0.4687636831593545
0.4618245800168458
0.4548999899406906
0.44799131329511444
0.4410999405666099
0.4342272519572716
0.42737461697800044
0.42054339404147556
0.4137349300549593
0.4069505600129324
0.40019160658963493
0.39345937973152445
0.3867551762497604
0.380080279412751
0.3734359585387801
0.3668234685888049
0.360244049759427
0.35369892707606754
0.3471893099864296
0.34071639195427944
0.3342813500536579
0.32788534456362367
0.3215295185636654
0.3152149975299515
0.308942888932577
0.3027142818340401
0.29653024648910414
0.29039183394626467
0.28430007565097576
0.27825598305087135
0.27226054720308
0.26631473838381475
0.26041950570039873
0.25457577670579956
0.24878445701581725
0.24304642992898673
0.23736255604926168
0.2317336729114384
0.22616059460931798
0.22064411142645232
0.21518498946925743
0.20978397030222337
0.20444177058475005
0.199159081709065
0.1939365694384665
0.1887748735449574
0.18367460744515607
0.1786363578330955
0.1736606843083567
0.16874811899778785
0.16389916616891118
0.15911430183299374
0.15439397333564836
0.14973859893265115
0.14514856734835122
0.14062423731354384
0.1361659370789177
0.1317739638991538
0.12744858348139715
0.12319002939020966
0.11899850239911812
0.11487416977672255
0.11081716449271961
0.10682758432645358
0.10290549085732363
0.09905090831274509
0.09526382224489825
0.09154417800192423
0.08789187895189074
0.08430678440792855
0.08078870718934104
0.07733741073498065
0.0739526056601244
0.07063394561489522
0.06738102225815214
0.06419335910242126
0.06107040390709771
0.05801151919011596
0.0550159702791576
0.05208291011198663
0.04921135969105657
0.04640018265393536
0.043648051767963374
0.04095340418790399
0.038314380870598075
0.03572874340888531
0.0331937585443858
0.03070603706077721
0.0282613126837581
0.02585416436533783
0.02347780778160289
0.021124829722600443
0.018795400001098753
0.016592470424208493
0.01562928049738931
0.015955711869495362
0.01647062468765717
0.017037529464788134
0.01763460882528698
0.018255776351348875
0.018898884163623824
0.019563143421914276
0.020248337252207548
0.020954525021940385
0.021681914030079626
0.022430797592410665
0.023201522601116856
0.023994471363320172
0.024810050857832347
0.025648686073139085
0.026510815701176485
0.02739688924785521
0.02830736502657998
0.029242708719785845
0.030203392316426263
0.03118989330469438
0.03220269404204952
0.03324228125084972
0.03430914560428899
0.03540378137789959
0.03652668614855593
0.03767836052724124
0.03885930791442614
0.04007003426820331
0.04131104787580524
0.04258285911905381
0.043885980224304184
0.045220924988188214
0.04658820847239954
0.04798834666415278
0.049421856103102554
0.05088925347956005
0.05239105521155999
0.05392777700946527
0.05549993343662971
0.05710803747420808
0.05875260009816657
0.06043412987681154
0.062153132596818886
0.06391011092374517
0.06570556409896688
0.06753998766967241
0.06941387324344842
0.07132770825586296
0.07328197573902007
0.07527715408113297
0.07731371677059229
0.07939213212153408
0.08151286298061658
0.08367636641633935
0.08588309339284514
0.0881334884302754
0.09042798925359871
0.09276702643172735
0.09515102300856774
0.09758039412764585
0.10005554665183135
0.10257687877963845
0.10514477965947988
0.10775962900310165
0.11042179669935537
0.11313164242931145
0.11588951528356217
0.11869575338247712
0.1215506835000378
0.12445462069171997
0.127407867926787
0.130410715725226
0.1334634417993871
0.136566310700288
0.13971957346840044
0.14292346728865735
0.1461782151492929
0.1494840255041442
0.15284109193802944
0.15624959283488893
0.15970969104851152
0.16322153357589606
0.1667852512335298
0.17040095833720298
0.17406875238618164
0.177788713752891
0.18156090537923572
0.1853853724807578
0.189262142259621
0.19319122362715865
0.19717260693648375
0.20120626372523673
0.2052921464684414
0.20943018834126803
0.21362030299142792
0.21786238432100694
0.22215630627765645
0.22650192265515035
0.23089906690346135
0.23534755194861537
0.2398471700226122
0.24439769250377447
0.24899886976781188
0.25365043104991114
0.2583520843180564
0.2631035161577331
0.26790439166804836
0.2727543543692854
0.27765302612177506
0.28260000705604515
0.2875948755139872
0.29263718800106875
0.2977264791493679
0.30286226169145297
0.3080440264450946
0.3132712423089104
0.3185433562690964
0.3238597934174296
0.329219956980844
0.3346232283628521
0.3400689671970644
0.34555651141318144
0.35108517731564154
0.3566542596752613
0.362263031833967
0.36791074582282224
0.37359663249350855
0.3793199016632314
0.3850797422730896
0.39087532255993995
0.39670579024153535
0.40257027271488033
0.4084678772675494
0.4143976913016724
0.4203587825702993
0.4263501994256996
0.43237097107920985
0.4384201078721981
0.444496601557729
0.45059942559253513
0.4567275354390114
0.46287986887696014
0.4690553463249216
0.4752528711709442
0.48147133011269505
0.4877095935067718
0.4939665157271213
0.5002409355324167
0.5065316764421461
0.5128375471214078
0.5191573417740709
0.5254898405444363
0.531833809927133
0.5381880031854801
0.5445511607783049
0.5509220107953946
0.5572992694017427
0.5636816412905282
0.5700678201446293
0.5764564891058567
0.582846321250479
0.589235980068761
0.595624119945624
0.6020093866393985
0.6083904177565863
0.6147658432223128
0.6211342857489058
0.6274943613066831
0.6338446796012818
0.6401838445603771
0.6465104548302977
0.652823104281295
0.6591203825193135
0.6654008754018943
0.6716631655559299
0.6779058328956935
0.6841274551395666
0.6903266083248736
0.6965018673203297
0.7026518063358277
0.7087749994296455
0.7148700210129538
0.7209354463515403
0.7269698520646567
0.7329718166208027
0.73893992083023
0.7448727483339604
0.7507688860890533
0.7566269248499103
0.7624454596454547
0.7682230902518353
0.7739584216607852
0.7796500645431378
0.7852966357077847
0.7908967585557365
0.796449063529403
0.8019521885570903
0.8074047794926147
0.8128054905501024
0.8181529847339186
0.82344593426366
0.8286830209942255
0.8338629368307094
0.8389843841381498
0.844046076145961
0.8490467373469543
0.8539851038907635
0.8588599239718647
0.8636699582116483
0.8684139800350176
0.8730907760411387
0.8776991463683914
0.8822379050535764
0.8867058803853154
0.8911019152517319
0.8954248674822504
0.8996736101838393
0.9038470320713999
0.9079440377926273
0.9119635482471846
0.9159045009003514
0.9197658500911728
0.9235465673351345
0.9272456416214253
0.930862079704829
0.9343949063923741
0.9378431648245966
0.9412059167516945
0.9444822428044937
0.9476712427602434
0.9507720358034168
0.9537837607813838
0.9567055764551495
0.9595366617451171
0.962276215971897
0.964923459092292
0.9674776319303205
0.969937996403618
0.9723038357449587
0.974574454719211
0.9767491798356556
0.9788273595557874
0.9808083644965458
0.9826915876291028
0.9844764444730267
0.9861623732857944
0.9877488352476672
0.9892353146416702
0.9906213190287823
0.9919063794181343
0.9930900504323136
0.994171910467634
0.9951515618494805
0.9960286309825572
0.9968027684962589
0.997473649384819
0.9980409731423966
0.9985044638929277
0.9988638705146395
0.9991189667591236
0.9992695513649004
0.9993154481651794
0.999256506189998
0.9990925997623067
0.9988236285880774
0.9984495178402752
0.9979702182364173
0.9973857061098815
0.9966959834744434
0.9959010780822413
0.9950010434746995
0.993995959026565
0.9928859299825495
0.9916710874866926
0.9903515886041543
0.9889276163352803
0.9873993796218443
0.9857671133451992
0.9840310783164096
0.9821915612579618
0.9802488747771427
0.9782033573308515
0.9760553731817663
0.9738053123457706
0.9714535905305164
0.969000649065041
0.9664469548204049
0.9637930001211065
0.961039302647444
0.9581864053285072
0.9552348762259092
0.9521853084081044
0.9490383198153594
0.9457945531152328
0.9424546755486825
0.939019378766767
0.9354893786579505
0.931865415166129
0.9281482520993459
0.9243386769293096
0.9204375005816104
0.9164455572167439
0.9123637040016258
0.908192820871645
0.9039338102829543
0.8995875969547666
0.8951551276015587
0.8906373706550011
0.8860353159757282
0.8813499745550205
0.8765823782068591
0.871733579250582
0.8668046501848754
0.8617966833535804
0.8567107906038345
0.8515481029371431
0.8463097701537753
0.840996960490989
0.835610860255168
0.8301526734483209
0.8246236213887986
0.819024942326387
0.8133578910516047
0.8076237384991186
0.8018237713450891
0.7959592915982828
0.7900316161849817
0.7840420765276536
0.7779920181176151
0.7718828000818573
0.7657157947445042
0.7594923871831313
0.7532139747803909
0.7468819667711548
0.740497783785341
0.7340628573865654
0.7275786296065047
0.7210465524751434
0.7144680875468277
0.7078447054223866
0.7011778852675814
0.694469114328467
0.6877198874442895
0.6809317065586611
0.6741060802299437
0.6672445231415771
0.6603485556132828
0.6534197031137486
0.6464594957755334
0.6394694679128259
0.6324511575424567
0.6254061059088603
0.6183358570133217
0.6112419571480123
0.6041259544351686
0.596989398371665
0.5898338393789713
0.5826608283583041
0.5754719162504233
0.5682686535991074
0.5610525901170378
0.5538252742525585
0.5465882527556075
0.5393430702411891
0.5320912687490753
0.5248343872986367
0.5175739614385285
0.5103115227910445
0.5030485985917748
0.4957867112251184
0.48852737775642874
0.4812721094614456
0.47402241135354245
0.46677978170883433
0.4595457115891791
0.45232168436286435
0.44510917522237164
0.43790965069892074
0.43072456817317617
0.42355537538172866
0.4164035099189865
0.40927039873433074
0.402157457624497
0.39506609072143806
0.38799768997602374
0.38095363463841503
0.3739352907357319
0.3669440105484457
0.3599811320864933
0.3530479785667414
0.34614585789316193
0.33927606214124195
0.3324398670481557
0.32563853150995836
0.31887329708697504
0.31214538751828896
0.3054560082459633
0.2988063459491935
0.2921975680882573
0.2856308224577254
0.2791072367478337
0.2726279181124595
0.2661939527415751
0.2598064054356148
0.25346631917833967
0.24717471470441194
0.24093259005708229
0.23474092013068595
0.22860065619200204
0.22251272537358296
0.21647803013143296
0.2104974476585361
0.20457182924468953
0.1987019995724339
0.19288875593777402
0.18713286738387044
0.18143507373513357
0.17579608451892115
0.17021657776185395
0.16469719864796173
0.15923855802585998
0.15384123075229902
0.14850575385869624
0.14323262452566943
0.13802229784739106
0.1328751843623167
0.12779164731893483
0.12277199963437377
0.11781650048939586
0.11292535148529652
0.10809869226591182
0.10333659548050131
0.09863906092952025
0.09400600869323693
0.08943727098980395
0.08493258244028988
0.0804915683268711
0.07611373030723322
0.07179842887883299
0.06754486164918676
0.06617767722789782
0.06623351354613594
0.06628013590557685
0.06631764654071216
0.06634615288107404
0.06636576788709825
0.06637661029185199
0.06637880479439628
0.06637248224577692
0.06635777986262834
0.06633484149712938
0.06630381798633436
0.0662648675992328
0.06621815659687257
0.06621812003208771
0.06624029785024647
0.06625116164043468
0.06625096981452513
0.06624002821906612
0.06621869184573169
0.06618736584898605
0.06614650575148978
0.06609661673067976
0.06603825189951955
0.06597200952044
0.0658985291203656
0.06581848650068935
0.06573258764690193
0.06564156152534625
0.06554615168867954
0.06544710648310136
0.06534516744745718
0.06524105522111895
0.06513545195525364
0.06502897889382596
0.06492216752350911
0.06481542257342994
0.06470897529273789
0.06460282599407645
0.0644966760196404
0.06438985130983878
0.06428122291300171
0.06416913426880959
0.0640513507675864
0.06392505280838352
0.06378689645334887
0.06363316087561527
0.06345998423416994
0.06326366005577928
0.06304093633516239
0.06278924873654182
0.06250683926847808
0.06219275326734196
0.061846745856186366
0.06146914515799558
0.06106071273123387
0.06062252413705734
0.060155876463472945
0.05966222038565318
0.05914311136350789
0.05860017507864566
0.05803508380357071
0.0578047929550603
0.059344924329213386
0.060917670219571486
0.06252341160044693
0.06416253293684382
0.06583542158252521
0.06754246720468235
0.06928406125260142
0.07106059647589279
0.07287246648963289
0.07472006537880115
0.07660378733195522
0.07852402629359641
0.08048117562556238
0.08247562776940563
0.08450777390378972
0.08657800359300438
0.08868670442469952
0.09083426163656648
0.09302105773294084
0.09524747209327442
0.09751388057478128
0.0998206551117854
0.10216816331398546
0.10455676806564866
0.10698682712708388
0.10945869273939719
0.11197271123296669
0.11452922263981158
0.11712856030982209
0.11977105053068929
0.12245701215153977
0.12518675621031747
0.1279605855652355
0.13077879453075375
0.13364166851877465
0.1365494836858177
0.1395025065870589
0.14250099383804665
0.14554519178493236
0.14863533618385416
0.15177165189005845
0.1549543525570804
0.15818364034621352
0.16145970564622059
0.16478272680310738
0.16815286985949218
0.17157028830295748
0.17503512282252692
0.1785475010721153
0.18210753743962976
0.1857153328202096
0.18937097439179865
0.1930745353912835
0.196826074889242
0.20062563756154675
0.2044732534561705
0.20836893775382717
0.2123126905215294
0.21630449645839397
0.22034432463361936
0.22443212821677633
0.22856784420098344
0.23275139311972234
0.23698267875826914
0.24126158786094984
0.24558798983573246
0.24996173645787648
0.25438266157505646
0.2588505808166751
0.26336529131094794
0.2679265714136757
0.2725341804531708
0.2771878584956636
0.2818873261352746
0.286632284311619
0.2914224141567124
0.29625737687110054
0.3011368136273284
0.3060603454971203
0.31102757339740755
0.31603807805001594
0.3210914199497993
0.3261871393370748
0.3313247561714814
0.33650377010598015
0.3417236604613397
0.34698388620276216
0.35228388592154036
0.3576230778252747
0.3630008597404936
0.3684166091316769
0.37386968314015967
0.3793594186459163
0.3848851323543118
0.3904461209090141
0.39604166103121835
0.4016710096842557
0.4073334042618883
0.4130280627974996
0.4187541841911082
0.4245109484503809
0.43029751694184637
0.4361130326484561
0.44195662043000805
0.44782738728340293
0.4537244226004318
0.45964679842149403
0.4655935696845734
0.4715637744694892
0.47755643423808536
0.4835705540716389
0.48960512290706715
0.4956591137735443
0.5017314840314053
0.5078211756148441
0.5139271152798036
0.5200482148581874
0.526183371519245
0.5323314680386569
0.5384913730759187
0.5446619414601036
0.550842014484444
0.5570304202099384
0.5632259737782744
0.5694274777344365
0.5756337223593704
0.5818434860130913
0.5880555354884831
0.5942686263759707
0.6004815034390578
0.606692901000556
0.6129015433389609
0.6191061450946014
0.6253054116846899
0.6314980397266091
0.637682717468911
0.6438581252291306
0.6500229358382484
0.6561758150912727
0.6623154222038204
0.6684404102742463
0.6745494267512381
0.6806411139063956
0.6867141093113435
0.6927670463188526
0.698798554547394
0.7048072603683881
0.7107917873956389
0.7167507569763739
0.7226827886835442
0.7285865008086976
0.7344605108554698
0.7403034360330225
0.7461138937493369
0.7518905021038361
0.757631880379158
0.7633366495315673
0.7690034326798874
0.7746308555925118
0.7802175471724287
0.7857621399400672
0.7912632705139527
0.7967195800891382
0.8021297149133211
0.8074923267606331
0.8128060734031695
0.8180696190799139
0.8232816349630646
0.8284407996215312
0.8335457994813021
0.8385953292824081
0.8435880925322682
0.8485228019549637
0.8533981799362018
0.8582129589636893
0.8629658820625551
0.8676557032256542
0.872281187838443
0.8768411130983134
0.881334268428136
0.8857594558839283
0.8901154905565045
0.8944012009670019
0.8986154294562064
0.9027570325675618
0.9068248814238764
0.9108178620975474
0.9147348759744511
0.9185748401111639
0.9223366875859007
0.9260193678429076
0.9296218470302402
0.9331431083312728
0.9365821522896419
0.9399379971279198
0.9432096790596939
0.9463962525956213
0.9494967908428039
0.952510385798104
0.9554361486349435
0.958273209983899
0.9610207202067642
0.9636778496643064
0.9662437889775035
0.9687177492823014
0.9710989624777897
0.9733866814677666
0.9755801803956728
0.9776787548729327
0.9796817222005156
0.9815884215838666
0.9833982143412248
0.985110484105225
0.9867246370179634
0.9882401019194942
0.9896563305297859
0.9909727976242724
0.9921890012029219
0.9933044626529397
0.9943187269052146
0.9952313625842666
0.9960419621520678
0.9967501420454544
0.9973555428073207
0.9978578292114384
0.9982566903810391
0.9985518399010257
0.9987430159238727
0.9988299812691875
0.9988125235169872
0.9986904550946574
0.9984636133577126
0.9981318606643307
0.9976950844437135
0.9971531972582719
0.996506136859698
0.9957538662388188
0.9948963736693003
0.9939336727451442
0.992865802412008
0.9916928269923558
0.9904148362044345
0.9890319451751408
0.9875442944467777
0.9859520499777688
0.984255403137251
0.9824545706936472
0.980549794797119
0.9785413429558579
0.9764295080062027
0.9742146080764119
0.9718969865440384
0.9694770119868187
0.9669550781267909
0.9643316037676501
0.9616070327251058
0.9587818337500624
0.9558565004443719
0.9528315511690373
0.9497075289446604
0.9464850013438723
0.9431645603756074
0.9397468223610164
0.9362324278009646
0.9326220412349195
0.9289163510912598
0.9251160695288727
0.9212219322701873
0.917234698425586
0.9131551503092569
0.9089840932466678
0.9047223553736674
0.9003707874273488
0.8959302625288497
0.8914016759581853
0.8867859449212379
0.8820840083090996
0.8772968264498667
0.8724253808529467
0.8674706739461503
0.8624337288054855
0.8573155888777544
0.8521173176959822
0.8468399985877907
0.8414847343763708
0.8360526470743321
0.8305448775700813
0.8249625853066436
0.8193069479528962
0.8135791610669246
0.8077804377514382
0.8019120083011505
0.7959751198419814
0.7899710359621858
0.7839010363354991
0.7777664163363235
0.7715684866473844
0.7653085728601597
0.7589880150684031
0.7526081674553764
0.7461703978751852
0.7396760874287684
0.7331266300350593
0.726523431997787
0.719867911568357
0.7131614985052118
0.7064056336301199
0.6996017683816285
0.6927513643660311
0.6858558929063324
0.6789168345893143
0.6719356788112287
0.6649139233225598
0.6578530737721283
0.6507546432512832
0.6436201518385147
0.6364511261452
0.6292490988631234
0.6220156083142477
0.6147521980036328
0.6074604161757946
0.6001418153754389
0.5927979520129268
0.585430385934985
0.5780406800013335
0.5706303996674799
0.5632011125741685
0.5557543881438569
0.5482917971845686
0.5408149115013492
0.5333253035157165
0.5258245458932802
0.5183142111797849
0.5107958714457898
0.5032710979402069
0.4957414607529017
0.48820852848666496
0.4806738679388734
0.47313904379338273
0.46560561832325525
0.45807515110525104
0.45054919874709487
0.44302931462898076
0.43551704866081564
0.42801394705687296
0.42052155212991027
0.41304140210644347
0.40557503096513314
0.3981239682999892
0.3906897392100051
0.38327386421664156
0.37587785921046246
0.36850323542823243
0.3611514994616472
0.3538241532988922
0.3465226944003465
0.3392486158096614
0.3320034063012873
0.32478855056566175
0.31760552943268167
0.3104558201341967
0.3033408966056731
0.29626222982733685
0.2892212882046885
0.2822195379887505
0.27525844373655795
0.2683394688130483
0.26146407593635246
0.25463372776950405
0.24784988756261297
0.24111401985085792
0.2344275912148375
0.22779207111104507
0.22120893278128023
0.21467965425083266
0.2082057194259989
0.2017886193017941
0.1954298532906073
0.18913093068143935
0.18289337223690738
0.1767187119307791
0.17060849882109969
0.16628316990263228
0.16808416342854077
0.16986120023177675
0.17161200297827706
0.17333426330346716
0.17502565047415475
0.1766838212013993
0.17830643059413168
0.1798911442192936
0.18143565120730326
0.18293767831061097
0.18439500478900245
0.18580547795807673
0.18716702919772327
0.18847769017754792
0.1897356090169595
0.19093906606186656
0.1920864889299636
0.19317646645415446
0.19420776114165625
0.19517931976637085
0.19609028172645093
0.19693998483017736
0.1977279682237949
0.19845397224861144
0.1991179351126936
0.19971998638710758
0.20026043748367034
0.2007397694325267
0.20115861843628716
0.20151775981271391
0.2018180910220448
0.20206061448781648
0.20224642084953207
0.20237667313713625
0.20245259215646821
0.20247544316130167
0.20244652370455635
0.20236715244733045
0.20223865867700738
0.20206237234169644
0.20183961452259044
0.20157168840121215
0.2012598708963825
0.20090540521643613
0.20050949458254327
0.20007329733220783
0.19959792352531874
0.19908443307124984
0.19853383529688332
0.19794708979805345
0.19732510836857517
0.19666875778107923
0.1959788631983201
0.19525621201347898
0.19450155794647556
0.19371562525435285
0.1928991129423584
0.19205269888674964
0.19117704379920925
0.19027279497594446
0.18934058978236123
0.1883810588276608
0.18739482878334773
0.1863825247972573
0.18534477245087927
0.184282199205027
0.18319543527852028
0.18208511390808121
0.18095187094780812
0.17979634378313686
0.17861916955871462
0.17742098275084675
0.17620241215120616
0.17496407736634245
0.17370658497379574
0.17243052450624638
0.17113646445892847
0.1698249485304272
0.1684964923152642
0.16715158066964036
0.16579066597218228
0.16441416750022686
0.1630224721378527
0.16161593661895374
0.16019489147825516
0.15875964682040417
0.15731049990537566
0.15584774436961285
0.15437168064576098
0.15288262681924525
0.15138092881054366
0.14986696848960798
0.1483411682468872
0.14680399080623335
0.14525593374542928
0.14369751922343382
0.14212928054796342
0.14055174808036672
0.13896543723124957
0.1373708408308146
0.13576842712528403
0.13415864341817224
0.13254192431380207
0.13091870285938026
0.12928942266377672
0.12765454921201652
0.12601457896922
0.12437004536528802
0.12272152128645267
0.12106961820385427
0.11941498248397513
0.11775828970586887
0.11818409765756048
0.1208367226039985
0.1235235673382562
0.12624736157203562
0.12900972597903176
0.13181171457604357
0.134654066571846
0.13753733423444484
0.14046195242532747
0.14342827850648224
0.14643661624040508
0.1494872305894321
0.15258035711590695
0.15571620806269892
0.1588949763307004
0.16211683809066804
0.1653819544902341
0.1686904727519032
0.17204252685656912
0.17543823794340255
0.1788777145161442
0.18236105251929693
0.18588833533029733
0.18945963370222846
0.1930750056837923
0.19673449653769384
0.2004381386744011
0.20418595161466274
0.20797794199060943
0.2118141035917407
0.2156944174579678
0.21961885201753603
0.22358736326296086
0.22759989495325605
0.23165637882640214
0.23575673480220252
0.23990087115341213
0.2440886846224802
0.24832006046288943
0.2525948723880417
0.25691298241665445
0.26127424061120047
0.26567848471436656
0.27012553969636377
0.27461521723294663
0.2791473151386623
0.28372161678209085
0.28833789050932657
0.29299588909919255
0.2976953492687677
0.3024359912420605
0.3072175183884773
0.3120396169318622
0.31690195572625546
0.32180418609089256
0.3267459416949206
0.33172683848182466
0.33674647462371177
0.3418044304971199
0.3469002686734644
0.3520335339193297
0.35720375320320824
0.36241043570691767
0.3676530728409173
0.3729311382633545
0.3782440879031224
0.38359135998731253
0.3889723750733148
0.39438653608576096
0.39983322835818624
0.4053118196789705
0.4108216603411347
0.4163620831948727
0.42193240370189955
0.4275319199903473
0.4331599129089309
0.4388156460791023
0.444498365944215
0.4502073018148216
0.45594166590975727
0.4617006533930795
0.46748344240737766
0.4732891941046292
0.47911705267610527
0.48496614538347155
0.49083558259336646
0.49672445781815405
0.5026318477656962
0.5085568124009662
0.5144983950224311
0.5204556223557741
0.5264275046676443
0.5324130359014835
0.5384111938375161
0.5444209402783667
0.5504412212616789
0.5564709673006542
0.5625090936531846
0.5685545006200522
0.57460607387236
0.5806626848080307
0.5867231909369537
0.5927864362938602
0.5988512518774513
0.6049164561137393
0.610980855340974
0.6170432443126884
0.6231024067152574
0.6291571156954817
0.6352061343941847
0.6412482164814571
0.6472821066899151
0.6533065413426189
0.659320248873612
0.6653219503391524
0.6713103599192238
0.6772841854090105
0.6832421287008893
0.6891828862575053
0.695105149576791
0.7010076056494196
0.7068889374093394
0.7127478241775775
0.7185829420996165
0.7243929645764045
0.7301765626891756
0.7359324056185323
0.7416591610582676
0.7473554956247563
0.753020075262856
0.7586515656494799
0.764248632596093
0.7698099424512866
0.7753341625044642
0.7808199613916311
0.7862660095040986
0.7916709794004358
0.7970335462221598
0.8023523881132004
0.8076261866430932
0.8128536272337841
0.8180333995898408
0.8231641981315836
0.8282447224310436
0.8332736776501538
0.8382497749809897
0.8431717320875489
0.8480382735488287
0.8528481313026786
0.8576000450901268
0.8622927628997337
0.8669250414115055
0.8714956464398854
0.876003353375404
0.8804469476243936
0.8848252250463755
0.8891369923885246
0.8933810677167681
0.8975562808431196
0.9016614737486665
0.9056955010019115
0.9096572301719961
0.9135455422365236
0.9173593319835159
0.921097508407447
0.924758995098868
0.9283427306277433
0.9318476689200013
0.9352727796275802
0.9386170484916382
0.9418794776989723
0.9450590862316418
0.9481549102097389
0.9511660032273284
0.9540914366814671
0.9569303000943593
0.9596817014285388
0.9623447673951366
0.9649186437551196
0.9674024956135031
0.9697955077064501
0.9720968846813108
0.97430585136948
0.9764216530520163
0.9784435557181386
0.980370846316342
0.982202832998326
0.9839388453555138
0.9855782346483968
0.9871203740283657
0.9885646587523473
0.9899105063900282
0.9911573570237743
0.9923046734412819
0.9933519413208752
0.9942986694096178
0.9951443896941661
0.9958886575644799
0.9965310519703852
0.9970711755710359
0.9975086548774019
0.9978431403876494
0.9980743067157049
0.9982018527127758
0.9982255015820867
0.9981450009865609
0.9979601231497768
0.9976706649498449
0.9972764480063092
0.9967773187600246
0.9961731485457412
0.9954638336574824
0.9946492954063815
0.9937294801709791
0.9927043594398691
0.9915739298464931
0.9903382131963829
0.9889972564865144
0.9875511319175219
0.9859999368986062
0.9843437940459658
0.9825828511748885
0.9807172812862458
0.978747282547534
0.9766730782686801
0.9744949168726882
0.9722130718606197
0.9698278417707953
0.9673395501315518
0.964748545407133
0.9620552009366858
0.959259914866012
0.9563631100724489
0.9533652340830485
0.9502667589865961
0.9470681813395844
0.9437700220666757
0.9403728263556024
0.9368771635466099
0.933283627016306
0.9295928340556695
0.925805425742153
0.9219220668054408
0.9179434454867327
0.9138702733913963
0.9097032853347764
0.905443239180946
0.9010909156745605
0.8966471182653503
0.8921126729254636
0.8874884279594952
0.8827752538070461
0.8779740428378372
0.8730857091392406
0.8681111882961439
0.8630514371630138
0.8579074336281491
0.8526801763699173
0.8473706846049885
0.8419799978284154
0.8365091755455092
0.8309592969955262
0.8253314608670111
0.8196267850049307
0.8138464061095239
0.8079914794269715
0.8020631784318503
0.7960626945017105
0.7899912365835469
0.7838500308526585
0.7776403203638089
0.7713633646951198
0.7650204395847419
0.7586128365607738
0.7521418625646213
0.7456088395682658
0.7390151041858222
0.732362007279908
0.7256509135633512
0.7188832011966961
0.7120602613822262
0.7051834979551187
0.6982543269721124
0.691274176298686
0.6842444851949195
0.6771667039008914
0.670042293222098
0.6628727241153664
0.6556594772759611
0.6484040427264368
0.6411079194079832
0.6337726147750353
0.6263996443942591
0.6189905315488873
0.6115468068499132
0.6040700078556671
0.5965616787014737
0.589023369741398
0.5814566372040663
0.5738630428647814
0.5662441537360333
0.5586015417785382
0.5509367836351168
0.5432514603890376
0.5355471573490485
0.527825463862523
0.5200879731585176
0.5123362822219847
0.5045719917007006
0.4967967058461494
0.48901203248977204
0.4812195830560859
0.4734209726144011
0.465617819970996
0.45781174780410083
0.4500043828442212
0.44219735610293903
0.4343923031535982
0.4265908644677522
0.41879468581185125
0.4110054187089654
0.40322472097077666
0.39545425730575295
0.3876957000096597
0.3799507297452452
0.37222103641816284
0.36450832015700785
0.35681429240541584
0.3491406771348464
0.3414892121867893
0.33386165075356405
0.32625976300687215
0.31868533788337994
0.3111401850363733
0.30362613696251345
0.2961450513121291
0.28869881339108233
0.28128933886182983
0.2739185766504328
0.2665885120660292
0.25930117013850046
0.25205861918018785
0.2448629745773264
0.23771640281810089
0.2364795705552234
0.23823855985211412
0.23999317472616477
0.24174357930674972
0.2434898572149478
0.24523200134505682
0.24696990520077
0.2487033559108666
0.2504320289367205
0.2521554843681172
0.2538731645959946
0.25558439306597663
0.2572883737697413
0.2589841911409728
0.2606708100977668
0.2623470761157188
0.2640117154068914
0.2656633354826504
0.26730042653846725
0.2689213641611495
0.2705244137857713
0.27210773712216624
0.27366940047530564
0.27520738458134175
0.2768179086050807
0.27843315803990637
0.28002059241695604
0.28157732972973337
0.2831004482202031
0.28458700230517336
0.28603403836141494
0.2874386101988604
0.28879779429282015
0.2901087050258555
0.29136851029233074
0.2925744478448771
0.2937238427216176
0.29481412599610635
0.29584285494605794
0.29680773454655307
0.29770663996467056
0.298537639474214
0.2992990169415479
0.2999892927872114
0.3006072421459078
0.30115190887871474
0.301622614180483
0.3020189588000397
0.3023408183434336
0.3025883317140038
0.30276188336856724
0.30286208062721903
0.30288972766057626
0.3028457979263041
0.3027314067258465
0.3025477852512062
0.30229625707539926
0.30197821760572136
0.30159511664283467
0.30114844391499607
0.30063971729485295
0.3000704733383764
0.299442259784667
0.2987566296906725
0.29801513692378356
0.297219332783368
0.29637076356203784
0.2954709688883752
0.29452148071635703
0.29352382284596823
0.2924795108777085
0.2913900525220433
0.29025694820501036
0.2890816919322205
0.2878657723943617
0.2866106743168456
0.28531788007177494
0.283988871581251
0.28262513254455013
0.28122815101799364
0.2797994223638981
0.2783404525647072
0.27685276187057406
0.27533788871582576
0.27379739380344886
0.2722328642207086
0.27064591741685784
0.26903820484827257
0.2674114150806093
0.265767276132289
0.2641075568483044
0.2624340671049085
0.26074865665834307
0.25905321245787377
0.25734965423635797
0.2556399281631144
0.2539259982887105
0.25220983542863185
0.2504934030264962
0.24877863942164002
0.24706743584194873
0.24536160938569818
0.24366287029181313
0.24197278298543057
0.2402927207907114
0.2386238148904582
0.23696689912649435
0.23532245357322895
0.23369055139256062
0.23207081508139585
0.2304623894996653
0.2288639395314087
0.22727367935357226
0.2256894376557764
0.22410875871327768
0.22252903347606012
0.22094764894815616
0.2193621396618946
0.21777032348731112
0.21617040612657112
0.21456104405370185
0.21294136290720508
0.2113109354299277
0.2096697282324938
0.2080180290419646
0.20635636579703687
0.20468542679924806
0.20300598819824967
0.20131885227861376
0.1996247978441248
0.19792454260521739
0.19621871675157632
0.19450784661358642
0.1927923472664675
0.19107252295328553
0.18934857421931586
0.1876206106372006
0.18588866797668407
0.18415272865929888
0.1824127443612175
0.18066865969835694
0.17892043604674762
0.1771680747072006
0.17748990050441113
0.18063706449615916
0.18392290425139776
0.18730402761552362
0.1907584079948649
0.1942743578044767
0.19784528895653192
0.20146726247522057
0.2051377947666728
0.20885524365586763
0.21261847519996813
0.21642667380421873
0.22027922920498483
0.22417566658552962
0.22811560188767482
0.23209871237615104
0.23612471673299687
0.24019336127619956
0.2443044102137692
0.24845763861706174
0.2526528272638731
0.25688975879057724
0.2611682147758378
0.2654879734969947
0.26984880817829
0.2742504856026188
0.27869276499424406
0.283175397104806
0.2876981234524399
0.2922606756767224
0.296862774981493
0.30150413164480133
0.3061844445807268
0.3109034009422069
0.31566067575725415
0.32045593159359104
0.32528881824837935
0.3301589724612395
0.3350660176490733
0.3400095636620752
0.3449892065598347
0.3500045284065918
0.3550550970845226
0.3601404661234755
0.3652601745457328
0.37041374672394595
0.3756006922508408
0.3808205058191279
0.3860726671103315
0.39135664069178167
0.39667187592091385
0.4020178068569194
0.40739385217967455
0.412799415116423
0.41823388337694806
0.4236966290981133
0.42918700879868255
0.4347043633455009
0.44024801793181356
0.44581728206834564
0.45141144958756385
0.4570297986610891
0.4626715918300787
0.4683360760478402
0.47402248273398667
0.4797300278392391
0.485457911919562
0.4912053202188461
0.49697142275907785
0.5027553744370732
0.5085563151272154
0.514373369789612
0.5202056485833062
0.5260522469844854
0.5319122459096138
0.5377847118436901
0.5436686969739164
0.5495632393290902
0.5554673629254906
0.5613800779196014
0.5673003807685792
0.5732272543992352
0.5791596683862468
0.5850965791407384
0.5910369301097756
0.5969796519878888
0.6029236629411969
0.6088678688449332
0.6148111635348117
0.6207524290726966
0.6266905360268409
0.6326243437667171
0.6385527007725048
0.6444744449589163
0.6503884040130632
0.6562933957458891
0.6621882284565581
0.6680717013092099
0.6739426047212168
0.6797997207622418
0.685641823563375
0.6914676797354011
0.6972760487955738
0.70306568360211
0.7088353307956237
0.7145837312468751
0.7203096205099995
0.7260117292803822
0.7316887838563414
0.7373395066036371
0.742962616421672
0.7485568292104767
0.7541208583373376
0.7596534151022032
0.7651532092011573
0.7706189491874094
0.776049342929757
0.7814430980681999
0.7867989224673172
0.7921155246672903
0.79739161433324
0.8026259027027961
0.8078171030321586
0.8129639310404527
0.818065105352194
0.8231193479373402
0.8281253845486861
0.8330819451561235
0.8379877643774464
0.8428415819056719
0.8476421429329898
0.852388198571413
0.8570785062706953
0.8617118302340324
0.8662869418319016
0.8708026200146713
0.8752576517242509
0.8796508323049899
0.8839809659139201
0.888246865930087
0.8924473553628962
0.8965812672588376
0.9006474451063595
0.9046447432384881
0.9085720272326242
0.9124281743073787
0.9162120737162172
0.9199226271376029
0.9235587490616161
0.9271193671730517
0.9306034227307701
0.9340098709433243
0.9373376813407465
0.9405858381422351
0.9437533406197541
0.946839203457072
0.9498424571042167
0.9527621481268125
0.9555973395503923
0.9583471111989696
0.9610105600280355
0.9635868004515455
0.9660749646628415
0.968474202949289
0.9707836840005679
0.9730025952105767
0.9751301429728365
0.9771655529692628
0.9791080704524593
0.9809569605212096
0.9827115083892877
0.9843710196474011
0.985934820518302
0.9874022581047681
0.9887727006306029
0.9900455376744575
0.9912201803962795
0.9922960617565562
0.993272636728131
0.9941493825005386
0.9949257986768931
0.9956014074633286
0.9961757538508716
0.9966484057899122
0.9970189543571757
0.9972870139153233
0.9974522222651453
0.9975142407904725
0.9974727545958121
0.9973274726368213
0.9970781278435591
0.9967244772367511
0.9962663020369095
0.9957034077664971
0.9950356243450984
0.9942628061775461
0.9933848322351341
0.9924016061295945
0.9913130561800779
0.9901191354727026
0.9888198219126368
0.9874151182684432
0.985905052208317
0.9842896763280801
0.9825690681705094
0.9807433302359064
0.9788125899837846
0.9767769998258597
0.9746367371106943
0.9723920041005167
0.9700430279410825
0.9675900606253002
0.9650333789515632
0.9623732844774664
0.9596101034693488
0.9567441868480415
0.9537759101308665
0.9507056733696985
0.947533901084943
0.9442610421951995
0.9408875699422363
0.9374139818110245
0.9338407994447244
0.9301685685544241
0.9263978588233751
0.9225292638058677
0.9185634008205573
0.9145009108380399
0.9103424583627647
0.9060887313088883
0.9017404408701766
0.8972983213833599
0.8927631301850744
0.8881356474619975
0.8834166760939494
0.878607041490009
0.8737075914170924
0.8687191958214047
0.8636427466422283
0.8584791576182287
0.8532293640861814
0.8478943227720226
0.8424750115742714
0.8369724293397954
0.8313875956318698
0.8257215504905786
0.8199753541854754
0.8141500869607501
0.8082468487726892
0.8022667590197998
0.7962109562654901
0.7900805979538178
0.7838768601182193
0.7776009370838521
0.7712540411637925
0.7648374023495804
0.7583522679968565
0.7517999025064964
0.7451815870023215
0.7384986190060089
0.7317523121103033
0.7249439956515954
0.7180750143829674
0.7111467281491309
0.7041605115642481
0.697117753694494
0.6900198577464036
0.6828682407627238
0.6756643333272238
0.6684095792800081
0.6611054354448823
0.653753371370256
0.6463548690853512
0.638911422872944
0.6314245390606354
0.6238957358318731
0.6163265430588157
0.6087185021584082
0.6010731659739196
0.5933920986834583
0.5856768757380031
0.577929083830724
0.5701503209003534
0.5623421961707674
0.5545063302296073
0.5466443551488807
0.5387579146502717
0.5308486643188544
0.5229182718684556
0.5149684174627845
0.5070007940964791
0.4990171080409088
0.49101907935968425
0.4830084424996527
0.47498694696306276
0.4669563580671976
0.45891845779746304
0.4508750457600468
0.44282794023917255
0.4347789793633324
0.42673002238271585
0.4186829510578797
0.4106396711557897
0.40260211404486695
0.3945722383736146
0.3865520318085901
0.37854351279488757
0.37054873228507534
0.3625697753583403
0.3546087626177315
0.3466678512044011
0.33874923519728406
0.3308551450622946
0.32665132974132005
0.32821788828830867
0.3297382610063741
0.3312145767968251
0.3326491026367283
0.3340442793009654
0.33540273840953827
0.33687574493508005
0.33834733000984824
0.3397903615292742
0.3412044538035919
0.34258951321810155
0.34394583146085406
0.34527415831853536
0.34657574072521036
0.34785232141734745
0.3491060983182833
0.3503396523798498
0.35155585548690715
0.35275777072586956
0.35394855539864706
0.3551313737840815
0.3563093230280114
0.3574853725636296
0.35866231553083566
0.3598427297728787
0.36102894589873785
0.36222302029884906
0.36342671161528406
0.36464145980080614
0.3658683674413515
0.3671081834128912
0.3683612891869173
0.3696276882051488
0.37090699874140887
0.37219845059180273
0.37350088581926894
0.37481276365741734
0.3761321695784981
0.37745682846763046
0.37878412182619275
0.3801111089436661
0.38143455201136806
0.38275094517543584
0.3840565475087155
0.3853474197918361
0.3866194648101946
0.3878684705900655
0.38909015562734933
0.3902802147467013
0.39143436382993674
0.3925483813516809
0.39361814454103644
0.39463965812040325
0.3956090739919809
0.39652270093498787
0.3973770042742095
0.3981685964692912
0.3988942205135586
0.3995507287837951
0.4001350604382909
0.40064422055867677
0.4010752639648375
0.4014252860444219
0.40169142210828235
0.40187085580976145
0.4019608361583043
0.40213163117035705
0.40231646142938027
0.4024213546614591
0.4024430261343366
0.40237840654078705
0.40222469584402065
0.4019794086234866
0.4016404090216025
0.4012059343335699
0.4006746072616086
0.4000454377295327
0.39931781580032094
0.39849149758687513
0.397566586092066
0.39654350871863053
0.39542299284965443
0.39420604051699926
0.3928939028274473
0.39148805454812363
0.3899901690751753
0.388402093909091
0.3867258267132982
0.384963492015967
0.38311731861099885
0.38118961771452076
0.3791827619357113
0.3770991651278997
0.37498069418843416
0.37286865475731035
0.3706928518917843
0.36845616555022154
0.3661614627457227
0.36381158509378553
0.3614093378187805
0.358957480223297
0.3564587176007424
0.3539156945483395
0.3513309896180714
0.3487071112282746
0.3460464947505988
0.343351500686067
0.3406244138500095
0.33786744349644204
0.33508272432579983
0.3322723183322035
0.32943821745324786
0.32658234698477007
0.323706569710936
0.32081269067658413
0.3179024624943712
0.3149775910364402
0.3120397413138438
0.3090905433015523
0.3061315974294748
0.30316447943516617
0.30207686710780446
0.30100052377202036
0.2999101098518853
0.2988070105977295
0.2976927195356871
0.2965688218280153
0.2954369693151044
0.2942988465122942
0.29315612729831747
0.2920104227213949
0.29086322125769215
0.28971582393753365
0.2885692778965796
0.28742431294499177
0.28666948425386624
0.28604460642907586
0.2853809061364719
0.2846780155981352
0.2839355967924904
0.28315333697917755
0.28233094388020924
0.2814681410346553
0.2805646638646854
0.2796202569251865
0.2786346726667934
0.27760767185084056
0.2765390255462888
0.2754285184471877
0.27427595309694947
0.27308115450484033
0.2718439745890006
0.27056429586705566
0.2692420338200935
0.2678771373524696
0.266469586722919
0.26501938818358184
0.263526564251553
0.26199113790998435
0.2604131078120066
0.25879240916213825
0.25712885010788006
0.25542200323493014
0.25367100875074766
0.25187419013399664
0.2500282340754951
0.24812623673116782
0.24615231183987693
0.244063086683225
0.2416931357300164
0.23797881666654525
0.24090154737646902
0.24387994220876372
0.24735293419235022
0.2512070698849164
0.2552612789924195
0.2594232408144629
0.26365539509409935
0.26794196890604155
0.2722756792720644
0.27665280266980646
0.28107123849223237
0.28552968332822865
0.29002725008634045
0.29456327971323265
0.29913724238535044
0.30374868290703927
0.3083971891481405
0.313082373059818
0.3178038588418769
0.3225612753250917
0.3273542509189642
0.3321824101673015
0.3370453713394484
0.3419427447056597
0.346874131275798
0.3518391218592569
0.3568372963524644
0.36186822319116946
0.3669314589240372
0.37202654787715317
0.3771530218871407
0.38231040008659345
0.38749818872928327
0.39271588104583455
0.3979629571219798
0.4032388837941614
0.4085431145576145
0.41387508948396795
0.41923423514611385
0.42461996454879253
0.43003167706444717
0.4354687583741666
0.4409305804141381
0.4464165013281805
0.4519258654272883
0.4574580031568288
0.4630122310722647
0.4685878518237985
0.47418415415041615
0.47980041288320874
0.4854358889580773
0.4910898294373225
0.4967614675398106
0.5024500226790838
0.5081547005090651
0.5138746929766738
0.5196091783812036
0.5253573214400077
0.5311182733604602
0.5368911719182319
0.5426751415419255
0.5484692934044056
0.5542727255211805
0.5600845228561508
0.5659037574353873
0.571729488469155
0.5775607624829293
0.5833966134577441
0.5892360629803237
0.5950781204034002
0.6009217830167009
0.6067660362286333
0.6126098537591667
0.6184521978438966
0.6242920194492533
0.630128258499021
0.6359598441117215
0.6417856948488273
0.6476047189731393
0.6534158147169853
0.6592178705596189
0.6650097655130336
0.6707903694156522
0.6765585432331214
0.6823131393656553
0.688053001961422
0.6937769672357915
0.6994838637962237
0.7051725129731388
0.7108417291570315
0.7164903201425789
0.7221170874803168
0.7277208268366466
0.7333003283628952
0.7388543770733452
0.7443817532326746
0.7498812327518644
0.7553515875919802
0.7607915861745016
0.7661999937970128
0.7715755730530544
0.7769170842552604
0.7822232858612737
0.7874929349025821
0.7927247874165114
0.7979175988821002
0.8030701246606753
0.8081811204416203
0.813249342693701
0.8182735491219889
0.8232524991295386
0.8281849542829066
0.8330696787795747
0.8379054399153085
0.8426910085486929
0.8474251595600923
0.8521066723022139
0.8567343310396205
0.8613069253749589
0.8658232506604775
0.8702821083941797
0.8746823066008892
0.879022660199835
0.883301991360791
0.8875191298519562
0.8916729133830428
0.8957621879472327
0.8997858081655757
0.9037426376368265
0.9076315492952356
0.9114514257777936
0.9152011598016536
0.9188796545513573
0.9224858240749486
0.9260185936870919
0.9294769003771846
0.9328596932199215
0.9361659337859919
0.9393945965508147
0.9425446692992057
0.9456151535247448
0.9486050648226113
0.9515134332751567
0.9543393038297927
0.9570817366688856
0.9597398075716657
0.9623126082680096
0.9647992467843597
0.9671988477817528
0.9695105528861234
0.9717335210111079
0.9738669286734303
0.9759099703010938
0.9778618585344019
0.9797218245201845
0.981489118199003
0.9831630085856696
0.9847427840430799
0.986227752549257
0.9876172419578643
0.9889106002519376
0.9901071957910289
0.9912064175516073
0.9922076753607594
0.9931104001230755
0.9939140440408698
0.9946180808274873
0.9952220059137925
0.9957253366478589
0.9961276124877958
0.9964283951876917
0.996627268976803
0.9967238407318922
0.9967177401428986
0.9966086198717639
0.9963961557047674
0.9960800466980575
0.9956600153166744
0.9951358075668901
0.9945071931218299
0.9937739654403769
0.9929359418790838
0.9919929637969556
0.9909448966527895
0.9897916300947365
0.9885330780417015
0.9871691787561945
0.9856998949081132
0.9841252136291662
0.9824451465575468
0.9806597298726135
0.9787690243196436
0.9767731152247757
0.9746721125004283
0.9724661506421476
0.9701553887176112
0.9677400103489848
0.965220223689885
0.9625962613983879
0.9598683806068896
0.9570368628899293
0.9541020142303034
0.9510641649833192
0.9479236698387592
0.9446809077796445
0.9413362820367054
0.9378902200377214
0.93434317335065
0.9306956176203047
0.9269480524981326
0.9231010015653078
0.9191550122491732
0.9151106557330518
0.9109685268599427
0.9067292440295419
0.9023934490889737
0.8979618072168005
0.893435006800187
0.8888137593050851
0.8840987991393503
0.8792908835087051
0.8743907922657707
0.8693993277521243
0.8643173146339104
0.859145599731263
0.853885051841854
0.848536561559353
0.8431010410871876
0.8375794240483573
0.8319726652919505
0.8262817406972196
0.8205076469760144
0.8146514014744272
0.8087140419746955
0.802696626498164
0.7966002331106778
0.7904259597310268
0.7841749239440386
0.7778482628189994
0.771447132734999
0.7649727092139798
0.7584261867630556
0.7518087787269373
0.7451217171521191
0.7383662526636235
0.7315436543558477
0.724655209698734
0.7177022244603147
0.7106860226472033
0.7036079464640553
0.6964693562935136
0.6892716306977383
0.6820161664431728
0.6747043785495557
0.6673377003649921
0.659917583668378
0.6524454988007948
0.6449229348276975
0.637351399733714
0.6297324206518887
0.6220675441299379
0.6143583364355307
0.6066063839034781
0.5988132933278367
0.5909806924017873
0.5831102302092684
0.5752035777719392
0.5672624286557213
0.5592884996416994
0.5512835314660536
0.543249289634458
0.5351875653164762
0.5271001763256415
0.5189889681912612
0.5108558153276493
0.5027026223066435
0.4945313252386312
0.4863438932665316
0.47814233017637836
0.46992867612644856
0.46170500949497967
0.45347344884378976
0.4452361549917437
0.4369953331874296
0.42875323536467397
0.4205121624567461
0.41227446673538276
0.40404255412727336
0.4057729278428288
0.40850170547183157
0.41120136048600286
0.4138712266073319
0.4165106472403328
0.41911897783191177
0.42169558804352975
0.42423986370522476
0.42675120853654336
0.42922904563517594
0.4316728187481772
0.4340819933529104
0.4364560575844473
0.438794523052096
0.4410969255911258
0.44336282599548604
0.4455918107741888
0.44778349296886816
0.4499375130620354
0.452053539996628
0.45416571722672916
0.45627950261651107
0.45835148341490667
0.46038145814107856
0.4623692587654833
0.4643147515661509
0.4662178377316498
0.46807845368459833
0.4698965711077798
0.471672196664935
0.47340537141878103
0.47509616996061765
0.47674469927681684
0.4783510973874919
0.47991553179967994
0.4814381978206058
0.482919316775131
0.4843591341637302
0.4857579177842443
0.48711595582257433
0.4884335548960329
0.48971103801104676
0.49094874237713715
0.4921470170051693
0.49330622001187713
0.4944267155567075
0.49550887035120794
0.49655304970473835
0.49755961309941465
0.4985289093202194
0.49946127119673245
0.5003570100385956
0.5012164098636098
0.502039721522282
0.5028271568162158
0.5035788826893006
0.5042950155446758
0.5049756157089287
0.5056206820350462
0.5062301466116693
0.506803869532835
0.5073416336839256
0.5078431395161654
