1.0
0.9999789290950616
0.9999164148592905
0.999812231340893
0.999666388460284
0.9994789002440644
0.999249784727409
0.9989790639455218
0.9986667639280203
0.9983129146929056
0.9979175502397989
0.9974807085420505
0.9970024315381875
0.9964827651224429
0.9959217591345809
0.995319467348529
0.9946759474605952
0.9939912610769862
0.9932654736998919
0.9924986547137753
0.9916908773701257
0.9908422187721204
0.9899527598582575
0.9890225853853725
0.9880517839113905
0.9870404477769993
0.9859886730871941
0.984896559691967
0.9837642111667162
0.9825917347919924
0.9813792415330613
0.9801268460186708
0.9788346665199238
0.9775028249281301
0.9761314467330304
0.9747206610002223
0.9732706003484572
0.9717814009266893
0.97025320239095
0.968686147880873
0.967080383996127
0.9654360607727435
0.9637533316591317
0.9620323534922965
0.9602732864735462
0.9584762941445051
0.956641543362881
0.9547692042782223
0.9528594503077101
0.950912458111893
0.9489284075705247
0.9469074817583059
0.9448498669207616
0.9427557524500841
0.9406253308612532
0.9384587977679317
0.9362563518586745
0.9340181948731068
0.9317445315782199
0.9294355697448212
0.9270915201240646
0.9247125964239644
0.9222990152862147
0.9198509962630694
0.917368761794084
0.9148525371834371
0.9123025505768596
0.9097190329390112
0.9071022180307686
0.9044523423867407
0.9017696452927543
0.8990543687634032
0.8963067575198634
0.8935270589675742
0.8907155231740354
0.8878724028466413
0.8849979533106909
0.8820924324871938
0.8791561008707994
0.8761892215079362
0.8731920599745565
0.8701648843541707
0.8671079652157442
0.8640215755916395
0.8609059909554189
0.8577614891995299
0.8545883506131582
0.8513868578598321
0.8481572959548681
0.8448999522429149
0.8416151163751748
0.8383030802867019
0.8349641381733467
0.8315985864687404
0.8282067238209895
0.8247888510692719
0.8213452712202695
0.8178762894242483
0.8143822129511793
0.8108633511664758
0.8073200155065461
0.8037525194541468
0.800161178513492
0.7965463101850846
0.7929082339403086
0.7892472711957618
0.7855637452873284
0.7818579814439393
0.7781303067610574
0.7743810501739072
0.7706105424303376
0.766819116063432
0.763007105363808
0.7591748463515336
0.7553226767478098
0.7514509359462642
0.7475599649839162
0.743650106511843
0.739721704765448
0.7357751055344567
0.7318106561324421
0.7278287053661688
0.7238296035044106
0.7198137022464894
0.7157813546905217
0.7117329153011189
0.70766873987691
0.7035891855176106
0.6994946105906882
0.6953853746977599
0.6912618386405622
0.6871243643865202
0.6829733150340348
0.6788090547773667
0.6746319488711164
0.6704423635944591
0.6662406662148928
0.6620272249517571
0.6578024089393527
0.6535665881897558
0.6493201335552913
0.6450634166907336
0.6407968100152147
0.6365206866737857
0.6322354204988584
0.6279413859712255
0.6236389581810791
0.6193285127886551
0.6150104259847977
0.6106850744514363
0.6063528353218877
0.6020140861411925
0.597669204826407
0.5933185696269824
0.5889625590852453
0.5846015519970887
0.5802359273728843
0.5758660643988514
0.5714923423987361
0.5671151407961941
0.5627348390777678
0.5583518167566893
0.5539664533376595
0.5495791282827241
0.5451902209784376
0.5408001107044669
0.5364091766039396
0.5320177976556637
0.527626352648585
0.5232352201588649
0.5188447785297543
0.5144554058549932
0.5100674799658876
0.5056813784229017
0.5012974785121276
0.49691615724744936
0.4925377913789914
0.4881627574089525
0.4837914316154843
0.4794241900860381
0.475061408761175
0.4707034634906356
0.46635073010297845
0.4620035844910424
0.4576624027152681
0.45332756112752903
0.4489994365184005
0.44467840629142147
0.44036484866825987
0.43605914292956816
0.43176166969703866
0.4274728112630513
0.4231929519755726
0.4189224786872766
0.41466178127953296
0.4104112532738808
0.4061712925461338
0.4019423021610506
0.3977246913493844
0.3935188766532305
0.389325283271329
0.3851443466424366
0.3809765143134991
0.3768222481494177
0.37268202695448266
0.36855634959152733
0.36444573870564234
0.36035074518492005
0.3562719535238054
0.3522099882963326
0.34816552200026457
0.34413928460143633
0.3401320751958002
0.3361447763193302
0.33217837158076685
0.32823396747656025
0.3243128204819797
0.3204163708050263
0.31654628454919553
0.31270450645551057
0.30889332586536716
0.3051154590076533
0.3013741510455737
0.2976733012987433
0.2940176143662011
0.29041277831240364
0.286865669605309
0.28338458933373145
0.27997957276855995
0.27666298645379106
0.2734513334960375
0.27037215247176666
0.2674937628991609
0.2650671469175964
0.2640215073228879
0.26525162149977477
0.26766147535824153
0.2704623161212247
0.2734512127644779
0.27656960553269994
0.27979205760575465
0.28310257372867326
0.28648896440270616
0.2899413129099408
0.293451428456875
0.2970125393018057
0.3006190524922838
0.30426634642374045
0.3079505922789739
0.31166860385174006
0.3154177138526007
0.31919567351598904
0.32300057186154935
0.3268307710797989
0.3306848549170453
0.33456158743125486
0.338459879975267
0.3423787646913781
0.3463173731584735
0.3502749191223813
0.35425068447018004
0.3582440077900216
0.36225427499936186
0.3662809116346526
0.3703233764813464
0.3743811562896073
0.37845376137374726
0.38254072193371896
0.38664158496949363
0.3907559116840381
0.3948832752907234
0.3990232591569541
0.4031754552279923
0.4073394626855155
0.4115148868033009
0.41570133796909753
0.4198984308471164
0.42410578365986673
0.42832301757177893
0.4325497561597294
0.4367856249582016
0.4410302510685302
0.445283262823432
0.4495442894992558
0.4538129610695797
0.4580889079945527
0.4623717610414679
0.46666115113234735
0.47095670921530297
0.47525806615659116
0.4795648526507714
0.4838766991469785
0.4881932357891419
0.49251409236866606
0.4968388982880357
0.5011672825340814
0.5054988736597188
0.5098332997733003
0.5141701885344694
0.5185091671559364
0.5228498624103306
0.5271919006416185
0.5315349077804398
0.5358785093630122
0.540222330553196
0.5445659961671483
0.5489091307006159
0.5532513583582328
0.5575923030847708
0.5619315885980709
0.5662688384233541
0.570603675928774
0.5749357243619801
0.5792646068874917
0.5835899466248555
0.5879113666871841
0.592228490220296
0.5965409404420592
0.600848340682084
0.6051503144215711
0.6094464853334238
0.6137364773223952
0.6180199145654494
0.6222964215520508
0.6265656231246822
0.6308271445191079
0.6350806114047598
0.6393256499249544
0.643561886736951
0.6477889490519229
0.6520064646745836
0.6562140620428789
0.6604113702671155
0.6645980191690741
0.6687736393207523
0.6729378620827197
0.6770903196421753
0.6812306450505038
0.685358472260364
0.6894734361623143
0.6935751726208792
0.6976633185102592
0.7017375117494624
0.7057973913372344
0.7098425973865057
0.7138727711586795
0.717887555097537
0.7218865928629461
0.7258695293642894
0.7298360107935384
0.7337856846580509
0.7377181998130627
0.7416332064937822
0.7455303563471714
0.7494093024633837
0.7532696994068663
0.7571112032471631
0.7609334715894172
0.7647361636046128
0.7685189400596247
0.7722814633469968
0.7760233975145989
0.7797444082950968
0.7834441631352936
0.78712233122522
0.7907785835272225
0.7944125928046629
0.7980240336505556
0.8016125825158777
0.8051779177376208
0.8087197195666522
0.8122376701951903
0.8157314537840955
0.8192007564898098
0.8226452664911091
0.8260646740156556
0.8294586713662553
0.8328269529470479
0.8361692152895034
0.839485157078325
0.8427744791773308
0.846036884655198
0.8492720788112376
0.8524797692011186
0.85565966566256
0.8588114803411102
0.8619349277156394
0.8650297246240611
0.868095590288786
0.8711322463421272
0.8741394168516183
0.877116828345131
0.8800642098359582
0.8829812928475911
0.8858678114385771
0.8887235022270005
0.8915481044150647
0.8943413598134291
0.8971030128654801
0.8998328106715278
0.9025305030129612
0.9051958423763015
0.9078285839772219
0.9104284857845348
0.9129953085441043
0.9155288158027723
0.9180287739321461
0.920494952152415
0.9229271225560647
0.9253250601314745
0.9276885427865559
0.93001735137219
0.9323112697056435
0.9345700845938851
0.9367935858567987
0.9389815663503313
0.9411338219895283
0.9432501517713456
0.9453303577974926
0.9473742452970958
0.949381622649079
0.9513523014045664
0.9532860963090166
0.9551828253242434
0.9570423096502272
0.9588643737468634
0.960648845355425
0.9623955555199761
0.9641043386086228
0.9657750323345113
0.9674074777767708
0.969001519401222
0.9705570050809098
0.9720737861164348
0.9735517172561099
0.974990656715902
0.9763904661991066
0.9777510109158236
0.9790721596021684
0.9803537845392326
0.981595761571749
0.9827979701265178
0.9839602932304928
0.9850826175285498
0.986164833301007
0.9872068344807251
0.9882085186699009
0.9891697871564727
0.9900905449302542
0.9909707006985286
0.9918101669013526
0.9926088597264198
0.9933666991234921
0.9940836088183664
0.9947595163264108
0.9953943529656509
0.9959880538693083
0.9965405579978502
0.9970518081505588
0.9975217509765104
0.9979503369850633
0.998337520555741
0.9986832599475205
0.9989875173075827
0.9992502586794186
0.999471454010324
0.9996510771582969
0.9997891058982171
0.9998855219274592
0.9999403108707726
0.9999534622845346
0.9999249696602843
0.9998548304276028
0.9997430459562516
0.9995896215576134
0.9993945664854517
0.9991578939358922
0.9988796210467146
0.9985597688958981
0.9981983624994311
0.9977954308084106
0.9973510067053255
0.9968651269997257
0.9963378324229651
0.9957691676224371
0.9951591811548964
0.9945079254790778
0.9938154569477202
0.9930818357986916
0.992307126145521
0.9914913959671937
0.9906347170972166
0.9897371652121297
0.9887988198191137
0.9878197642431821
0.9868000856135364
0.9857398748493696
0.9846392266450247
0.9834982394545605
0.9823170154756181
0.9810956606328778
0.9798342845607583
0.97853300058572
0.9771919257079269
0.9758111805825335
0.97439088950024
0.9729311803676819
0.9714321846871301
0.9698940375358653
0.9683168775451286
0.9667008468786981
0.9650460912110513
0.9633527597052327
0.9616210049903822
0.959850983138936
0.9580428536435179
0.956196779393612
0.9543129266519743
0.9523914650306928
0.95043256746721
0.948436410200014
0.9464031727441337
0.9443330378665833
0.9422261915615101
0.9400828230253201
0.9379031246316685
0.9356872919063195
0.933435523502034
0.931148021173288
0.928824989751083
0.9264666371177238
0.924073174181583
0.9216448148519654
0.9191817760139853
0.9166842775035665
0.914152542082428
0.9115867954132914
0.9089872660350443
0.9063541853380861
0.9036877875396505
0.9009883096593145
0.8982559914944155
0.8954910755957369
0.8926938072429242
0.8898644344202487
0.8870032077921819
0.8841103806790579
0.8811862090327728
0.8782309514124294
0.875244868960057
0.8722282253763113
0.8691812868961173
0.8661043222644272
0.8629976027118362
0.8598614019302628
0.8566959960485749
0.853501663608113
0.8502786855382318
0.8470273451317363
0.8437479280201655
0.8404407221490505
0.8371060177530094
0.8337441073306918
0.8303552856196609
0.8269398495710317
0.823498098324145
0.8200303331808835
0.8165368575801001
0.8130179770718213
0.8094739992913004
0.8059052339330778
0.8023119927248634
0.7986945894013712
0.7950533396779458
0.7913885612242295
0.7877005736376093
0.783989698416667
0.7802562589344473
0.7765005804118033
0.7727229898906158
0.7689238162070484
0.765103389964823
0.7612620435085459
0.7574001108971267
0.7535179278772336
0.7496158318568377
0.745694161878851
0.7417532585947597
0.7377934642382307
0.733815122598837
0.7298185789954275
0.7258041802496462
0.7217722746592017
0.7177232119709981
0.7136573433541462
0.7095750213728944
0.7054765999594983
0.7013624343869719
0.6972328812418706
0.6930882983969737
0.6889290449838457
0.6847554813652266
0.6805679691070998
0.6763668709503704
0.6721525507818518
0.6679253736047978
0.6636857055085077
0.6594339136371361
0.6551703661577637
0.6508954322275002
0.6466094819598972
0.6423128863905352
0.638006017442061
0.6336892478885081
0.6293629513191862
0.6250275021020631
0.6206832753466994
0.6163306468667932
0.6119699931423549
0.6076016912814662
0.603226118981664
0.5988436544909922
0.5944546765686962
0.5900595644456066
0.5856586977844392
0.5812524566400248
0.5768412214197465
0.5724253728444787
0.5680052919103479
0.5635813598516574
0.5591539581055385
0.5547234682785984
0.5502902721162218
0.5458547514747429
0.5414172882970835
0.5369782645919589
0.5325380624171346
0.5280970638667009
0.5236556510625668
0.5192142061502725
0.5147731112990874
0.5103327487064682
0.5058935006069886
0.5014557492859598
0.49701987709795514
0.4925862664909111
0.4881553000362405
0.4837273604661507
0.47930283071897706
0.4748820939941364
0.4704655338181457
0.46605353412361133
0.4616464793432472
0.45724475452137575
0.4528487454456203
0.44845883880193194
0.44407542235686615
0.4396988851712227
0.4353296178505729
0.43096801283874425
0.4266144647618389
0.42226937083179655
0.41793313132037746
0.4136061501164205
0.4092888353821169
0.4049816003268249
0.40068486412091464
0.39639905297640055
0.3921246014268368
0.3878619538452927
0.383611566247686
0.37937390843885366
0.37514946657136766
0.37093874620336814
0.36674227596167946
0.36256061194235467
0.35839434301353845
0.354244097227263
0.35011054960060634
0.34599443159500776
0.34189654271102443
0.33781776472869557
0.33375907926869575
0.3297215895344959
0.32570654732964316
0.32171538673656574
0.31774976619902046
0.3138116211671489
0.309903229916005
0.30602729556979774
0.30218704760704945
0.2983863659155425
0.2946299293844867
0.2909233886439265
0.2872735594025213
0.28368863419499096
0.2801784407408084
0.2767549326676025
0.27343377646594147
0.2702408259495107
0.2672413462768539
0.26468550300536775
0.2635412435894897
0.26473059842726265
0.26708578634046126
0.2698187719169356
0.2727349522735309
0.2757786366520171
0.2789253289660171
0.28215938585933664
0.2854687909764311
0.28884374636153715
0.2922761613823072
0.295759354668215
0.2992878152864847
0.3028569953325716
0.30646313154605237
0.3101030956682275
0.31377427152211995
0.3174744554878037
0.32120177662320726
0.32495463284285486
0.3287316400037769
0.332531591264648
0.3363534245788589
0.3401961966149827
0.34405906175684836
0.34794125512468105
0.35184207878803014
0.3557608905207235
0.35969709458825083
0.3636501341669598
0.3676194850790755
0.3716046505935837
0.3756051570942646
0.37962055045666954
0.3836503930070009
0.387694260960931
0.391751742259794
0.3958224347372462
0.399905944561794
0.4040018849104512
0.40810987483671
0.41222953830251413
0.4163605033489146
0.4205024013845033
0.4246548665740422
0.4288175353124437
0.43299004577191647
0.4371720375115215
0.4413631511403775
0.4455630280270253
0.44977131004830234
0.4539876393724998
0.4582116582720926
0.462443008962052
0.46668133346074686
0.4709262734704382
0.4751774702754312
0.4794345646559436
0.4836971968163602
0.48796500632677015
0.49223763207685367
0.49651471224155413
0.5007958842578076
0.5050807848119654
0.5093690498373418
0.5136603145213534
0.5179542133215682
0.5222503799899391
0.5265484476042002
0.5308480486052777
0.5351488148394163
0.5394503776034204
0.5437523676915689
0.5480544154423475
0.5523561507835943
0.5566572032744291
0.5609572021429267
0.5652557763184802
0.5695525544583773
0.5738471649684775
0.5781392360182526
0.5824283955508576
0.586714271289371
0.5909964907405688
0.5952746811977647
0.5995484697446184
0.603817483261622
0.6080813484370156
0.6123396917836695
0.6165921396630158
0.6208383183167796
0.6250778539067718
0.6293103725624635
0.6335355004355988
0.6377528637608638
0.6419620889213306
0.6461628025173464
0.6503546314375583
0.6545372029309426
0.65871014467889
0.6628730848664984
0.667025652252534
0.6711674762375349
0.6752981869298593
0.6794174152092416
0.6835247927878357
0.6876199522685519
0.6917025272006325
0.6957721521323708
0.6998284626611391
0.7038710954805151
0.7078996884248137
0.7119138805110368
0.7159133119782307
0.7198976243246601
0.7238664603426742
0.7278194641515815
0.7317562812286554
0.73567655843832
0.7395799440599075
0.7434660878139303
0.7473346408872649
0.7511852559572169
0.755017587214999
0.7588312903884612
0.7626260227645826
0.7664014432118108
0.7701572122024023
0.7738929918350645
0.7776084458578038
0.7813032396913332
0.7849770404529245
0.7886295169807183
0.7922603398585536
0.7958691814412595
0.7994557158801749
0.8030196191490773
0.8065605690701152
0.8100782453400114
0.8135723295560109
0.8170425052420666
0.8204884578746464
0.8239098749086059
0.8273064458028132
0.8306778620457095
0.8340238171807239
0.8373440068315847
0.8406381287276385
0.8439058827290324
0.847146970851974
0.8503610972939419
0.8535479684590163
0.8567072929831402
0.8598387817595325
0.8629421479642106
0.866017107081413
0.8690633769292833
0.8720806776854942
0.8750687319129051
0.8780272645853213
0.8809560031130944
0.8838546773687828
0.8867230197126705
0.8895607650181442
0.8923676506969888
0.8951434167244027
0.8978878056638931
0.9006005626920487
0.903281435622955
0.9059301749326965
0.908546533783527
0.9111302680481561
0.9136811363339055
0.9161989000068573
0.9186833232161915
0.9211341729184679
0.923551218902113
0.9259342338119368
0.9282829931737963
0.9305972754193426
0.9328768619107873
0.9351215369656941
0.9373310878817344
0.9395053049613834
0.9416439815364688
0.9437469139925586
0.9458139017932151
0.9478447475039093
0.9498392568158569
0.9517972385694706
0.9537185047776596
0.955602870648757
0.9574501546093553
0.9592601783268738
0.9610327667317176
0.9627677480395217
0.9644649537729629
0.9661242187834007
0.9677453812724416
0.9693282828130715
0.9708727683707445
0.9723786863242084
0.9738458884859645
0.9752742301225954
0.9766635699747852
0.9780137702769462
0.9793246967767129
0.9805962187538848
0.9818282090392142
0.9830205440327819
0.9841731037219051
0.9852857716987404
0.9863584351775377
0.9873909850114109
0.9883833157086827
0.9893353254488871
0.9902469160983108
0.9911179932251589
0.9919484661142073
0.9927382477811123
0.9934872549863019
0.9941954082483557
0.9948626318570453
0.995488853885822
0.9960740062039456
0.9966180244880989
0.9971208482334405
0.9975824207643751
0.9980026892445318
0.9983816046864603
0.9987191219606513
0.9990151998040365
0.9992698008279626
0.999482891525485
0.9996544422782226
0.9997844273624122
0.9998728249546006
0.9999196171364247
0.9999247898989875
0.9998883331464311
0.9998102406989985
0.999690510295281
0.9995291435939262
0.9993261461745616
0.9990815275381456
0.9987953011065452
0.9984674842214601
0.9980980981426849
0.997687168045613
0.9972347230181351
0.9967407960567648
0.9962054240621363
0.9956286478337657
0.9950105120641701
0.9943510653323377
0.9936503600964043
0.9929084526857864
0.9921254032926596
0.9913012759626388
0.9904361385850162
0.9895300628822783
0.9885831243988898
0.9875954024897846
0.98656698030786
0.9854979447912301
0.9843883866496762
0.9832384003506942
0.9820480841048306
0.9808175398506184
0.9795468732389369
0.9782361936168118
0.9768856140107486
0.9754952511096544
0.9740652252471174
0.9725956603834166
0.9710866840869671
0.9695384275154062
0.9679510253962736
0.9663246160073086
0.9646593411563332
0.9629553461608731
0.9612127798273667
0.9594317944300353
0.9576125456895255
0.9557551927511883
0.9538598981630468
0.9519268278535521
0.9499561511090574
0.9479480405510347
0.9459026721130795
0.9438202250176875
0.9417008817529353
0.9395448280487972
0.9373522528536362
0.9351233483102114
0.9328583097318726
0.9305573355785555
0.9282206274326799
0.9258483899751155
0.9234408309610521
0.9209981611959026
0.9185205945111924
0.9160083477405268
0.9134616406955902
0.9108806961421991
0.9082657397764986
0.9056170002011278
0.9029347089016742
0.9002191002230451
0.897470411346059
0.8946888822640767
0.8918747557597875
0.8890282773819523
0.8861496954222874
0.8832392608923091
0.8802972275002199
0.8773238516277231
0.8743193923067636
0.8712841111963217
0.8682182725590987
0.8651221432380586
0.8619959926331128
0.8588400926778275
0.8556547178161583
0.8524401449794079
0.8491966535634875
0.8459245254064507
0.84262404476645
0.8392954983000995
0.8359391750412773
0.8325553663803271
0.8291443660436054
0.8257064700731552
0.8222419768065573
0.8187511868565203
0.8152344030902535
0.8116919306082382
0.8081240767223313
0.8045311509329255
0.8009134649050809
0.797271332443538
0.7936050694663733
0.7899149939775689
0.7862014260380871
0.78246468773591
0.7787051031546169
0.7749229983409579
0.771118701271085
0.7672925418157459
0.7634448517042426
0.7595759644871747
0.755686215497984
0.7517759418132671
0.7478454822117078
0.7438951771317648
0.7399253686280237
0.7359364003261765
0.7319286173768021
0.727902366407957
0.7238579954766474
0.7197958540194934
0.7157162928027666
0.7116196638719988
0.7075063205016275
0.703376617144957
0.6992309093848006
0.6950695538851852
0.6908929083443666
0.6867013314495604
0.6824951828333959
0.6782748230324448
0.6740406134478671
0.6697929163080869
0.6655320946338018
0.6612585122049784
0.6569725335301688
0.6526745238177193
0.6483648489491965
0.644043875454746
0.6397119704905433
0.6353695018181709
0.6310168377859037
0.6266543473121025
0.622282399870407
0.6179013654769214
0.61351161467932
0.6091135185477916
0.6047074486679523
0.6002937771355848
0.595872876553175
0.5914451200282907
0.5870108811736006
0.5825705341085785
0.578124453462641
0.57367301437956
0.5692165925228811
0.5647555640822202
0.5602903057797782
0.5558211948770062
0.5513486091807732
0.5468729270488129
0.542394527393981
0.5379137896871014
0.5334310939582612
0.5289468207964892
0.5244613513481491
0.5199750673141941
0.5154883509471602
0.5110015850484463
0.506515152966998
0.5020294386004557
0.4975448264000667
0.4930617013807423
0.488580449137618
0.4841014558707864
0.47962510841969946
0.4751517943090312
0.47068190180760716
0.46621582000281375
0.4617539388921671
0.4572966494949923
0.45284434398678297
0.44839741585970805
0.4439562601131189
0.4395212734784224
0.4350928546839453
0.4306714047659023
0.42625732743296946
0.4218510294934972
0.41745292135585066
0.41306341761476967
0.4086829377389455
0.4043119068783739
0.39995075681382664
0.3955999270754947
0.3912598662639532
0.3869310336137324
0.3826139008490132
0.37830895439254436
0.3740166980029622
0.36973765593449864
0.36547237673570454
0.36122143783391697
0.356985451089923
0.3527650695562526
0.34856099573572397
0.3443739917184427
0.34020489168181417
0.33605461737603415
0.331924197397154
0.3278147912828618
0.3237277197674036
0.319664502917139
0.3156269083516647
0.3116170123441745
0.30763727727086115
0.30369064957525405
0.29978068295719956
0.29591169153796976
0.2920889367057085
0.28831884856287043
0.28460927901078814
0.2809697864019572
0.27741200037166125
0.2739503757309153
0.2706048269940325
0.26741223799240765
0.2644828378825009
0.2622886677503492
0.26215271375575955
0.26399616299818973
0.266535000991568
0.26933645618404717
0.2722941485544266
0.2753700059869395
0.27854304688670056
0.2817983216200628
0.28512409521712917
0.2885109051670092
0.2919510786260825
0.29543838529945626
0.298967755312216
0.3025350466285274
0.3061368558756108
0.3097703667502351
0.3134332298251623
0.3171234678286391
0.32083940118024923
0.32457958943885845
0.328342785166625
0.3321278974539878
0.33593396296071765
0.3397601228144578
0.3436056040874755
0.3474697048655143
0.3513517821474963
0.3552512419868144
0.35916753141685864
0.3631001318039113
0.36704855334845327
0.3710123305150995
0.3749910182177627
0.3789841886220366
0.38299142845486994
0.3870123367330438
0.3910465228392089
0.39509360488757905
0.3991532083322185
0.4032249647792422
0.4073085109712393
0.41140348791767073
0.4155095401496083
0.41962631508061937
0.4237534624589018
0.42789063389784976
0.4320374824745749
0.43619366238714596
0.44035882866304427
0.44453263691200784
0.4487147431175813
0.45290480346229733
0.4571024741819281
0.4613074114447722
0.4655192712525161
0.46973770935899695
0.473962381204414
0.4781929418618142
0.4824290459937209
0.48667034781683155
0.49091650107273394
0.49516715900335123
0.49942197432976065
0.5036805992334813
0.5079426853395922
0.5122078837013122
0.5164758447857402
0.520746218460926
0.5250186539842576
0.5292927999923679
0.5335683044928713
0.537844814857927
0.5421219778198297
0.5463994394685908
0.550676845251384
0.554953839973632
0.5592300678014696
0.5635051722653217
0.5677787962640697
0.5720505820697379
0.5763201713322375
0.5805872050842302
0.5848513237458998
0.5891121671298105
0.5933693744460096
0.5976225843075947
0.6018714347373024
0.6061155631753675
0.6103546064893328
0.6145882009861533
0.6188159824273095
0.6230375860474006
0.6272526465766348
0.631460798267785
0.6356616749279096
0.6398549099552507
0.6440401363814157
0.6482169869190659
0.6523850940149744
0.65654408990856
0.6606936066953664
0.6648332763954355
0.6689627310258599
0.673081602677049
0.677189523592265
0.6812861262493236
0.6853710434442013
0.6894439083756537
0.693504354730272
0.6975520167672856
0.7015865294027399
0.7056075282925234
0.709614649913751
0.7136075316443437
0.7175858118403461
0.7215491299107772
0.7254971263897312
0.7294294430054202
0.733345722746032
0.7372456099220678
0.7411287502249577
0.7449947907819559
0.7488433802069956
0.7526741686477434
0.756486807828557
0.7602809510898816
0.7640562534240317
0.7678123715077299
0.7715489637317563
0.7752656902281172
0.7789622128953003
0.7826381954217829
0.7862933033086276
0.7899272038912694
0.7935395663611436
0.7971300617873702
0.8006983631387188
0.8042441453062604
0.8077670851266584
0.8112668614062085
0.8147431549456324
0.8181956485656048
0.8216240271327293
0.8250279775859637
0.828407188963199
0.8317613524277275
0.8350901612945111
0.8383933110558943
0.8416704994065979
0.8449214262678787
0.848145793810683
0.8513433064777364
0.8545136710046407
0.8576565964398799
0.8607717941640087
0.8638589779080242
0.8669178637711596
0.8699481702382481
0.8729496181968176
0.8759219309543129
0.8788648342552112
0.8817780562984573
0.8846613277554178
0.8875143817880431
0.8903369540676952
0.8931287827944155
0.8958896087167624
0.8986191751521738
0.9013172280077579
0.9039835158016367
0.9066177896845204
0.9092198034618137
0.9117893136158894
0.9143260793286494
0.9168298625042409
0.9193004277918795
0.9217375426087653
0.9241409771630262
0.9265105044765761
0.9288459004079503
0.9311469436750869
0.9334134158778932
0.9356451015208529
0.9378417880353017
0.9400032658017471
0.9421293281721093
0.9442197714916709
0.9462743951211852
0.9482930014587904
0.9502753959618848
0.9522213871690604
0.9541307867218664
0.9560034093867242
0.957839073076675
0.9596375988731363
0.9613988110477244
0.9631225370838542
0.9648086076984529
0.9664568568634921
0.9680671218274769
0.9696392431367964
0.9711730646569463
0.9726684335936182
0.9741252005135517
0.9755432193651907
0.9769223474991082
0.9782624456882076
0.9795633781474617
0.9808250125536133
0.9820472200642703
0.983229875336881
0.9843728565472895
0.9854760454079112
0.9865393271857896
0.9875625907200469
0.9885457284393722
0.9894886363790626
0.9903912141978031
0.9912533651944067
0.9920749963240545
0.992856018214585
0.9935963451822969
0.9942958952477386
0.994954590150913
0.9955723553664423
0.9961491201180634
0.9966848173928924
0.9971793839550013
0.9976327603585168
0.9980448909600169
0.9984157239302857
0.998745211265291
0.9990333087964604
0.9992799762000982
0.9994851770061358
0.9996488786060169
0.9997710522599521
0.9998516731033492
0.9998907201526732
0.9998881763105806
0.9998440283705261
0.9997582670206143
0.9996308868471101
0.9994618863371649
0.9992512678810835
0.9989990377739703
0.9987052062169345
0.9983697873174496
0.9979927990893739
0.997574263452141
0.9971142062294364
0.996612657147147
0.9960696498306711
0.9954852218014913
0.9948594144731283
0.9941922731462629
0.9934838470032312
0.9927341891017111
0.991943356367766
0.9911114095880215
0.9902384134012124
0.9893244362889047
0.988369550565525
0.9873738323676168
0.9863373616423806
0.985260222135476
0.9841425013780857
0.9829842906732692
0.9817856850816291
0.9805467834062362
0.9792676881768883
0.9779485056337314
0.9765893457102398
0.9751903220155071
0.9737515518160695
0.972273156017104
0.9707552591431657
0.9691979893184567
0.967601478246696
0.9659658611906976
0.9642912769515923
0.9625778678477943
0.9608257796939247
0.9590351617793593
0.9572061668468617
0.9553389510709648
0.953433674036321
0.9514904987159559
0.9495095914493867
0.9474911219206904
0.9454352631363357
0.9433421914030553
0.9412120863053848
0.9390451306832974
0.9368415106095821
0.9346014153671311
0.9323250374263028
0.9300125724220584
0.9276642191311998
0.9252801794495995
0.9228606583693397
0.9204058639559914
0.9179160073258367
0.9153913026231048
0.9128319669972018
0.9102382205799896
0.9076102864629624
0.9049483906743767
0.9022527621563047
0.8995236327416335
0.8967612371309515
0.8939658128692242
0.8911376003224208
0.8882768426539925
0.8853837858010728
0.8824586784506496
0.8795017720154916
0.8765133206098887
0.8734935810253287
0.8704428127058488
0.8673612777234533
0.8642492407532328
0.8611069690484244
0.8579347324154905
0.8547328031889818
0.851501456206558
0.8482409687839272
0.8449516206899838
0.841633694122029
0.8382874736812014
0.83491324634834
0.8315113014600051
0.8280819306851657
0.82462542800228
0.8211420896770342
0.8176322142407455
0.8140961024694017
0.8105340573635358
0.8069463841286798
0.8033333901565616
0.799695385006885
0.7960326803894922
0.7923455901468256
0.7886344302365319
0.7848995187137474
0.7811411757129695
0.77735972342915
0.7735554860975716
0.7697287899723207
0.7658799633029563
0.7620093363089611
0.7581172411519751
0.7542040119052756
0.7502699845205909
0.7463154967920322
0.7423408883172087
0.7383465004555563
0.7343326762840108
0.7302997605502886
0.726248099624124
0.7221780414464202
0.7180899354772414
0.7139841326423484
0.7098609852792127
0.7057208470824949
0.7015640730494969
0.6973910194260006
0.6932020436525801
0.6889975043120716
0.6847777610780769
0.6805431746650752
0.6762941067798601
0.6720309200746726
0.6677539781016885
0.6634636452685939
0.6591602867950905
0.6548442686696123
0.6505159576060152
0.6461757209996772
0.6418239268826956
0.6374609438778528
0.6330871411513413
0.628702888364214
0.624308555622725
0.6199045134279443
0.6154911326249147
0.6110687843519205
0.606637839990465
0.6021986711161758
0.5977516494516993
0.5932971468218261
0.5888355351117641
0.5843671862291425
0.5798924720706171
0.5754117644937774
0.5709254352951727
0.5664338561950436
0.5619373988294074
0.5574364347496825
0.55293133542973
0.5484224722800953
0.5439102166683225
0.5393949399442801
0.5348770134686605
0.5303568086426343
0.5258346969367284
0.521311049916516
0.516786239263507
0.5122606367895753
0.5077346144445143
0.503208544316541
0.4986827986270851
0.494157749721842
0.48963377006112885
0.48511123221320385
0.4805905088551024
0.47607197278521063
0.47155599695251593
0.4670429545068417
0.4625332188742705
0.4580271638615966
0.45352516379341534
0.4490275936851985
0.44453482945584916
0.4400472481834527
0.4355652284085268
0.4310891504899001
0.42661939701949897
0.422156353303548
0.4177004079198881
0.41325195336275933
0.40881138678932155
0.40437911088531575
0.39995553487084434
0.3955410756725044
0.3911361592932644
0.38674122241933434
0.38235671431210594
0.37798309904450944
0.37362085815583396
0.3692704938171494
0.364932532622949
0.3606075301546211
0.3562960765001267
0.35199880296473035
0.3477163902733669
0.3434495786517249
0.33919918028714735
0.3349660948214514
0.3307513287284053
0.32655601969597847
0.3223814674889397
0.31822917324111144
0.3141008897527728
0.3099986861903804
0.30592503164808527
0.30188290337208956
0.29787592709361366
0.2939085588783729
0.2899863203209963
0.28611610274073784
0.2823065658804163
0.27856869182585364
0.2749166925842409
0.27137002000415833
0.2679595171542204
0.2647511337719188
0.2619513778150909
0.26029406898387203
0.26078686751538666
0.2627063109429681
0.2651695736656497
0.26789786261072407
0.27080184715635075
0.27384021719777796
0.2769871387459982
0.28022385557790974
0.28353597536573405
0.28691224795614795
0.29034381319653835
0.293823654639161
0.29734618136081264
0.30090690526057706
0.3045021928678774
0.3081290751837474
0.31178510221170674
0.315468231574041
0.31917674297810905
0.3229091722454198
0.3266642601544892
0.3304409125307276
0.3342381689096788
0.3380551777682101
0.34189117681516795
0.3457454772034266
0.34961745079997786
0.35350651985584747
0.35741214857178744
0.36133383617048687
0.36527111117376754
0.36922352664938585
0.37319065624249786
0.37717209084602615
0.38116743579406653
0.3851763084858793
0.3891983363665223
0.3932331552044823
0.3972804076182847
0.40133974181326226
0.4054108104969345
0.4094932699476623
0.41358677921573106
0.41769099944025406
0.42180559326797445
0.42593022436273087
0.4300645569958817
0.43420825570931354
0.43836098504357
0.44252240932372994
0.44669219249624437
0.4508699980097341
0.4550554887327697
0.45924832690180006
0.4634481740925554
0.46765469120857306
0.4718675384812422
0.4760863754763098
0.48031086110292354
0.4845406536219611
0.4887754106517349
0.4930147891696273
0.49725844550929227
0.5015060353536337
0.5057572137241326
0.5100116349674788
0.5142689527406699
0.5185288199956142
0.5227908889644597
0.5270548111463906
0.5313202372967892
0.535586817419286
0.539854200761005
0.5441220358112716
0.5483899703037557
0.5526576512219911
0.5569247248081595
0.5611908365748848
0.5654556313198659
0.5697187531431747
0.5739798454669629
0.5782385510575109
0.5824945120495432
0.5867473699726665
0.5909967657799979
0.5952423398789024
0.5994837321639124
0.6037205820517273
0.6079525285183481
0.6121792101383701
0.6164002651261885
0.6206153313792233
0.6248240465228703
0.6290260479571705
0.6332209729049355
0.6374084584611157
0.6415881416433478
0.6457596594432943
0.649922648878751
0.6540767470461712
0.6582215911735461
0.6623568186734511
0.6664820671960142
0.6705969746817924
0.6747011794143815
0.6787943200727
0.6828760357827457
0.6869459661689625
0.6910037514050698
0.6950490322643554
0.6990814501694558
0.7031006472417592
0.7071062663503096
0.7110979511604663
0.7150753461822599
0.7190380968184781
0.7229858494125178
0.7269182512959289
0.730834950835461
0.7347355974794025
0.7386198418030251
0.7424873355526965
0.7463377316883264
0.7501706844237921
0.7539858492651916
0.7577828830465169
0.7615614439628581
0.7653211916011446
0.7690617869688189
0.7727828925207003
0.7764841721847036
0.780165291387009
0.7838259170774051
0.7874657177553716
0.7910843634977099
0.7946815259878938
0.7982568785479339
0.8018100961724921
0.8053408555657616
0.8088488351804805
0.8123337152592723
0.8157951778774695
0.8192329069872307
0.8226465884620555
0.8260359101412726
0.8294005618738091
0.832740235560606
0.8360546251952693
0.8393434269024728
0.8426063389739258
0.8458430619016096
0.8490532984084955
0.8522367534764851
0.8553931343720549
0.8585221506695716
0.8616235142727666
0.8646969394344839
0.8677421427752071
0.8707588433004209
0.8737467624173728
0.8767056239512452
0.8796351541611006
0.8825350817558755
0.8854051379103879
0.8882450562816065
0.8910545730254591
0.8938334268139402
0.8965813588528273
0.8992981129000195
0.9019834352844007
0.9046370749253047
0.9072587833525678
0.9098483147271557
0.9124054258622569
0.9149298762448412
0.9174214280576086
0.9198798462012824
0.9223048983171649
0.924696354809838
0.9270539888700743
0.9293775764977883
0.9316668965249215
0.9339217306383656
0.9361418634027604
0.9383270822831122
0.9404771776672106
0.9425919428879801
0.9446711742454084
0.9467146710284451
0.9487222355364827
0.9506936731008255
0.9526287921057441
0.9545274040094899
0.9563893233650791
0.9582143678409795
0.960002358241575
0.9617531185276936
0.9634664758368389
0.965142260503582
0.9667803060796764
0.9683804493542656
0.9699425303739727
0.9714663924628875
0.972951882242504
0.9743988496515888
0.9758071479658238
0.9771766338174409
0.9785071672146135
0.9797986115606208
0.9810508336728978
0.982263703801748
0.9834370956488923
0.984570886385596
0.985664956670713
0.9867191906681922
0.9877334760644834
0.9887077040854618
0.9896417695130785
0.9905355707017598
0.9913890095943255
0.992201991737794
0.9929744262986521
0.9937062260779446
0.994397307525956
0.9950475907566357
0.9956569995616315
0.9962254614240823
0.9967529075319483
0.9972392727910159
0.9976844958376692
0.9980885190510073
0.9984512885648085
0.9987727542788398
0.9990528698698637
0.9992915928020373
0.9994888843367754
0.9996447095421103
0.9997590373014242
0.9998318403215195
0.999863095140127
0.9998527821326352
0.9998008855182343
0.9997073933652985
0.9995722975960772
0.9993955939906856
0.9991772821904574
0.998917365700417
0.9986158518913548
0.9982727520007837
0.9978880811337384
0.997461858262481
0.9969941062257489
0.9964848517273044
0.9959341253338534
0.9953419614722399
0.9947083984261403
0.9940334783319303
0.9933172471740883
0.9925597547798287
0.9917610548131413
0.9909212047681872
0.9900402659620394
0.9891183035268135
0.9881553864010996
0.9871515873208503
0.9861069828094933
0.9850216531676338
0.983895682461957
0.982729158513545
0.9815221728856649
0.9802748208709419
0.9789872014779194
0.9776594174169645
0.9762915750857906
0.9748837845541239
0.9734361595480898
0.9719488174338291
0.9704218792005295
0.968855469443061
0.9672497163438186
0.9656047516541617
0.9639207106751972
0.9621977322380433
0.9604359586834977
0.9586355358412787
0.9567966130086805
0.9549193429287524
0.9530038817681359
0.9510503890944598
0.9490590278533511
0.947029964345247
0.9449633682019338
0.9428594123629522
0.940718273051835
0.9385401297523417
0.9363251651846576
0.9340735652816846
0.9317855191653437
0.929461219123046
0.9271008605843741
0.9247046420977558
0.9222727653075689
0.9198054349312343
0.9173028587365664
0.9147652475193675
0.9121928150810806
0.9095857782067186
0.9069443566428
0.9042687730754685
0.9015592531086197
0.8988160252420823
0.8960393208498085
0.893229374158007
0.8903864222230959
0.887510704909734
0.8846024648684533
0.8816619475132649
0.8786894009989371
0.875685076198041
0.8726492266776382
0.8695821086757383
0.8664839810772982
0.8633551053899643
0.8601957457193525
0.8570061687440157
0.8537866436900344
0.8505374423052721
0.8472588388333552
0.8439511099873153
0.8406145349231399
0.8372493952131077
0.8338559748190838
0.8304345600658305
0.8269854396144547
0.8235089044359719
0.8200052477851794
0.8164747651747969
0.812917754350002
0.8093345152632564
0.805725350049672
0.8020905630025111
0.7984304605491379
0.7947453512271065
0.7910355456602812
0.7873013565349836
0.7835430985758335
0.7797610885212368
0.7759556450982557
0.772127088996781
0.7682757428426451
0.7644019311698068
0.760505980391194
0.7565882187683773
0.752648976379759
0.7486885850875028
0.7447073785029261
0.7407056919506046
0.7366838624310494
0.7326422285819406
0.728581130638111
0.7245009103899301
0.7204019111404167
0.716284477660649
0.7121489561436729
0.7079956941566733
0.7038250405914231
0.6996373456128161
0.6954329606056673
0.691212238119615
0.6869755318123035
0.6827231963909594
0.6784555875525022
0.6741730619226721
0.6698759769940636
0.6655646910638522
0.661239563171256
0.6569009530352693
0.6525492209926889
0.648184727937029
0.6438078352580859
0.6394189047824607
0.6350182987147079
0.6306063795792338
0.6261835101624074
0.6217500534548946
0.6173063725937569
0.6128528308042969
0.6083897913414166
0.6039176174305066
0.5994366722082527
0.5949473186632123
0.5904499195771148
0.5859448374669811
0.5814324345289841
0.5769130725845323
0.5723871130293032
0.5678549167858205
0.5633168442599159
0.5587732553015895
0.5542245091702831
0.5496709645045027
0.5451129792956076
0.5405509108651217
0.5359851158448751
0.5314159501591866
0.526843769007748
0.5222689268481433
0.5176917773766476
0.5131126735058842
0.5085319673378985
0.503950010131361
0.49936715226158307
0.4947837431720723
0.49020013131665674
0.4856166640912108
0.48103368775428124
0.47645154733600104
0.47187058653485764
0.4672911476022573
0.4627135712146956
0.45813819633366554
0.4535653600537344
0.44899539743909567
0.4444286413493894
0.43986542225552067
0.4353060680465363
0.4307509038289319
0.42620025171968834
0.42165443063497426
0.4171137560767931
0.41257853991974985
0.40804909020153735
0.4035257109203586
0.3990087018442122
0.3944983583374406
0.38999497121144444
0.3854988266082417
0.38101020592755813
0.3765293858111891
0.3720566382018676
0.3675922304984797
0.3631364258358278
0.3586894835244716
0.354251659696144
0.34982320821246715
0.3454043819091456
0.3409954342652896
0.3365966216056314
0.33220820595901995
0.3278304587019962
0.32346366509299246
0.3191081297139916
0.31476418260591066
0.31043218535483325
0.30611253523578563
0.30180566307973405
0.2975120153872943
0.29323200033956626
0.2889658540809888
0.28677125161204775
0.28586988903379384
0.28494603297166415
0.28399967129807646
0.2830307752461251
0.2820393013845329
0.28102519475282733
0.28009656565136076
0.2792504169373835
0.2783895049359324
0.2775136487729496
0.2766226665954216
0.2757163765287544
0.2747945974362392
0.27385714952436474
0.2729038548528405
0.27501998011579337
0.27827675215174613
0.2816007567276418
0.2849828790580585
0.28841577171683597
0.2918935293892838
0.2954113926719524
0.29896550218653695
0.30255270295536696
0.30617039186688216
0.3098163997537446
0.31348890041850347
0.3171863403285925
0.32090738406836544
0.32465087179228197
0.3284157858368884
0.3322012243507726
0.3360063803295211
0.33983052483755666
0.34367299349397756
0.3475331755192359
0.351410504804494
0.35530445258950843
0.35921452142817495
0.3631402401918774
0.36708115991482804
0.371036850326852
0.37500689695073547
0.3789908986658598
0.38298846565890343
0.3869992176968784
0.39102278266987084
0.39505879535988797
0.39910689639957286
0.40316673139082526
0.4072379501579358
0.41132020611448056
0.41541315572599885
0.4195164580537082
0.42362977436671084
0.4277527678120024
0.43188510313312034
0.43602644642930505
0.4401764649482637
0.44433482690601533
0.44850120132796517
0.45267525790589913
0.4568566668660262
0.4610450988437124
0.4652402247611207
0.46944171570482446
0.47364924280109594
0.4778624770875237
0.4820810893805926
0.4863047501395632
0.4905331293279835
0.49476589627477924
0.4990027195373417
0.5032432667693845
0.5074872045964407
0.5117341985016934
0.5159839127247795
0.5202360101754209
0.5244901523636327
0.5287459993473582
0.533003209698062
0.5372614404842092
0.5415203472720004
0.5457795841425397
0.5500388037240886
0.5542976572380323
0.5585557945568175
0.5628128642722776
0.5670685137725028
0.5713223893254652
0.5755741361677138
0.5798233985963702
0.5840698200628969
0.5883130432670588
0.5925527102497276
0.5967884624833707
0.6010199409589881
0.6052467862689876
0.6094686386850185
0.6136851382306446
0.6178959247484644
0.6221006379617302
0.6262989175306749
0.6304904031036712
0.6346747343638608
0.6388515510715127
0.6430204931026379
0.6471812004846516
0.6513333134293103
0.6554764723636552
0.6596103179595528
0.6637344911621702
0.6678486332180873
0.671952385703469
0.676045390552685
0.6801272900878993
0.6841977270498203
0.6882563446300818
0.6923027865051726
0.6963366968721795
0.7003577204861866
0.7043655026992425
0.7083596895006132
0.7123399275581453
0.7163058642602329
0.7202571477582742
0.7241934270090914
0.7281143518172022
0.7320195728767416
0.7359087418126566
0.7397815112214765
0.7436375347112547
0.747476466940969
0.751297963659153
0.7551016817421896
0.7588872792317655
0.7626544153720217
0.766402750646154
0.770131946812641
0.7738416669411778
0.7775315754484786
0.7812013381342534
0.7848506222175964
0.7884790963743066
0.7920864307755504
0.7956722971281489
0.7992363687172441
0.8027783204511835
0.8062978289090713
0.8097945723906061
0.8132682309680755
0.8167184865397845
0.8201450228843445
0.8235475257149686
0.8269256827328751
0.8302791836790079
0.8336077203834789
0.8369109868119382
0.8401886791087354
0.8434404956364405
0.8466661370119362
0.8498653061388317
0.8530377082369013
0.8561830508682854
0.8593010439613354
0.8623913998320196
0.8654538332036028
0.868488061224624
0.8714938034857153
0.8744707820353778
0.8774187213950417
0.8803373485735098
0.8832263930809909
0.8860855869429716
0.8889146647138504
0.8917133634905443
0.8944814229261919
0.8972185852440029
0.8999245952512993
0.9025992003537416
0.9052421505700776
0.9078531985471463
0.9104320995752424
0.9129786116040993
0.9154924952591845
0.9179735138585732
0.9204214334302683
0.9228360227300061
0.9252170532595256
0.9275642992853667
0.9298775378580157
0.9321565488314308
0.9344011148831166
0.9366110215343363
0.9387860571706832
0.940926013063003
0.9430306833883935
0.9450998652514452
0.9471333587056121
0.9491309667745619
0.9510924954737144
0.9530177538315485
0.9549065539110677
0.9567587108309468
0.9585740427866192
0.9603523710712485
0.9620935200962152
0.9637973174115809
0.9654635937261675
0.9670921829272658
0.9686829221000566
0.9702356515466799
0.9717502148049605
0.9732264586667647
0.9746642331960271
0.9760633917465147
0.9774237909791077
0.9787452908791088
0.9800277547729742
0.9812710493450744
0.9824750446541307
0.9836396141495106
0.9847646346874258
0.9858499865469008
0.9868955534457876
0.9879012225565317
0.9888668845218879
0.9897924334706523
0.9906777670330326
0.9915227863562243
0.9923273961196899
0.9930915045502154
0.993815023437143
0.9944978681471154
0.995139957638911
0.9957412144779597
0.9963015648508126
0.9968209385793269
0.9972992691347139
0.9977364936514231
0.9981325529407155
0.9984873915040888
0.9988009575464091
0.9990732029887377
0.9993040834808508
0.9994935584133912
0.9996415909295742
0.999748147936514
0.9998132001158959
0.9998367219343461
0.9998186916529266
0.999759091336246
0.9996579068607709
0.9995151279224379
0.9993307480437983
0.999104764579981
0.9988371787243784
0.9985279955132859
0.99817722382989
0.9977848764074878
0.9973509698318159
0.9968755245427486
0.9963585648350538
0.9958001188584503
0.9952002186167954
0.9945588999664118
0.9938762026137564
0.9931521701120833
0.9923868498573366
0.9915802930833181
0.9907325548559127
0.9898436940665407
0.9889137734248675
0.9879428594506712
0.986931022464965
0.9858783365803638
0.9847848796907658
0.9836507334602574
0.9824759833114575
0.9812607184130665
0.9800050316668888
0.9787090196941993
0.9773727828215064
0.9759964250657659
0.9745800541189754
0.9731237813322474
0.9716277216992907
0.9700919938394306
0.9685167199799528
0.9669020259381008
0.9652480411024429
0.9635548984137529
0.9618227343455018
0.9600516888837753
0.9582419055068
0.9563935311640708
0.9545067162549591
0.9525816146070786
0.9506183834540928
0.948617183413322
0.9465781784628956
0.9445015359185435
0.9423874264102409
0.9402360238583242
0.9380475054495134
0.9358220516125784
0.9335598459937673
0.9312610754321378
0.9289259299345287
0.9265546026505322
0.9241472898472775
0.9217041908841088
0.9192255081872691
0.9167114472245274
0.9141622164797508
0.9115780274276697
0.9089590945085191
0.9063056351029037
0.9036178695067215
0.9008960209062005
0.8981403153530367
0.8953509817397761
0.8925282517751565
0.8896723599597579
0.8867835435617091
0.8838620425925365
0.8809080997831222
0.8779219605598805
0.8749038730210057
0.8718540879128436
0.8687728586065452
0.865660441074714
0.8625170938684428
0.8593430780943395
0.8561386573919576
0.8529040979113264
0.8496396682907684
0.8463456396349858
0.8430222854932717
0.839669881838097
0.836288707043714
0.8328790418650195
0.8294411694164547
0.8259753751509844
0.8224819468390416
0.8189611745473402
0.8154133506175778
0.8118387696448571
0.8082377284559118
0.8046105260868446
0.8009574637606897
0.797278844864419
0.7935749749256188
0.7898461615887291
0.7860927145909091
0.7823149457373388
0.7785131688762645
0.7746876998732339
0.7708388565849652
0.7669669588322279
0.7630723283718021
0.7591552888671462
0.7552161658573209
0.7512552867239176
0.7472729806554216
0.743269578608398
0.7392454132651246
0.7352008189871019
0.731136131763749
0.7270516891562591
0.7229478302359159
0.7188248955170433
0.7146832268843153
0.7105231675148206
0.7063450617949605
0.7021492552327389
0.6979360943657122
0.6937059266652426
0.6894591004370847
0.6851959647188105
0.6809168691738149
0.6766221639818283
0.6723121997254382
0.6679873272722251
0.6636478976518257
0.6592942619273564
0.6549267710606496
0.6505457757710206
0.6461516263870576
0.6417446726915524
0.637325263759252
0.632893747787656
0.6284504719208471
0.6239957820666954
0.6195300227075401
0.6150535367046359
0.6105666650969543
0.6060697468944285
0.6015631188661045
0.5970471153234675
0.5925220678986994
0.5879883053180681
0.5834461531693274
0.5788959336624221
0.5743379653817876
0.5697725630279128
0.5652000371454255
0.5606206938340447
0.5560348344381134
0.5514427552094135
0.5468447469373916
0.5422410945399505
0.5376320766069587
0.5330179648879014
0.5283990237137928
0.5237755093424064
0.5191476692149305
0.5145157411098188
0.5098799521789291
0.5052405178478163
0.5005976405605181
0.49595150834499774
0.4913022931727495
0.4866501490802478
0.4819952100153717
0.47733758736441356
0.47267736710769565
0.46801460654174754
0.46334933049519617
0.4586815269516943
0.4540111419786553
0.4493380738433725
0.4446621661799636
0.43998320005287345
0.43530088474688217
0.4306148471066075
0.42592461925767783
0.4212296245868738
0.4165291619685981
0.41182238845896196
0.4071083011371319
0.402385719645457
0.39765327260271105
0.39290939406522707
0.38815234173390556
0.3833802587502552
0.38061089443872465
0.3801867874977709
0.37973288559774687
0.3792492615185698
0.3787360276694653
0.37819333629678215
0.37762137961580616
0.37702038985168107
0.37639063917018106
0.37573243947476853
0.37504614204315334
0.3743321369739419
0.3735908524125035
0.3728227535245609
0.37202834118580075
0.3712081503564278
0.37036274810982045
0.36949273128494065
0.36859872373212915
0.3676813731221705
0.36674134728874647
0.36577933007613417
0.36479601666740397
0.3637921083749032
0.36276830688535655
0.3617253079674881
0.36066379467110726
0.3595844300735457
0.35848784966157127
0.3573746534732887
0.35624539816384787
0.3551005891975896
0.35394067340520746
0.35276603217316843
0.3515769755512927
0.35037373756738877
0.3491564730242377
0.34792525602030344
0.34668008038157766
0.34542086211950473
0.3441474439422502
0.34285960174958086
0.3415570529424266
0.34023946628512974
0.33890647297940757
0.33755767855112606
0.33619267511982504
0.3348110536181697
0.33341241555473944
0.3319963839648797
0.3305626132659575
0.3291107978179142
0.32764067908004635
0.3261520513433755
0.32808385262614875
0.3320899495307415
0.3360799052796854
0.34006126647719465
0.3440393699405459
0.34801801291362366
0.35199991618239496
0.3559870389096709
0.35998079368970115
0.3639821952333576
0.3679919646592384
0.3720106037286836
0.37603844843713163
0.3800757082135554
0.38412249493861333
0.38817884465885266
0.3922447339920065
0.39632009262598766
0.4004048129116621
0.40449875727124684
0.408601763950373
0.41271365150417344
0.4168342223095963
0.4209632653244566
0.42510055826127285
0.4292458693049898
0.43339895847431575
0.4375595787038764
0.44172747670777374
0.4459023936712575
0.4500840658076205
0.4542722248087048
0.45846659821196306
0.4626669097011779
0.4668728793549273
0.47108422385357523
0.475300656653043
0.4795218881324294
0.4837476257206017
0.4879775740061445
0.492211434834311
0.49644890739366737
0.5006896882948628
0.5049334716434958
0.5091799491086159
0.513428809988056
0.5176797412716475
0.521932427702978
0.526186551840252
0.5304417941165646
0.5346978328999281
0.5389543445530709
0.5432110034932947
0.5474674822524789
0.5517234515374858
0.5559785802911205
0.5602325357541824
0.5644849835288072
0.5687355876436924
0.5729840106216284
0.5772299135497382
0.5814729561529398
0.5857127968706831
0.5899490929373302
0.5941815004659318
0.5984096745351641
0.6026332692788812
0.6068519379776617
0.6110653331511311
0.6152731066502385
0.6194749097479026
0.6236703932269965
0.6278592074640124
0.6320410025075893
0.6362154281503437
0.6403821339936298
0.6445407695044058
0.6486909840641564
0.6528324270100626
0.6569647476689394
0.6610875953848856
0.6652006195419068
0.6693034695828102
0.6733957950262863
0.6774772454835194
0.6815474706761587
0.6856061204571845
0.6896528448359558
0.6936872940084334
0.6977091183934148
0.7017179686750776
0.7057134958519216
0.7096953512917471
0.7136631867921007
0.7176166546453956
0.7215554077076333
0.7254790994695582
0.7293873841292219
0.7332799166646721
0.7371563529056905
0.7410163496036065
0.7448595644982768
0.7486856563814058
0.752494285155596
0.7562851118885807
0.7600577988621078
0.7638120096152029
0.76754740898155
0.771263663120812
0.7749604395439993
0.7786374071328885
0.7822942361541405
0.7859305982683638
0.7895461665353863
0.7931406154165225
0.7967136207754469
0.8002648598791569
0.8037940114008374
0.8073007554264593
0.8107847734667092
0.8142457484761803
0.8176833648805604
0.8210973086129844
0.8244872671597206
0.8278529296147508
0.8311939867424979
0.8345101310473448
0.8378010568481091
0.8410664603555456
0.844306039750982
0.8475194952638749
0.8507065292467226
0.8538668462459817
0.8570001530675744
0.8601061588367271
0.8631845750513518
0.8662351156293856
0.869257496949894
0.8722514378887258
0.875216659848988
0.8781528867872136
0.8810598452356927
0.8839372643217182
0.8867848757843465
0.8896024139891322
0.8923896159415412
0.8951462212991184
0.8978719723831107
0.900566614189511
0.9032298944000267
0.9058615633928413
0.9084613742535274
0.9110290827860732
0.9135644475240392
0.9160672297419168
0.9185371934667916
0.9209741054899978
0.923377735379217
0.9257478554904331
0.9280842409804041
0.9303866698189875
0.9326549228018621
0.9348887835632558
0.9370880385891089
0.9392524772302404
0.9413818917159654
0.9434760771679712
0.9455348316145197
0.9475579560050544
0.9495452542251306
0.9514965331118848
0.9534116024697159
0.9552902750865645
0.9571323667503535
0.9589376962660586
0.9607060854728551
0.9624373592617806
0.9641313455935271
0.9657878755166454
0.9674067831857678
0.9689879058802581
0.9705310840227991
0.9720361611982388
0.9735029841725205
0.9749314029115516
0.9763212706002555
0.9776724436614265
0.9789847817746583
0.9802581478950932
0.9814924082720694
0.9826874324675853
0.9838430933746151
0.9849592672351727
0.9860358336582145
0.9870726756372494
0.9880696795677848
0.9890267352645367
0.9899437359783532
0.990820578412948
0.9916571627415095
0.9924533926228938
0.9932091752177914
0.9939244212044994
0.9945990447946144
0.9952329637484006
0.9958260993899285
0.9963783766220242
0.9968897239409045
0.997360073450578
0.9977893608769929
0.9981775255818455
0.998524510576282
0.9988302625339945
0.999094731804321
0.9993178724248145
0.9994996421335443
0.9996400023809245
0.9997389183413292
0.999796358924023
0.9998122967837931
0.9997867083310031
0.9997195737411246
0.9996108769636284
0.9994606057303633
0.9992687515631794
0.9990353097809268
0.9987602795057563
0.9984436636686942
0.9980854690144766
0.9976857061057042
0.9972443893261534
0.9967615368834277
0.9962371708109324
0.9956713169689471
0.9950640050451608
0.9944152685544593
0.9937251448379295
0.9929936750613098
0.992220904212695
0.9914068810995611
0.9905516583452333
0.9896552923845282
0.9887178434589171
0.9877393756108895
0.9867199566777505
0.9856596582846436
0.9845585558370307
0.983416728512355
0.982234259251079
0.9810112347469888
0.9797477454367362
0.9784438854887909
0.9770997527914638
0.9757154489403076
0.9742910792247746
0.9728267526140515
0.9713225817421611
0.9697786828924588
0.96819517598112
0.9665721845401595
0.9649098356995915
0.9632082601688404
0.9614675922176139
0.959687969655888
0.9578695338133647
0.956012429518221
0.9541168050751697
0.9521828122430278
0.9502106062115236
0.9482003455777039
0.9461521923217511
0.9440663117823185
0.9419428726315134
0.9397820468494903
0.93758400969882
0.9353489396986022
0.9330770185985866
0.9307684313532105
0.9284233660957395
0.926042014112654
0.9236245698182444
0.9211712307295199
0.9186821974416266
0.9161576736036409
0.9135978658949081
0.911002984001784
0.9083732405950562
0.9057088513075973
0.9030100347126686
0.9002770123024124
0.8975100084667388
0.8947092504723544
0.891874968441896
0.889007395333148
0.8861067669179653
0.8831733217613086
0.880207301199798
0.8772089493201006
0.8741785129369114
0.8711162415706251
0.8680223874247003
0.8648972053626756
0.861740952884941
0.8585538901053549
0.8553362797276801
0.8520883870219448
0.8488104798007972
0.8455028283958484
0.8421657056339735
0.8387993868135708
0.8354041496807179
0.8319802744051585
0.828528043555804
0.8250477420758784
0.821539657257321
0.8180040787142377
0.8144412983553422
0.8108516103550503
0.8072353111231043
0.803592699272425
0.7999240755851865
0.7962297429768
0.7925100064577587
0.7887651730932198
0.7849955519601177
0.7812014541018597
0.777383192480368
0.7735410819254341
0.7696754390811729
0.7657865823494815
0.7618748318303137
0.7579405092585082
0.7539839379369208
0.7500054426656176
0.7460053496668705
0.7419839865055773
0.7379416820049294
0.7338787661569509
0.7297955700278184
0.7256924256575317
0.7215696659540892
0.7174276245816461
0.7132666358429482
0.7090870345555307
0.7048891559219627
0.7006733353937966
0.6964399085291607
0.6921892108438982
0.6879215776558614
0.6836373439221064
0.6793368440684481
0.6750204118108474
0.6706883799675184
0.6663410802610527
0.6619788431087862
0.6576019974000084
0.6532108702581072
0.6488057867849417
0.6443870697853324
0.639955039468354
0.6355100131223129
0.6310523047600114
0.626582224730389
0.622100079292559
0.617606170148206
0.613100793927395
0.6085842416231655
0.6040567979691374
0.59951874075418
0.5949703400668368
0.5904118574613437
0.5858435450354691
0.581265644408523
0.5766783855858083
0.5720819856926976
0.567476647558708
0.5628625581274093
0.5582398866637345
0.5536087827241332
0.5489693738482009
0.5443217629220871
0.5396660251534366
0.5350022045853873
0.5303303100614193
0.5256503105338145
0.5209621295849097
0.5162656390004036
0.5115606511971548
0.506846910260914
0.5021240812904869
0.4973917376699381
0.4926493457956478
0.4878962466642571
0.48313163357584565
0.47835452501595055
0.4735637315454965
0.4687578152490633
0.4639350399820112
0.4590933103641364
0.4542300973213228
0.44934234828702435
