1.0
0.9998939067314505
0.999578048099795
0.9990518164855308
0.9983155106209848
0.9973695484706799
0.9962144668025212
0.9948509207274622
0.9932796831378666
0.9915016440452402
0.9895178098180405
0.9873293023203799
0.9849373579526116
0.9823433265947987
0.9795486704542796
0.9765549628185224
0.9733638867147216
0.969977233477512
0.9663969012264156
0.9626248932547025
0.9586633163313224
0.9545143789178813
0.9501803893025327
0.9456637536527752
0.9409669739893576
0.9360926460834066
0.9310434572790782
0.9258221842440765
0.9204316906504827
0.9148749247883231
0.9091549171145319
0.9032747777398088
0.8972376938561945
0.891046927107961
0.8847058109087228
0.8782177477075575
0.8715862062070411
0.864814718536124
0.8579068773807846
0.8508663330755775
0.8436967906589785
0.8364020068956901
0.8289857872689317
0.8214519829459574
0.8138044877196814
0.8060472349297987
0.798184194366407
0.7902193691593308
0.7821567926563642
0.774000525293405
0.765754651459779
0.7574232763618779
0.7490105228881618
0.7405205284786447
0.7319574420020334
0.7233254206434228
0.7146286268057
0.7058712250275521
0.6970573789211704
0.6881912481324374
0.6792769853265156
0.6703187332016937
0.6613206215342426
0.6522867642570467
0.6432212565746116
0.634128172117165
0.6250115601363122
0.6158754427448027
0.6067238122028171
0.5975606282530991
0.5883898155072563
0.5792152608854461
0.5700408111115463
0.5608702702658898
0.5517073973975548
0.5425559041981022
0.5334194527385481
0.5243016532713441
0.5152060620989926
0.5061361795107149
0.49709544778909454
0.4880872492873317
0.479114904579095
0.47018167068178607
0.461290739354411
0.45244523547105686
0.4436482154709101
0.43490266588559695
0.42621150194395485
0.41757756625751546
0.40900362758348746
0.40049237966689266
0.3920464401641307
0.38366834964629387
0.3753605706828984
0.3671254870061256
0.35896540275556915
0.3508825418033218
0.34287904715923595
0.33495698045605377
0.32711832151402354
0.3193649679845503
0.3116987350722946
0.30412135533479745
0.29663447856015546
0.2892396717204113
0.2819384189998664
0.2747321218988731
0.267622099410751
0.2606095882702601
0.2536957432748296
0.24688163767470717
0.24016826363223157
0.2335565327474573
0.2270472766518824
0.22064124766414822
0.21433911950989828
0.20814148810266472
0.20204887238444305
0.19606171522394672
0.1901803843712156
0.18440517346781815
0.17873630310716956
0.1731739219476501
0.16771810787390393
0.16236886920442584
0.15712614594590452
0.1519898110899683
0.14695967194908138
0.1420354715332958
0.13721688996349812
0.1325035459194988
0.12789499812049288
0.12339074683698088
0.1189902354319913
0.11469285192729343
0.1104979305941481
0.10640475356728153
0.10241255247884601
0.09852051011053256
0.09472776206180596
0.09103339843253651
0.08743646551621988
0.08393596750523652
0.0805308682027831
0.07722009273922924
0.07400252929654416
0.07087703083109462
0.0678424167974262
0.0648974748702115
0.0620409626646823
0.0592716094437783
0.05658811782555242
0.053989165479894435
0.05147340681201222
0.049039474632865905
0.04668598181593716
0.04441152294014473
0.04221467590822545
0.04009400355075811
0.038048055204477065
0.03607536827105973
0.03417446974835853
0.032343877735568065
0.030582102909609447
0.028887649971009753
0.02725901905723496
0.02569470712536361
0.024193209286758947
0.022753020108285112
0.0213726348812282
0.020050550830058116
0.018785268278033666
0.017575291758032602
0.01641913106483212
0.015315302234618602
0.014262328457770675
0.01325874089797763
0.012303079412724896
0.011393893153705602
0.010529741009877884
0.009709191874364058
0.008930824720628052
0.00819322823193375
0.007495000145188663
0.006834746033844166
0.006211077281090496
0.005622607909245866
0.005067949737794176
0.004545704963658502
0.004054454605576166
0.0035927401159801327
0.0031590335895091883
0.002751685501094906
0.002368829511257958
0.0020081923591125676
0.0016666660433985979
0.0013391528204608953
0.0012685335405937075
0.0012802610545153328
0.0012918848738002265
0.001303416592107533
0.0013148350749779348
0.0013260966826758457
0.0013371623113038065
0.0013480115064769648
0.001358639252873555
0.001369047742491615
0.001379240928105826
0.0013892221636424887
0.0013989936089114055
0.0014085563669480332
0.0014179104742388416
0.0014270555614635245
0.0014359907773668636
0.0014447149749342509
0.0014532268200926645
0.0014615248599479478
0.0014696075694087376
0.0014774733782113802
0.0014851207969929369
0.0014925480907618653
0.0014997537382067257
0.0015067361856637726
0.0015134939070296546
0.0015200254093188214
0.0015263292375474668
0.0015324039775053444
0.001538248279772758
0.001543860840348306
0.001575062359814195
0.0016742643172871876
0.0017790329090308418
0.001889632595037956
0.002006337589167305
0.0021294320708252173
0.0022592105153778548
0.0023959778903540362
0.0025400498594597616
0.002691753044367171
0.0028514252485280513
0.00301941567541568
0.0031960851296579827
0.0033818062205436933
0.0035769635525571765
0.0037819539151920122
0.0039971864637544366
0.0042230828957571555
0.004460077622061766
0.004708617933049161
0.00496916415704356
0.005242189819397799
0.005528181792287362
0.005827640426014894
0.006141079674237315
0.006469027238149552
0.006812024675973283
0.00717062752888162
0.007545405372082232
0.00793694192532597
0.008345835113133896
0.008772697129123402
0.009218154506754412
0.009682848132352482
0.010167433274953062
0.010672579595749337
0.01119897114327547
0.011747306330381548
0.01231829790497387
0.012912672904910867
0.013531172584222585
0.014174552328454654
0.014843581556806784
0.015539043610179777
0.016261735611040676
0.01701246831659245
0.0177920659452851
0.01860136598900568
0.019441219004234185
0.02031248838442324
0.02121605010656706
0.022152792480080924
0.023123615819835235
0.02412943218235853
0.025171165019159253
0.02624974880967013
0.02736612870399206
0.028521260124084985
0.029716108345804987
0.030951648059791177
0.03222886290994457
0.0335487450092002
0.03491229443082468
0.03632051868741051
0.03777443217104009
0.03927505557959474
0.04082341531950317
0.04242054288813143
0.04406747422539996
0.04576524905295149
0.04751491018157636
0.04931750280449999
0.05117407376245628
0.05308567079125546
0.05505334174071714
0.057078133784737174
0.05916109256679114
0.06130326139740173
0.0635056803771255
0.06576938551328464
0.06809540781656825
0.07048477237788128
0.0729384974259472
0.07545759336609839
0.07804306180080887
0.0806958945302287
0.08341707253929162
0.08620756497582095
0.08906832809009545
0.09200030417862394
0.09500442050623384
0.0980815882149246
0.10123270122832999
0.1044586351263938
0.10776024602197283
0.11113836942334053
0.11459381908967499
0.11812738586780769
0.12173983653507002
0.12543191262801756
0.1292043292650194
0.1330577739659757
0.13699290546754322
0.1410103525362435
0.14511071277964127
0.14929455145769122
0.1535624002946009
0.15791475629097468
0.16235208054307382
0.16687479706410988
0.17148329161066342
0.1761779105175028
0.1809589595399169
0.1858267027052899
0.19078136117667038
0.1958231121277609
0.20095208763123587
0.20616837356223147
0.21147200851813922
0.21686298275583035
0.22234123714824847
0.2279066621616178
0.23355909685261284
0.23929832789109093
0.24512408860611737
0.2510360580579704
0.25703386013763
0.2631170626952341
0.26928517669847646
0.27553765542184155
0.2818738936695186
0.2882932270323208
0.2947949311798585
0.30137822118991364
0.30804225091548093
0.3147861123916355
0.3216088352830629
0.3285093863734913
0.33548666909833647
0.34253952312175306
0.34966672395925746
0.356866982647069
0.3641389454592939
0.37148119367401616
0.3788922433893835
0.38637054539064386
0.39391448506918403
0.4015223823944346
0.40919249193958845
0.4169230029619823
0.4247120395389229
0.4325576607597541
0.4404578609748617
0.44841057010231555
0.45641365399271616
0.46446491485287705
0.4725620917287949
0.480702861048417
0.4888848372245753
0.49710557331845656
0.5053625617638641
0.513653235152586
0.5219749670808629
0.5303250730572917
0.5387008114720135
0.5470993846272663
0.5555179398292104
0.5639535705408151
0.5724033175956859
0.580864170472467
0.5893330686295075
0.5978069028994022
0.6062825169428155
0.614756708761176
0.6232262322675154
0.6316877989147894
0.6401380793809311
0.6485737053098077
0.6569912711071437
0.665387335790471
0.6737584248921258
0.6821010324140098
0.6904116228331861
0.6986866331568335
0.7069224750254387
0.7151155368627149
0.7232621860709093
0.731358771269919
0.7394016245786756
0.7473870639371784
0.755311395467491
0.7631709158718831
0.7709619148663733
0.7786806776478103
0.7863234873924648
0.7938866277843033
0.8013663855707773
0.8087590531441026
0.8160609311458964
0.8232683310929767
0.8303775780220685
0.8373850131512424
0.8442869965556036
0.8510799098550692
0.8577601589116989
0.8643241765342391
0.8707684251873528
0.8770893997031473
0.8832836299923522
0.8893476837527613
0.8952781691722452
0.9010717376238281
0.9067250863502172
0.9122349611351475
0.9175981589589766
0.9228115306358349
0.9278719834297448
0.9327764836470532
0.9375220592025294
0.9421058021565206
0.9465248712205186
0.9507764942285228
0.954857970571639
0.9587666735932551
0.9625000529422677
0.9660556368818306
0.9694310345510646
0.9726239381772819
0.9756321252361925
0.9784534605577846
0.9810858983753417
0.9835274843153857
0.9857763573261812
0.9878307515425228
0.9896889980846345
0.9913495267890459
0.9928108678692725
0.994071653504345
0.9951306193531541
0.9959866059926926
0.9966385602784147
0.997085536624802
0.9973266982045925
0.9973613180648863
0.9971887801586818
0.9968085802902686
0.996220326973212
0.9954237421993984
0.9944186621182135
0.9932050376243884
0.9917829348536982
0.9901525355854723
0.9883141375509812
0.9862681546470489
0.984015117054088
0.981555671258074
0.978890579975917
0.9760207219838258
0.9729470918484671
0.9696707995606408
0.9661930700714434
0.9625152427309144
0.9586387706293072
0.9545652198411793
0.9502962685727224
0.9458337062125595
0.9411794322868812
0.9363354553191633
0.9313038915955871
0.9260869638366938
0.9206869997765164
0.9151064306499562
0.9093477895897993
0.9034137099344683
0.8973069234479416
0.8910302584532821
0.8845866378812717
0.8779790772358669
0.8712106824781592
0.8642846478307018
0.8572042535040653
0.8499728633477215
0.8425939224272228
0.835070954529987
0.8274075596018368
0.8196074111166882
0.8116742533817647
0.8036118987808816
0.7954242249582691
0.7871151719456374
0.7786887392351246
0.7701489828008965
0.7615000120722247
0.7527459868608671
0.7438911142456923
0.7349396454175138
0.725895872487148
0.7167641252597017
0.7075487679782468
0.6982541960399128
0.6888848326876355
0.6794451256806652
0.669939543947056
0.6603725742213331
0.6507487176705999
0.6410724865122427
0.6313484006265714
0.6215809841675233
0.6117747621747048
0.601934257190043
0.592063985882112
0.5821684556814388
0.5722521614298772
0.5623195820471735
0.5523751772178219
0.5424233841012682
0.5324686140683669
0.5225152494671518
0.5125676404207256
0.5026301016600907
0.4927069093946442
0.4828022982231258
0.4729204580874359
0.4630655312719548
0.45324160945068814
0.44345273078461517
0.4337028770712869
0.4239959709488497
0.41433587315619824
0.4047263798511118
0.3951712199877397
0.3856740527547704
0.3762384650752764
0.36686796916902253
0.3575660001778164
0.3483359138540268
0.33918098431234106
0.3301044018442519
0.32110927079460505
0.31219860749887846
0.3033753382795427
0.29464229749904464
0.28600222566640143
0.27745776759342805
0.26901147059573627
0.2606657827324858
0.2524230510775419
0.244285520013106
0.2362553295351312
0.22833451355742662
0.2205249981988735
0.2128286000347887
0.20524702428947048
0.19778186294218686
0.190434592712681
0.183206572884777
0.17609904291719006
0.16911311977863636
0.16224979492910768
0.15550993084956155
0.14889425699688474
0.1424033650278279
0.1360377030918002
0.12979756893406508
0.12368310147213904
0.11769427040088723
0.11183086323343047
0.10609246897710595
0.10047845734792579
0.09498795199892889
0.08961979560675246
0.08437250371124899
0.07924420274070156
0.07423254534513649
0.06933459240186673
0.06454664473591451
0.059863996547011175
0.055280562326163664
0.0507882900599838
0.04637619330043208
0.04202865589617142
0.03772222215288668
0.03341884026976617
0.029049276243155075
0.024460844176668176
0.019138759695596985
0.013153661790904625
0.013189977100459604
0.013223106634618875
0.01325302199327658
0.013279697709770244
0.013303108942662685
0.013323231658452122
0.013340042971637081
0.013353521469559135
0.0133636474797067
0.013370403260331726
0.013373773105193606
0.013373743362200052
0.013370302374692108
0.013363440361789571
0.013353149259474499
0.013339422546350756
0.013322255077208748
0.013301642944573106
0.013277583383950398
0.013250074733209468
0.013219116451013153
0.01318470919349081
0.013146854943029425
0.013105557178793411
0.013060821075862344
0.013012653719363786
0.012961064321359843
0.012906064430601561
0.012847668128325484
0.012785892205401942
0.012720756317416409
0.012652283114734948
0.012580498344105531
0.012505430917464347
0.01242711294288049
0.012345579712344849
0.012260869642617276
0.012173024168901436
0.012082087597085237
0.011988106926531824
0.011891131660132335
0.011791213618440283
0.011688406770214599
0.011582767084275417
0.011474352400465935
0.011363222312714721
0.01124943805528275
0.011133062383679152
0.011014159442856606
0.010892794615579376
0.01076903434296623
0.010642945905696937
0.010514597148490203
0.010384056122954998
0.010251390615479113
0.010116667520734994
0.00997995202276243
0.009841306566227783
0.00970078966296197
0.009558454723147718
0.009414349385586477
0.009268516301854596
0.009120996959687558
0.00897184053903969
0.008821118965647641
0.008668945738246722
0.00851548953356558
0.008360968774987787
0.00820561983959837
0.008049651299017519
0.00789321131094712
0.007736385404854074
0.007579217920754488
0.007421738531605545
0.007263981090319939
0.007105992302307102
0.006947833130595866
0.006789576467962222
0.006631303470278292
0.006473099863245303
0.006315052923413749
0.0061572495081741695
0.005999775249628038
0.005842714779180925
0.005776410041516251
0.005868285538950622
0.006121870294253106
0.0063851867310962245
0.00665855998045934
0.006942323276722147
0.007236817940906289
0.007542393395125566
0.007859407196276882
0.008188225079941406
0.008529221008699999
0.008882777221054228
0.009249284278854141
0.009629141112517708
0.01002275506487002
0.010430541936168188
0.010852926034488558
0.011290340236889209
0.011743226066816445
0.012212033791824069
0.012697222543124805
0.013199260454980221
0.01371862481868482
0.01425580224305442
0.014811288811820476
0.015385590227887477
0.01597922193515613
0.016592709210165736
0.017226587217777273
0.01788140102707996
0.0185577055849004
0.019256065645059755
0.01997705565193161
0.02072125957815271
0.02148927071940295
0.022281691454758938
0.023099132988836407
0.02394221509993726
0.02481156592276477
0.025707821790964876
0.026631627151789496
0.027583634545662383
0.02856450462461551
0.02957490617264597
0.030615516090967992
0.031687019320812713
0.03279010869228136
0.033925484705976415
0.035093855270036806
0.036295935423506155
0.03753244707426545
0.03880411876721644
0.04011168548192768
0.041455888445737686
0.04283747494267776
0.04425719810049523
0.04571581664424588
0.047214094611871704
0.048752801032283154
0.05033270956909802
0.05195459813388755
0.05361924847240048
0.05532744572670265
0.05707997797585265
0.058877635757700685
0.0607212115745517
0.06261149938556275
0.06454929408869421
0.06653539099471412
0.06857058529517567
0.07065567152553319
0.07279144302369135
0.07497869138350496
0.07721820590212587
0.07951077301971493
0.08185717574998652
0.08425819310023928
0.08671459947991535
0.08922716409723458
0.09179665034382076
0.0944238151676006
0.09710940843432449
0.09985417227791685
0.10265884043964846
0.10552413759565873
0.10845077867204482
0.11143946814642386
0.11449089933479055
0.11760575366267288
0.12078469991987587
0.12402839349867391
0.1273374756158498
0.13071257251956195
0.13415429468248533
0.13766323598300412
0.14123997287637932
0.14488506355796835
0.1485990471204248
0.1523824427067112
0.1562357486607981
0.16015944167765497
0.16415397595413403
0.16821978234215984
0.17235726750545968
0.17656681308074432
0.18084877484382908
0.18520348188052368
0.18963123576137028
0.19413230971846593
0.1987069478216887
0.20335536415111738
0.20807774196226694
0.2128742328414685
0.2177449558502726
0.22268999665992248
0.2277094066795461
0.23280320218361863
0.2379713634451573
0.24321383388074336
0.24853051921180214
0.2539212866445982
0.259385964069501
0.26492433927886505
0.2705361592024638
0.2762211291595683
0.28197891212750814
0.2878091280270757
0.2937113530256982
0.2996851188596698
0.3057299121766834
0.3118451738999142
0.3180302986145324
0.3242846339773322
0.3306074801499292
0.33699808925569846
0.3434556648607369
0.34997936147899505
0.356568284101999
0.36322148775381785
0.3699379770720471
0.37671670591594153
0.3835565770029733
0.39045644157501846
0.39741509909563255
0.4044312969795279
0.41150373035537474
0.41863104186292177
0.42581182148522917
0.4330446064167598
0.44032788096802794
0.44766007650745687
0.4550395714411412
0.4624646912312596
0.4699337084538113
0.4774448428966143
0.48499626169825444
0.49258607952888667
0.5002123588136823
0.5078731099997158
0.5155662918669536
0.5232898118840509
0.5310415266093677
0.5388192421377587
0.5466207145933338
0.5544436506684998
0.5622857082093204
0.5701444968474366
0.5780175786786272
0.5859024689880719
0.5937966370225854
0.6016975068098269
0.6096024580246319
0.6175088269022969
0.6254139071987506
0.6333149511973473
0.6412091707619699
0.6490937384362657
0.6569657885888952
0.6648224186046198
0.6726606901212377
0.6804776303121534
0.6882702332144375
0.6960354611020687
0.7037702459038594
0.7114714906657609
0.7191360710568965
0.7267608369188774
0.7343426138576531
0.7418782048772488
0.7493643920546976
0.7567979382552182
0.7641755888868837
0.7714940736937064
0.7787501085861755
0.7859403975081584
0.7930616343390545
0.8001105048299558
0.8070836885726764
0.8139778610003465
0.8207896954182446
0.8275158650636713
0.8341530451932624
0.8406979151966053
0.8471471607345687
0.8534974759009365
0.8597455654058778
0.8658881467796692
0.8719219525952406
0.8778437327077907
0.8836502565098808
0.8893383152002893
0.8949047240648342
0.900346324767262
0.9056599876483146
0.910842614031017
0.9158911385301595
0.9208025313639693
0.9255738006659032
0.9302019947945955
0.9346842046399116
0.9390175659230475
0.9431992614887558
0.9472265235875491
0.9510966361459158
0.9548069370224815
0.9583548202479825
0.9617377382469984
0.9649532040392718
0.9679987934185635
0.9708721471067849
0.9735709728813506
0.9760930476735471
0.9784362196357735
0.9805984101755919
0.9825776159543237
0.9843719108481864
0.9859794478698211
0.9873984610481049
0.9886272672642398
0.9896642680419879
0.990507951290129
0.9911568929949454
0.991609758861018
0.9918653058981556
0.9919223839526586
0.9917799371809726
0.9914370054639395
0.9908927257597826
0.9901463333940893
0.9891971632850192
0.988044651102068
0.9866883343567328
0.9851278534234713
0.9833629524893623
0.9813934804309958
0.9792193916170556
0.9768407466352091
0.9742577129419836
0.9714705654341995
0.9684796869408729
0.9652855686342
0.9618888103587634
0.9582901208776905
0.9544903180349344
0.9504903288327028
0.9462911894233258
0.941894045014703
0.9373001496887348
0.93251086613218
0.9275276652793523
0.9223521258662821
0.9169859338959849
0.9114308820145225
0.9056888687977004
0.8997618979481871
0.8936520774031004
0.8873616183519645
0.8808928341652202
0.8742481392332899
0.8674300477165706
0.86044117220648
0.853284222297909
0.8459620030734524
0.8384774134998004
0.8308334447366718
0.8230331783588501
0.8150797844916251
0.8069765198603361
0.7987267257544062
0.790333825906484
0.7818013242872914
0.7731328028169228
0.7643319189933206
0.7554024034388358
0.7463480573657947
0.7371727499622168
0.7278804156986903
0.7184750515575232
0.7089607141851212
0.6993415169685185
0.6896216270367179
0.6798052621873423
0.6698966877390534
0.6599002133099678
0.6498201895224547
0.6396610046345138
0.6294270810979454
0.619122872043486
0.6087528576924457
0.5983215416941073
0.5878334473874282
0.5772931139848532
0.566705092675227
0.5560739426419258
0.545404226991518
0.534700508587002
0.5239673457785823
0.513209288023466
0.5024308713844201
0.4916366138951099
0.48083101077781254
0.47001852949656836
0.4592036046257204
0.44839063250971806
0.4375839656854976
0.42678790703273806
0.41600670361001296
0.40524454012603217
0.39450553198415206
0.3837937178250149
0.3731130514759874
0.36246739319579824
0.3518605000781225
0.34129601544668237
0.33077745703529055
0.3203082036964215
0.30989148031739794
0.29953034054022654
0.28922764677156265
0.2789860468251128
0.2688079463456943
0.2586954759043448
0.24865045129864877
0.23867432510147568
0.22876812681247116
0.2189323879848468
0.20916704727623045
0.19947132826777023
0.1898435797180079
0.18028106300531813
0.17077966371192912
0.16133349153527138
0.15193431107769506
0.14257070789929538
0.1332268236300128
0.12388035581809337
0.11449922878712733
0.10503568139855031
0.09541483599384487
0.08550984824100608
0.07507758380172717
0.06353427908114613
0.048299982668963334
0.040510857132491356
0.04085359778701796
0.04118102262398019
0.04149296488184574
0.04178927644905872
0.04206982926329993
0.042505897387192466
0.04314484789447678
0.043756896398228426
0.044341955392446994
0.0449000682780432
0.0454313738722757
0.04593607864362337
0.04641443215557567
0.04686671097759007
0.0472932062629924
0.04769421365945304
0.04807002634024165
0.0484209301799393
0.04874720068079147
0.04904910134198043
0.049326883208265726
0.04958078534834752
0.04981103601354186
0.050017854229171405
0.05020145158582928
0.050362034029538316
0.050499803497041834
0.0506149592983057
0.05070769920523645
0.050778220256194204
0.05082671932493183
0.0508533935269313
0.05085844054407381
0.05084205894078927
0.050804448523137966
0.05074581076056472
0.050666349252576785
0.050566270183378864
0.050445782668362645
0.050305098857770174
0.05014443362479778
0.049964003632074906
0.049764025553821985
0.049544713254714656
0.049306273823678824
0.049048902564101986
0.04877277735928414
0.048478053216719844
0.04816485812327828
0.04783329143695803
0.04748342574885824
0.04711531246241937
0.046728990446835955
0.046324496348328366
0.04590187476899761
0.045461186650064364
0.045002514718584595
0.04452596554738305
0.044031668417863906
0.043519771662901205
0.04299043758162431
0.042443837658961626
0.04188015127929858
0.041299574389395674
0.04070235092447926
0.04008884909440648
0.03945970767585107
0.03881603841401744
0.038159528831484615
0.037492113297971245
0.036815115369238774
0.03666858126305835
0.03699674682713187
0.037314343190854964
0.03762208058675485
0.037920081153876475
0.03820801331360712
0.03848526923867522
0.03875109046630214
0.03900463774222519
0.03924502573142258
0.03947134054352269
0.0396826506893603
0.03987801668831741
0.0400565015108138
0.04021718252177505
0.040359164871738705
0.04048159594707672
0.040583680333350254
0.04066469467475346
0.04072400179050351
0.0407610634244089
0.04077545105213038
0.040766854252136386
0.04073508625679281
0.04068008643541225
0.04060191961287508
0.040500772285336606
0.040376945947176716
0.04023084787929059
0.04006297985760792
0.03987392531578541
0.03966433553362112
0.03943491542440587
0.039186409465413644
0.03891958826332534
0.0386352361792835
0.038334140362490915
0.03801708146125556
0.03768482619727757
0.037338121902943555
0.03697769303374761
0.036604239580503246
0.03621843722371215
0.035820939000622866
0.03541237819786566
0.03499337214226382
0.03456452653636787
0.03412643996896795
0.033679708216334904
0.03322492792951541
0.03276269927261687
0.03229362703939181
0.03181831974154424
0.0313373861527119
0.031096837448308386
0.03112525769316987
0.03113714781610735
0.03113331411484673
0.031115962968428352
0.031090065652023057
0.031067343683695063
0.031080684308877345
0.03591839234682805
0.03866498329746217
0.04080799688865237
0.04266080248654962
0.04433172780457861
0.04587334860960397
0.04731577412139761
0.04867807598668465
0.04997318737795129
0.05121031969703365
0.05239627812600015
0.053536232717057874
0.054634197627661675
0.05569334379605949
0.05671621163047327
0.05770486105092681
0.05866098074260158
0.05958596986639879
0.06048100048700319
0.061347066001484866
0.06218501902855165
0.06299560108186655
0.06377946562512013
0.06453719563598252
0.06526931648944874
0.06597630473845625
0.06665859317036268
0.06731657226949206
0.06795058778338485
0.06856093309034003
0.06914783239200978
0.0697114024685315
0.0702515498037383
0.07076760758832135
0.0712562966305271
0.0716568100949733
0.0732105406658962
0.07526439839583567
0.07734517474104909
0.0794675937552821
0.08163418983791193
0.08384613932492833
0.0861042821244991
0.08840934137833724
0.09076199049406226
0.09316287821283986
0.09561263925937173
0.09811189921626741
0.10066127680625046
0.10326138490453382
0.10591283088496334
0.10861621659691026
0.11137213812813526
0.11418118543881821
0.1170439419154927
0.11996098387381902
0.12293288002777807
0.12596019093585123
0.12904346842979586
0.13218325502826397
0.13538008333530668
0.13863447542283255
0.14194694219636503
0.14531798274468966
0.14874808367561654
0.1522377184420425
0.1557873466637807
0.1593974134514298
0.1630683487384199
0.16680056662648995
0.17059446474834072
0.17445042364927069
0.17836880618735187
0.18234995694984485
0.1863942016813842
0.19050184671815776
0.1946731784211652
0.198908462601047
0.20320794392708733
0.20757184531339928
0.2120003672765319
0.21649368725991577
0.22105195892254215
0.22567531139101144
0.23036384847609329
0.2351176478567824
0.23993676023633972
0.24482120847616964
0.24977098671431847
0.2547860594759853
0.2598663607837851
0.26501179327555663
0.27022222733766466
0.27549750026129133
0.28083741542918655
0.2862417415396678
0.2917102118741406
0.2972425236133799
0.30283833720644426
0.308497275794686
0.31421892469120066
0.3200028309141384
0.32584850277033894
0.33175540948404264
0.3377229808645683
0.34375060700642135
0.34983763801586626
0.35598338375910726
0.3621871136284252
0.36844805632396893
0.3747653996496211
0.38113829032181973
0.3875658337898223
0.39404709406560645
0.4005810935610321
0.40716681292968
0.41380319091105316
0.42048912417562084
0.42722346717022414
0.4340050319647732
0.4408325881025306
0.44770486245698504
0.4546205390992628
0.46157825917968653
0.4685766208269729
0.4756141790677593
0.4826894457683335
0.48980088959972945
0.49694693602680484
0.5041259673216862
0.5113363226018346
0.5185762978932382
0.525844146219446
0.5331380777172874
0.5404562597805058
0.547796817232434
0.5551578325289168
0.5625373459927774
0.5699333560808032
0.5773438196844708
0.584766652465458
0.5921997292267801
0.5996408843208034
0.6070879120949836
0.6145385673765346
0.6219905659970647
0.6294415853584076
0.6368892650406317
0.6443312074534511
0.6517649785313657
0.6591881084727798
0.6665980925218276
0.6739923917910141
0.6813684341211019
0.6887236149747906
0.6960552983610934
0.7033608177898052
0.7106374772590023
0.7178825522815362
0.7250932909582601
0.7322669151040302
0.7394006214285876
0.7464915827694997
0.7535369493710062
0.7605338502012632
0.7674793943019733
0.7743706721666929
0.7812047571463149
0.7879787068819424
0.7946895647660072
0.8013343614324171
0.8079101162761079
0.8144138390021971
0.8208425312041547
0.8271931879705637
0.8334627995197469
0.8396483528613551
0.8457468334843348
0.851755227070384
0.8576705212321102
0.8634897072751194
0.8692097819831165
0.87482774942505
0.8803406227832736
0.8857454262015426
0.8910391966515652
0.8962189858168523
0.9012818619924113
0.9062249119988003
0.9110452431090537
0.9157399849870906
0.9203062916358441
0.9247413433538864
0.9290423486988297
0.9332065464561178
0.9372312076116941
0.9411136373269939
0.9448511769149327
0.9484412058152074
0.9518811435675
0.9551684517809658
0.9583006360985586
0.961275248154448
0.9640898875229653
0.9667422036574728
0.9692298978172881
0.971550724981194
0.9737024957455634
0.9756830782055118
0.9774903998171811
0.979122449239612
0.9805772781541963
0.9818530030601115
0.9829478070440705
0.9838599415225067
0.9845877279546282
0.9851295595245759
0.9854839027910809
0.9856492993028162
0.9856243671779146
0.9854078026458303
0.9849983815500021
0.9843949608093852
0.9835964798373865
0.9826019619163515
0.9814105155258055
0.980021335622845
0.9784337048728228
0.976646994828646
0.9746606670569359
0.972474274209322
0.9700874610371101
0.9674999653477449
0.9647116189013851
0.9617223482458281
0.9585321754883607
0.9551412190028387
0.9515496940705205
0.9477579134531182
0.9437662878964799
0.939575326563676
0.9351856373958025
0.9305979273992468
0.9258130028579082
0.9208317694691046
0.9156552324017144
0.9102844962751366
0.9047207650578292
0.89896534188394
0.8930196287867347
0.8868851263473573
0.8805634332576718
0.8740562457957418
0.8673653572125154
0.860492657028565
0.8534401302392206
0.846209856427013
0.8388040087798094
0.8312248530133247
0.8234747461964529
0.8155561354778968
0.8074715567122371
0.7992236329837111
0.7908150730254897
0.7822486695321997
0.7735272973628112
0.7646539116310933
0.7556315456799879
0.7464633089360508
0.7371523846395114
0.7277020274449756
0.7181155608870814
0.7083963747049129
0.6985479220179794
0.6885737163458265
0.6784773284620957
0.6682623830727579
0.6579325553065543
0.6474915670040851
0.6369431827899841
0.6262912059103704
0.6155394738151995
0.6046918534621804
0.5937522363155543
0.5827245330083644
0.5716126676320548
0.5604205716100683
0.5491521771041163
0.5378114098914525
0.5264021816391127
0.5149283814864442
0.5033938668295196
0.4918024531808763
0.4801579029533365
0.4684639129879002
0.45672410061013047
0.444941987955951
0.4331209842523777
0.4212643656684668
0.4093752522602156
0.3974565814139941
0.3855110770359481
0.37354121352727854
0.3615491733083352
0.3495367962835792
0.33750551913650845
0.32545630165577866
0.3133895363400612
0.3013049361872387
0.2892013936548457
0.2770768009832487
0.26492781791856573
0.2527495665543491
0.2405352231591805
0.22827546104808807
0.21595767234671046
0.20356485138080663
0.19107394125493515
0.1784532912594066
0.16565856146358449
0.15262572813149972
0.15061065925523381
0.15182327002902243
0.15299733095004744
0.1541324121937907
0.15522802482751938
0.15628362899388978
0.1572986436276727
0.15827245734322054
0.1592044401253769
0.16009395545372498
0.16094037248965587
0.16174307795769338
0.16250148735951167
0.16321505517552026
0.16388328373970695
0.1645057305230369
0.1650820136315871
0.16561181541581727
0.16609488419026427
0.16653103416624693
0.16692014378876968
0.16726215272618788
0.16755705777589103
0.16780490791694952
0.16800579867051485
0.16815986584138765
0.16826727864160193
0.1683282321717704
0.1683429392835375
0.16831162197289365
0.16823450264103448
0.1681117957654098
0.16794370069302877
0.16773039634624778
0.16747203858033327
0.16716876074308112
0.16682067768396294
0.1664278930944173
0.16599050969655693
0.16550864149458222
0.16498242710381328
0.16441204309175533
0.16379771629682044
0.16313973420670472
0.16243845264920465
0.16169430024459902
0.16090777927151256
0.16007946280002025
0.15920998814741055
0.15830004692012184
0.1573503721252294
0.15636172306583068
0.15533486896800364
0.15427057250497883
0.15316957456303462
0.1520325817084856
0.15086025784328655
0.1496532214598008
0.14841204970664448
0.14713729014019156
0.14582948053800318
0.144489176463881
0.14311698537497397
0.14171360494268104
0.14027986196145975
0.13881674687615123
0.13732543786072854
0.13580730803857427
0.1342639105517446
0.13269693941413066
0.1311081694496373
0.12949938486554657
0.12787231052371117
0.12622855996842358
0.12456960894909488
0.12289679503007697
0.12121133744850239
0.11951436994123116
0.11780698218957741
0.11609026881054947
0.11436538455806629
0.11263360032896706
0.11089635028896748
0.10915525997612201
0.1074121494830921
0.10566901215536553
0.10392797420808737
0.10219124249383948
0.10046104674093317
0.09873958038127616
0.09702894191943645
0.09533107734447169
0.09364772347565042
0.09207432877673777
0.09101765310384687
0.08994056342168981
0.08884842133346904
0.0877472640791163
0.08664365833297077
0.08554447161655881
0.08445656529417513
0.08338643055026945
0.08233980639323944
0.0813213302363823
0.08033427137993446
0.07938038422361958
0.07845989528450738
0.07757161386782475
0.07671313813987736
0.07588112037694532
0.07511220630711005
0.07554228427172549
0.07585618348638325
0.07607326062276386
0.07620292096679897
0.07625012022646553
0.07621750276554907
0.07610638657187672
0.07591727203083892
0.07565012765364003
0.07530456130477874
0.07487992840248353
0.07437540345248393
0.07379002923336363
0.07312275174553229
0.07237244561273005
0.07153793258780608
0.07061799447168542
0.06961138073394699
0.0685168101989151
0.06733296517746513
0.06605847524102387
0.06502065246652446
0.06523037896332665
0.06534831164751487
0.06536709477690164
0.06528300562984737
0.06509500653189997
0.06480328050294006
0.06440818259609286
0.06391035408467527
0.06331036418807524
0.06260853818145627
0.06180480629847543
0.06089854935584976
0.05988842401414289
0.05877215428619926
0.05754627940680508
0.05620585588227236
0.05474413285092023
0.05644869360103748
0.058220773565416856
0.05998581906683487
0.06174233333692857
0.06348862397927506
0.06522274766690239
0.06694253256723859
0.06864564708723728
0.07032968871943379
0.07199227295673528
0.07363110905593902
0.07524405606820284
0.07683025374264699
0.07838727814790465
0.07991313500814479
0.08140647098036562
0.08286612528318298
0.08429112242372844
0.08568066744621544
0.08703414489064568
0.0883511219591758
0.08963135598092697
0.09087480602729471
0.09208164830989274
0.09325229464586166
0.09438741268881451
0.09548794575906758
0.09655512903392865
0.09759049778989165
0.09859588266838354
0.0995733869829627
0.10052534225401599
0.10145424057306576
0.1023626458157342
0.1032530894918536
0.10412796023095205
0.10498939765782223
0.10584089650185668
0.10668230222683864
0.10751434705404084
0.10833749695109107
0.10915177528535147
0.10995679494133978
0.11075180322126604
0.1115357330200763
0.11230725472857117
0.1130648247456526
0.11380672802108822
0.11652611034125297
0.11936042160909235
0.12224569442892438
0.12518226812288022
0.12817047869429485
0.13121065861513548
0.13430313653862727
0.13744823694577893
0.14064627973505608
0.14389757976498907
0.1472024463598038
0.15056118278820702
0.1539740857247477
0.1574414447020175
0.1609635415599498
0.1645406498961173
0.16817303451816845
0.17186095089683387
0.1756046446154762
0.17940435081066086
0.18326029359718973
0.1871726854715601
0.1911417266888286
0.19516760461011978
0.1992504930205813
0.2033905514206101
0.2075879242961972
0.21184274037705553
0.2161551118934815
0.2205251338444757
0.2249528832903537
0.22943841868246045
0.23398177924090766
0.2385829843881059
0.2432420332417933
0.2479589041660027
0.25273355437326195
0.25756591956615693
0.262455913602477
0.26740342816570783
0.27240833242289414
0.27747047265333125
0.28258967183614725
0.28776572918940085
0.29299841965925916
0.29828749336267146
0.3036326749909634
0.30903366318426556
0.31449012988753455
0.320001719698641
0.3255680492175794
0.3311887064039801
0.3368632499481846
0.34259120865911574
0.34837208087071175
0.35420533386746283
0.36009040332872366
0.36602669279130273
0.37201357312955585
0.3780503820524337
0.3841364236176156
0.39027096776289183
0.39645324985593816
0.40268247026390896
0.4089577939446947
0.41527835006203667
0.42164323162685485
0.42805149516711966
0.43450216042850776
0.44099421010792406
0.44752658962177466
0.4540982069104205
0.4607079322801552
0.46735459828349313
0.47403699963838647
0.48075389318652484
0.4875039978903011
0.49428599486757374
0.5010985274627451
0.5079402013517024
0.5148095846777974
0.521705208215014
0.5286255655540797
0.5355691133069476
0.5425342713249245
0.5495194229258908
0.5565229151265099
0.5635430588759757
0.5705781292886007
0.5776263658735943
0.5846859727614067
0.5917551189274599
0.5988319384152357
0.605914530562094
0.6130009602326127
0.6200892580648449
0.6271774207352115
0.6342634112477736
0.6413451592525464
0.6484205613965348
0.655487481709832
0.6625437520283446
0.6695871724540399
0.6766155118535548
0.6836265083964103
0.6906178701346025
0.6975872756254545
0.70453237460024
0.7114507886801757
0.718340112140761
0.7251979127236525
0.73202173249333
0.7388090887329016
0.7455574748709275
0.7522643614291373
0.7589271969798496
0.765543409103253
0.7721104053377217
0.7786255741218934
0.7850862857340462
0.7914898932424312
0.7978337334863884
0.8041151281096618
0.8103313846611889
0.8164797977689876
0.8225576503827405
0.8285622150758658
0.834490755397594
0.840340527267602
0.8461087804082773
0.8517927598105959
0.8573897072294072
0.8628968627033302
0.8683114660933993
0.8736307586345691
0.87885198449462
0.8839723923361773
0.8889892368790887
0.89389978046197
0.8987012946036718
0.9033910615661305
0.9079663759215382
0.9124245461269738
0.9167628961093752
0.9209787668638496
0.9250695180669759
0.9290325297060462
0.9328652037243118
0.9365649656809217
0.9401292664241118
0.943555583775145
0.9468414242204529
0.9499843246094682
0.9529818538553834
0.9558316146367825
0.958531245097816
0.961078420545236
0.9634708551407078
0.965706303587026
0.967782562807004
0.969697473613991
0.971448922372957
0.9730348426511661
0.9744532168575594
0.975702077869803
0.9767795106481038
0.9776836538348297
0.9784127013387344
0.9789649039029306
0.9793385706550737
0.97953207063874
0.979543834324306
0.9793723550979907
0.979016190727118
0.9784739647998747
0.9777443681377064
0.9768261601780667
0.9757181703254877
0.9744192992688112
0.9729285202621281
0.9712448803673074
0.9693675016557082
0.967295582366857
0.9650283980217123
0.9625653024883634
0.959905728997918
0.9570491911083668
0.9539952836143393
0.9507436834005333
0.9472941502369686
0.943646527513792
0.9398007429138774
0.9357568090211382
0.931514823862892
0.9270749713842146
0.9224375218526405
0.9176028321912633
0.9125713462384204
0.9073435949319033
0.9019201964155757
0.8963018560659329
0.8904893664359628
0.8844836071132288
0.8782855444886846
0.8718962314325734
0.8653168068731265
0.8585484952738696
0.8515926060051873
0.8444505326059075
0.8371237519309455
0.8296138231813883
0.821922386813272
0.8140511633215961
0.8060019518952909
0.7977766289382088
0.7893771464498727
0.7808055302582789
0.7720638780954657
0.7631543575050792
0.7540792035695766
0.7448407164431837
0.7354412586756308
0.7258832523096093
0.7161691757335817
0.706301560268871
0.696282986467818
0.6861160800959281
0.675803507767469
0.6653479721989717
0.654752207039747
0.6440189712319674
0.6331510428453451
0.6221512123227537
0.6110222750626625
0.5997670232519164
0.5883882368480723
0.5768886735925889
0.5652710579151168
0.5535380685631932
0.5416923247597428
0.5297363706517516
0.5176726577646888
0.505503525116096
0.4932311765655838
0.4808576548810707
0.4683848118783107
0.45581427383328504
0.44314740116569146
0.4303852411308197
0.41752847191872544
0.4045773361141896
0.39153156088065966
0.378390261439036
0.3651518233360425
0.35181375751911487
0.3383725201799678
0.32482328643831854
0.31115966282425
0.2973733176048929
0.2834534994388367
0.2693864024419388
0.2551543180908561
0.2407344907852408
0.22609756894516517
0.21392817765745878
0.21695646274888347
0.21994854257801089
0.22290047625622889
0.22580841522093262
0.22866860446580228
0.2314773865115323
0.234231208171404
0.23692716190319843
0.23956185520138043
0.24213173364069576
0.24463375859216588
0.24706506556466226
0.24942298330571036
0.25170505303968443
0.253909046968361
0.25603298508295924
0.2580751493087348
0.2600340940340458
0.2619086521715895
0.26369793606169617
0.2654013327486879
0.2670184934307826
0.26854931718304237
0.2699939293635149
0.27135265541367537
0.2726259910362094
0.27381456995626413
0.2749191306270058
0.2759404833075189
0.2768794789060772
0.27773698083798815
0.27851384090242864
0.27921304760628646
0.27983347623286403
0.2803757158115885
0.28084041280254685
0.2812281536677788
0.2815394674854495
0.2817748310307596
0.2819346755685541
0.2820193946597381
0.28202935237157206
0.2819648913869028
0.28182634062006423
0.28161402206175945
0.28132825668630046
0.28096936935708233
0.2805376927562955
0.28003357043708066
0.27945735914891456
0.27880943061715796
0.27809017296621674
0.27729999196494987
0.2764393122452008
0.27550857860502964
0.27450825746135576
0.27343883846787137
0.27230083626724594
0.27109479230728406
0.2698212766207376
0.26848088945210463
0.267074262611674
0.26560206044789336
0.2640649803521885
0.262463752741765
0.26079914050321534
0.2590719379164869
0.2572829691126477
0.2554330861435676
0.25352316675531156
0.25155411195517063
0.2495268434425894
0.24744230093395897
0.2453014393523103
0.24310522578455787
0.24085463605778692
0.23855065079929655
0.23619425098506705
0.23378641329584537
0.2313281060705754
0.2288202871341782
0.226263905020473
0.22365990483368114
0.22100923908810308
0.21831913899659666
0.2155879628308304
0.21281357940835696
0.209997102042463
0.20713972468464814
0.2042427260962119
0.201307470482486
0.1983354059827273
0.19532806194198762
0.19228704499431534
0.18921403303133222
0.1861107654907767
0.18297902835440852
0.17982063287230002
0.1766373881355287
0.17343106876446301
0.1702033796622164
0.16695591967421836
0.1636901450931638
0.16040733253722725
0.15710853918827655
0.15379455698143385
0.15046585616916333
0.1471225126570486
0.14749113468570513
0.14824366922400825
0.14896301239220533
0.14964838868448804
0.15029934365240438
0.1509157320451244
0.15149770813840774
0.15204571638501296
0.1525604808525934
0.1530429922710335
0.15349449184819844
0.15391645130504594
0.1543105488180331
0.15467864074184476
0.1550227291345257
0.1553455846940647
0.15565305765314813
0.15594353667648805
0.1562191837712909
0.15648208693437352
0.1567342109248496
0.15697734880248917
0.15721307585930444
0.15744270770559393
0.15766726429826697
0.15788744159692214
0.1581035922923751
0.1583157166819795
0.15852346429172795
0.1587261463077952
0.15892275833076988
0.1591120124569218
0.1592923772710847
0.15946212403925153
0.15961937723572034
0.15976216752892528
0.1598884854674428
0.15999633432474633
0.1600837808452287
0.16014900295026338
0.16019033378174494
0.16020630175910427
0.16019566658985693
0.16015745139756962
0.16009097131609915
0.15999585905034922
0.15987208802918218
0.15971999388018132
0.15954029503790315
0.159334113345126
0.15910299549276669
0.15884893602053976
0.1585744022946818
0.15828236129395998
0.15797630705514887
0.1576602861400502
0.15734585209921248
0.15704331810154445
0.15674737382590992
0.15646429273418705
0.15620075533342612
0.1559636800922226
0.1557599886950698
0.15559631564507492
0.15547868951692553
0.15541222958454934
0.15552802819948003
0.1559182656872629
0.15631325870232451
0.15671394728534718
0.15712102801599567
0.1575349295650183
0.15795579385739436
0.15838346353079205
0.15881747611923538
0.15925706510885226
0.1597011677214531
0.16014843900320394
0.16059727155049086
0.16104582000918208
0.16149202934840692
0.16204649962551188
0.16291967022222836
0.16384402983251042
0.16481797271047804
0.16583921548426941
0.16690472777456147
0.1680106883732592
0.1691524698087351
0.17032465436012925
0.17152108405062985
0.17273494532513148
0.17395888597383224
0.1751851579983255
0.17640577658207346
0.1776126832034271
0.17879790086533856
0.17995367137863627
0.1810725679858513
0.18214758042638746
0.18317217297216007
0.18414031847103648
0.18504651285188875
0.185885774981495
0.18665363647635028
0.18734612534908907
0.18795974645315344
0.18849146075674678
0.18893866463510106
0.1892991696758018
0.18957118296745654
0.18975328748969197
0.18984442203394952
0.1898438600450276
0.18975118686489847
0.18956627505847462
0.19026246902519878
0.19426552130922237
0.1983229879781452
0.20243472705772553
0.20660058153921734
0.21082038680473003
0.21509397453911583
0.21942117476787037
0.22380181681001068
0.22823572955978888
0.23272274133239773
0.23726267941653129
0.24185536942507113
0.24650063450325457
0.25119829443270125
0.2559481646551857
0.2607500552301607
0.26560376973372407
0.27050910410333356
0.2754658454311138
0.28047377070897367
0.2855326455301131
0.29064222275334667
0.29580224113871034
0.30101242396540207
0.30627247764493354
0.31158209034479845
0.31694093063979417
0.32234864620982673
0.3278048626041442
0.3333091820922251
0.33886118262033926
0.34446041689009427
0.3501064115705172
0.35579866664862686
0.36153665491568365
0.36731982157846294
0.3731475839782036
0.3790193313963789
0.38493442492574453
0.39089219738848896
0.39689195328763494
0.40293296878250323
0.40901449168160564
0.41513574144635224
0.42129590919732907
0.42749415771247257
0.43372962140594296
0.44000140627734824
0.44630858982401833
0.4526502209131114
0.45902531961435816
0.4654328769976778
0.4718718549021806
0.47834118568442424
0.4848397719542501
0.49136648630628593
0.49792017105483455
0.5044996379786836
0.511103668081615
0.5177310113731523
0.5243803866734701
0.5310504814453166
0.5377399516556353
0.5444474216689146
0.5511714841741557
0.5579107001466399
0.56466359884549
0.5714286778467814
0.5782044031115969
0.5849892090872952
0.59178149883965
0.5985796442131252
0.6053819860163298
0.6121868342298613
0.6189924682342611
0.6257971370560195
0.6325990596305957
0.6393964250815436
0.6461873930152856
0.6529700938315879
0.6597426290497426
0.6665030716503288
0.6732494664330086
0.6799798303903072
0.6866921530976489
0.6933843971204293
0.7000544984385788
0.7067003668903997
0.7133198866371357
0.7199109166508584
0.7264712912283144
0.7329988205335979
0.7394912911725388
0.74594646680125
0.7523620887708388
0.7587358768091872
0.7650655297403228
0.7713487262402726
0.7775831256281956
0.7837663686904364
0.7898960785348076
0.7959698614724464
0.8019853079241877
0.8079399933490515
0.8138314791925076
0.819657313852822
0.8254150336642565
0.8311021638963895
0.8367162197693155
0.842254707484902
0.8477151252744651
0.85309496446347
0.8583917105536369
0.863602844323058
0.8687258429445175
0.8737581811223869
0.8786973322482011
0.8835407695752759
0.888285967412763
0.8929304023395311
0.8974715544386177
0.9019069085528294
0.906233955561948
0.910450193681812
0.914553129785266
0.9185402807442137
0.9224091747918242
0.9261573529030953
0.9297823701917893
0.9332817973212666
0.9366532219264688
0.939894250044554
0.9430025075513618
0.9459756416017252
0.9488113220713843
0.9515072429992333
0.9540611240287533
0.9564707118478094
0.9587337816266698
0.9608481384538614
0.9628116187698742
0.9646220917985849
0.9662774609761036
0.9677756653767334
0.9691146811352198
0.9702925228645676
0.9713072450684718
0.9721569435470871
0.9728397567951039
0.973353867390922
0.973697503375859
0.9738689396222595
0.9738664991895133
0.9736885546669942
0.9733335295029021
0.9727998993180567
0.972086193203477
0.9711909950007641
0.970112944563996
0.9688507390018474
0.9674031338985516
0.9657689445119434
0.9639470469469213
0.9619363793019524
0.959735942786458
0.9573448028061139
0.9547620900130873
0.9519870013177618
0.9490188008581569
0.9458568209234071
0.9425004628268862
0.9389491977250638
0.9352025673779062
0.9312601848465752
0.9271217351245755
0.9227869756982467
0.9182557370328229
0.9135279229802736
0.9086035111051055
0.903482552924435
0.898165174058399
0.8926515742871506
0.8869420275102445
0.8810368816043946
0.8749365581752452
0.8686415521986811
0.862152431547095
0.8554698363957457
0.8485944785040048
0.8415271403660264
0.834268674224609
0.8268200009415877
0.8191821087166193
0.811356051645566
0.8033429481075471
0.7951439789685413
0.7867603855869207
0.7781934676046034
0.7694445805048794
0.7605151329158286
0.7514065836356245
0.7421204383536275
0.7326582460381343
0.7230215949590474
0.7132121083097185
0.7032314393889675
0.6930812662987034
0.6827632861078746
0.6722792084258902
0.6616307483214633
0.6508196185127171
0.6398475207436337
0.6287161362486006
0.6174271151909961
0.6059820649438454
0.5943825370582043
0.5826300127396159
0.5707258866218864
0.5586714485908006
0.5464678633667975
0.5341161475027932
0.5216171433912853
0.5089714897990303
0.49617958835906406
0.4832415653422531
0.47015722790467734
0.4569260138577809
0.4435469338350074
0.4300185045304335
0.41633867146597625
0.4025047195152711
0.3885131692010546
0.37435965664386317
0.3600387950829391
0.34554401632543535
0.33086739171107327
0.31599943497639366
0.30092889524797006
0.2856425601709695
0.2701251125821976
0.2543591306100348
0.253231818803725
0.2569736336829567
0.2608066141698397
0.26471855033745323
0.2686972832023796
0.27273086333614943
0.2768076579242777
0.28094119081075886
0.2851716856857837
0.28941599521321265
0.29366524579912395
0.29791131016545574
0.3021469118203459
0.30636582327652767
0.31056326144689406
0.3147367252613099
0.31888794039001966
0.32302805393893386
0.32719484873796467
0.3315322263089675
0.33666226118472187
0.3422975122091015
0.34721216250185377
0.3515681836376261
0.3555109983073021
0.3591115969060194
0.36240588891720493
0.3654100821138502
0.36812575384551555
0.37053891261997274
0.37261128760156226
0.3742506075500321
0.3751964321211488
0.37584327957202146
0.3777950382210344
0.3799119913955796
0.38198809361847597
0.3839816145683809
0.38587787233330234
0.38775249854209887
0.3895195313738602
0.39116536975061383
0.3926918513135627
0.39410046788050934
0.39539251706610856
0.3965691816312096
0.39763157221218864
0.3985807505698645
0.39941774215658843
0.4001435427529621
0.4007591218410835
0.4012654242562417
0.40166337103216854
0.40195385999917854
0.4021377664923248
0.4022159444095963
0.4021892277875846
0.4020584330075395
0.40182436169182
0.4014878042935985
0.4010495443226278
0.4005103630947621
0.3998710448554312
0.3991323821163442
0.39829518106771694
0.3973602669812652
0.3963284895921171
0.3952007285215105
0.39397789885546375
0.39266095700840153
0.39125090696270387
0.3897488068858468
0.3881557760000046
0.3864730014409357
0.38470174472821
0.38284334741142684
0.3808992354816288
0.37887092225121505
0.37676000959495076
0.3745681876767179
0.37229723351568056
0.3699490089281998
0.3675254584820501
0.36502860810289034
0.36246056488233885
0.3598235184741794
0.35711974425806803
0.35435160822306694
0.35152157328053574
0.3486322064246931
0.34568618572063775
0.34268630528887994
0.33963547477689515
0.3365367060899874
0.33339307136230234
0.3302075934764596
0.32698296447051983
0.32372075926650573
0.32041878770554166
0.31705773273748566
0.31420615428470544
0.31200628908147976
0.30793265611697895
0.3042629075735648
0.30088433874402226
0.2975821101491776
0.294336347273809
0.2911518979666614
0.2880412852481741
0.2874895943102761
0.28724362253336666
0.28701318141212306
0.28679445258032293
0.2865832368000535
0.28637502588854624
0.2861650771808908
0.28594848758088076
0.28572026477055995
0.28547539378738906
0.2852088978280953
0.28491589271120393
0.2845916348696504
0.2842315630335854
0.28383133391528453
0.2833868522576059
0.28289429559617735
0.28235013405114134
0.2817511454351246
0.2810944259547822
0.2803773967994287
0.27959780694726055
0.2787537325698113
0.2778435734688359
0.2768660470277218
0.27582018019617316
0.27470530004909616
0.2735210234697891
0.2722672465063262
0.2709441339448901
0.26955210963968834
0.26809184814235126
0.2665642681874253
0.26497052861671755
0.2633120273618764
0.26159040414928736
0.2598075476373982
0.25796560773838917
0.2560670139056228
0.2541145001777077
0.2521392709413456
0.2501180007218996
0.24805281956193637
0.24594796261183033
0.24380821173417674
0.24163896865297652
0.2394463336682757
0.23723718681920158
0.23501926642060442
0.2328012372553287
0.23059273734464059
0.22840438828319798
0.22624775006426767
0.2241351980693301
0.22207969900511354
0.22009446618081976
0.2181924849536432
0.2163859179698907
0.21468542623068065
0.2130994714573019
0.21163368906256372
0.2102904286702991
0.2115304182399145
0.21411573402290543
0.21668931764037247
0.21924952695242048
0.22179470129061207
0.22432316837893695
0.22683324988069092
0.22932326527310393
0.2317915338865761
0.2342363751261007
0.23665610710285237
0.23904904411602843
0.24141349360362502
0.24374775329112067
0.2460501092827394
0.2483188357516417
0.2505521967056916
0.2527484500648281
0.25490585402950194
0.2570226754898237
0.2590972000576775
0.26112774321537946
0.2631126620618242
0.26505036718257907
0.26693933424685135
0.268778115015195
0.2705653475067647
0.2722997651134972
0.2739802044627103
0.2756056118258756
0.27717504786493913
0.27868769051046355
0.2801428357890444
0.28153989646765265
0.28287839845915286
0.28415797503312956
0.28537835898951197
0.2865393730685219
0.28764091897547484
0.2886829654814205
0.28966553610885243
0.290588696920514
0.2914525448967977
0.29225719731689964
0.2930027824607054
0.29368943183406104
0.29431727400355884
0.2948864300206414
0.29539701032820864
0.29584911298000777
0.29624282296556
0.29657821241616483
0.29685534146715037
0.2970742595605179
0.29723500698643646
0.2973376164775467
0.2973821146839248
0.29736852336758307
0.29729686016061757
0.2971671387275541
0.2969793681534608
0.2967335513338078
0.29642968205078535
0.29606774024953986
0.2956476847138712
0.295169441762926
0.2946328875016847
0.2940378190261272
0.2933839055878523
0.2926706010447856
0.29189697582625584
0.2910613656569706
0.2901605509680967
0.28918752498714273
0.2881238993454574
0.28690312538937035
0.28563582134218685
0.28724747810874374
0.2932288940586419
0.29866129992354223
0.30402678834235686
0.3094012413280035
0.314803710346717
0.32024104366486694
0.3257161298490626
0.3312302473850497
0.33678391517732476
0.34237725231586885
0.34801014800733227
0.3536823486841047
0.35939350553237737
0.36514320170609765
0.3709309685044327
0.37675629527125815
0.3826186355881902
0.38851741121326194
0.3944520146152575
0.40042181061715326
0.40642613746577555
0.41246430752694707
0.4185356077326834
0.42463929986029925
0.43077462069372685
0.4369407820978063
0.443136971024394
0.4493623494618592
0.4556160543362284
0.4618971973712273
0.4682048649149903
0.47453811774240817
0.4808959908433761
0.48727749320711267
0.4936816076126767
0.5001072904334758
0.5065534714619573
0.5130190537574619
0.5195029135183541
0.5260038999775689
0.5325208353200628
0.5390525146203013
0.5455977057987862
0.5521551495971626
0.5587235595723063
0.5653016221106613
0.5718879964639878
0.5784813148080782
0.5850801823252765
0.591683177311427
0.5982888513072425
0.6048957292535109
0.6115023096693016
0.6181070648520065
0.6247084410980123
0.6313048589425023
0.6378947134170916
0.6444763743238557
0.6510481865241383
0.6576084702402812
0.664155521368152
0.6706876117980861
0.6772029897413365
0.6836998800589721
0.6901764845902668
0.6966309824771398
0.7030615304826128
0.7094662633008295
0.7158432938584972
0.7221907136078742
0.7285065928139919
0.7347889808400541
0.7410359064368836
0.7472453780439055
0.7534153841101823
0.7595438934445258
0.765628855603436
0.7716682013243232
0.7776598430094324
0.7836016752628873
0.7894915754800673
0.7953274044850007
0.8011070072084953
0.8068282133975905
0.8124888383460032
0.8180866836359152
0.8236195378831545
0.8290851774809549
0.8344813673405873
0.8398058616305161
0.8450564045183551
0.8502307309213841
0.8553265672723112
0.8603416323063632
0.8652736378747484
0.8701202897881285
0.8748792886917782
0.8795483309725243
0.8841251096959938
0.8886073155716862
0.8929926379427768
0.8972787657971414
0.9014633887963505
0.905544198319869
0.9095188885220314
0.9133851574001917
0.9171407078728987
0.9207832488676679
0.9243104964180816
0.9277201747703407
0.9310100174994475
0.9341777686353409
0.9372211837989828
0.9401380313483931
0.9429260935343927
0.9455831676656218
0.9481070672820583
0.9504956233361477
0.9527466853806577
0.9548581227617156
0.9568278258160369
0.9586537070708787
0.960333702445347
0.961865772451692
0.9632479033954281
0.9644781085728423
0.9655544294649513
0.966474936926735
0.9672377323707682
0.967840948944324
0.9682827526994171
0.9685613437549314
0.9686749574504677
0.9686218654913812
0.9684003770846361
0.9680088400651833
0.9674456420123955
0.9667092113563804
0.965798018473605
0.9647105767715279
0.9634454437615396
0.9620012221194467
0.9603765607326895
0.9585701557328785
0.9565807515124217
0.9544071417232679
0.9520481702556528
0.9495027321943009
0.9467697747489523
0.9438482981559022
0.9407373565465763
0.9374360587785383
0.9339435692242438
0.9302591085121303
0.9263819542143136
0.9223114414746504
0.918046963570903
0.9135879724040594
0.9089339789080234
0.9040845533723005
0.899039325670584
0.8937979853874111
0.8883602818355947
0.8827260239562402
0.8768950800935027
0.8708673776356285
0.8646429025135197
0.8582216985476634
0.8516038666334614
0.8447895637545797
0.8377790018126107
0.8305724462606089
0.8231702145264898
0.8155726742110037
0.8077802410429954
0.7997933765728886
0.791612585582621
0.7832384131880713
0.7746714416064202
0.765912286557872
0.7569615932667371
0.747820032022638
0.7384882932568957
0.7289670820834595
0.7192571122462393
0.7093590994065324
0.6992737536944393
0.6890017714368816
0.6785438259609778
0.6679005573560568
0.6570725610584995
0.6460603751016917
0.6348644658466188
0.6234852119780485
0.6119228865131374
0.6001776365256064
0.5882494602344589
0.5761381810420296
0.5638434180280987
0.5513645523120239
0.538700688579383
0.5258506109289032
0.5128127320231061
0.49958503431540585
0.48616500186857664
0.4725495409651045
0.4587348873281881
0.4447164973134142
0.4304889198884576
0.4160456455963564
0.4013789280221038
0.38647957263116123
0.3713366873996038
0.35593738979978856
0.3402664662563954
0.3243059848278643
0.30803487306365507
0.29142849791891556
0.2764160907141083
0.2797832934192654
0.28320006540554243
0.28666206188981097
0.2901646266993514
0.2937028791367719
0.297543355084962
0.30152356747583714
0.30553268104666365
0.30956754846159346
0.31362473384288675
0.3177005458643583
0.32179107116938677
0.3258922074189712
0.3299996954464818
0.33410915014166903
0.33821608979756973
0.3423159637290214
0.3464041780162963
0.35047611925140454
0.3545271761811824
0.3585527591591725
0.36254831734713633
0.3665093536483796
0.37043143741010176
0.3743102149953836
0.37814141839231635
0.38192087209171
0.38564449851868476
0.3893083223436639
0.3929084740198748
0.39644119289707513
0.3999028302434669
0.40328985247202037
0.40659884481560227
0.4098265156309624
0.41296970143897854
0.41602537273140755
0.4189906404973739
0.4218627633488634
0.42463915505813193
0.42731739226267973
0.42989522204870206
0.43237056909297156
0.4347415420282916
0.4370064386997517
0.43916374999909574
0.4412956531913095
0.4434536987850292
0.44550218806907577
0.44743975017033644
0.44926523716222966
0.4509777253796896
0.4525765127551658
0.4540611123908787
0.4554312428083618
0.45668681548995127
0.4578279204316228
0.4588548104532279
0.45976788496595544
0.4605676737888315
0.46125482145831864
0.46183007231114404
0.46229425646691213
0.4626482767172083
0.46289309626007574
0.4630297272104486
0.4630592198681561
0.46298265281822343
0.462801124050849
0.4625157433880342
0.46212762656153744
0.46163789127801896
0.46104765552492305
0.46035803822065346
0.4595701621184128
0.458685158667685
0.4577041743549892
0.45662837791610117
0.45545896775371597
0.4541971789131751
0.45284428905755664
0.4514016230285221
0.44987055575969315
0.44825251350533707
0.4465489735353511
