1.0
0.9999750680722416
0.9999007771739635
0.9997769687699988
0.9996036574366158
0.9993808636017336
0.9991086135238776
0.9987869392876826
0.9984158787983847
0.9979954757754176
0.9975257797449685
0.9970068460315783
0.9964387357487153
0.9958215157885814
0.9951552588106597
0.9944400432296369
0.993675953202166
0.9928630786128092
0.9920015150590037
0.9910913638352923
0.9901327319162964
0.9891257319392629
0.9880704821854032
0.9869671065605533
0.9858157345748402
0.9846165013217609
0.9833695474561137
0.9820750191714102
0.9807330681764048
0.9793438516707148
0.9779075323199571
0.9764242782298148
0.9748942629196513
0.9733176652951568
0.971694669620544
0.9700254654898416
0.9683102477975696
0.9665492167087686
0.964742577628407
0.9628905411700783
0.9609933231240599
0.9590511444248845
0.9570642311181653
0.9550328143268441
0.9529571302169848
0.9508374199628433
0.9486739297115104
0.9464669105468286
0.9442166184529927
0.9419233142774452
0.9395872636933211
0.9372087371613932
0.9347880098914547
0.932325361803248
0.9298210774868877
0.9272754461627722
0.924688761641091
0.92206132228076
0.9193934309479517
0.9166853949741252
0.9139375261136374
0.9111501405008195
0.9083235586066665
0.9054581051950851
0.9025541092786213
0.899611904073778
0.8966318269558806
0.8936142194135442
0.8905594270025713
0.8874677992995839
0.8843396898550938
0.8811754561460893
0.8779754595283706
0.8747400651882142
0.8714696420937571
0.868164562945914
0.8648252041288287
0.8614519456598183
0.8580451711390888
0.8546052676988058
0.8511326259517439
0.8476276399396885
0.8440907070812269
0.840522228119162
0.8369226070674752
0.833292251157912
0.8296315707861426
0.8259409794573667
0.822220893731746
0.8184717331692126
0.8146939202739489
0.8108878804384115
0.8070540418871408
0.8031928356198849
0.79930469535459
0.7953900574698869
0.7914493609472653
0.7874830473128684
0.7834915605788345
0.7794753471845588
0.7754348559373203
0.7713705379528463
0.7672828465953803
0.7631722374176366
0.7590391681002471
0.7548840983911946
0.7507074900448625
0.7465098067608551
0.7422915141226301
0.7380530795360285
0.7337949721674223
0.7295176628819271
0.7252216241813286
0.7209073301419843
0.7165752563526551
0.7122258798521626
0.7078596790671811
0.7034771337498675
0.6990787249155921
0.6946649347807163
0.6902362467003021
0.6857931451063485
0.6813361154456132
0.676865644118012
0.6723822184150765
0.667886326458672
0.6633784571400779
0.6588591000593084
0.6543287454648388
0.6497878841937783
0.6452370076124823
0.6406766075577291
0.6361071762783146
0.6315292063775146
0.6269431907560074
0.622349622555621
0.6177489951039283
0.6131418018596128
0.6085285363589563
0.6039096921631298
0.5992857628067683
0.5946572417476647
0.5900246223177765
0.5853883976756521
0.5807490607602513
0.5761071042465545
0.5714630205027712
0.5668173015495399
0.5621704390210702
0.5575229241285482
0.5528752476258744
0.5482278997779806
0.543581370331901
0.5389361484907913
0.5342927228913146
0.5296515815843565
0.5250132120197214
0.5203781010348304
0.5157467348479875
0.5111195990565255
0.5064971786402271
0.5018799579706188
0.4972684208265775
0.49266305041685027
0.4880643294102194
0.4834727399739608
0.478888763821453
0.4743128822698297
0.46974557630872754
0.46518732668119706
0.46063861397814937
0.4560999187476331
0.4515717216207398
0.44705450345572667
0.4425487455025935
0.4380549295903122
0.43357353833937606
0.42910505540258326
0.4246499657375203
0.42020875591449286
0.4157819144643246
0.4113699322710432
0.40697330301525597
0.4025925236745956
0.3982280950891612
0.39388052260037426
0.3895503167736405
0.3852379942163896
0.3809440785052459
0.37666910123813063
0.3724136032299933
0.368178135873868
0.3639632626928278
0.359769561113025
0.3555976244934493
0.35144806445462845
0.3473215135565963
0.3432186283860949
0.3391400931249055
0.3350866236856901
0.3310589725195035
0.32705793422114465
0.3230843520855922
0.3191391258024975
0.31522322051760227
0.3113376775425503
0.3074836270602716
0.3036623032560636
0.2998750624092881
0.2961234046130544
0.29240899995764374
0.2887337202271463
0.2850996774307777
0.2815092708350576
0.2779652445997422
0.27447075866824533
0.2710294762435703
0.2676456720079383
0.2643243662169325
0.26107149087557996
0.2578940952605475
0.2548005988039194
0.2518010992160372
0.24890774158607876
0.24613514808586048
0.243500894547296
0.24102599472181163
0.2387353094498687
0.23665773183034935
0.23482591543690345
0.23327523879124223
0.23204170370438562
0.23115865111458608
0.23065261651342234
0.2305392358536444
0.23082049204748967
0.2314843454568963
0.23250689832795596
0.23385624910848385
0.23549674033876075
0.23739254151825748
0.23951008424895592
0.24181936899993753
0.2442944169316244
0.2469131844530844
0.24965719738912226
0.25251107610260753
0.2554620505649831
0.2584995146900678
0.26161463931203954
0.2648000469955973
0.2680495441189655
0.2713579026668562
0.2747206836164545
0.2781340943809762
0.2815948737876436
0.28510019915750323
0.28864761106482534
0.29223495222419293
0.295860317674815
0.29952201401550227
0.30321852590981707
0.3069484884500166
0.31071066425949806
0.3145039244422863
0.3183272326682753
0.3221796318248431
0.3260602327773695
0.3299682048697939
0.3339027678665157
0.33786318509302904
0.3418487575773165
0.34585881902979176
0.34989273152861194
0.3539498818003136
0.35802967800463575
0.36213154694790434
0.36625493166172474
0.37039928929416593
0.3745640892690294
0.37874881167578334
0.38295294585851025
0.3871759891771739
0.3914174459182229
0.395676826335305
0.3999536458033034
0.40424742407152214
0.40855768460375297
0.41288395399463573
0.4172257614531873
0.421582638345609
0.42595411779040665
0.4303397342999621
0.43473902346324483
0.43915152166510013
0.44357676583812894
0.44801429324369885
0.4524636412789201
0.45692434730687165
0.4613959485078028
0.4658779817490607
0.47036998347190084
0.4748714895936038
0.4793820354232951
0.483901155590243
0.48842838398343325
0.4929632537013643
0.49750529701113816
0.5020540453160047
0.506609029130577
0.5111697780630945
0.5157358208040566
0.5203066851207151
0.5248818978569315
0.5294609849379387
0.5340434713795658
0.5386288813016257
0.5432167379451421
0.5478065636929991
0.5523978800938475
0.5569902078890668
0.56158306704244
0.5661759767723852
0.5707684555866525
0.5753600213192203
0.5799501911692291
0.5845384817418647
0.589124409091053
0.5937074887637249
0.598287235845622
0.602863165008528
0.6074347905587268
0.6120016264866959
0.6165631865179481
0.6211189841648638
0.6256685327795888
0.6302113456078617
0.6347469358436948
0.6392748166849093
0.6437945013894384
0.6483055033323796
0.6528073360636414
0.6572995133662826
0.6617815493153583
0.6662529583372704
0.6707132552696489
0.6751619554215835
0.679598574634298
0.6840226293421287
0.688433636633913
0.6928311143145903
0.6972145809671628
0.7015835560148322
0.7059375597834396
0.7102761135639902
0.7145987396754904
0.7189049615277813
0.7231943036845695
0.7274662919265421
0.7317204533144255
0.7359563162522442
0.7401734105503949
0.7443712674888067
0.7485494198800421
0.7527074021322896
0.7568447503122872
0.760961002208217
0.76505569739241
0.7691283772839259
0.7731785852110314
0.7772058664735263
0.7812097684048039
0.7851898404337881
0.789145634146638
0.7930767033481991
0.796982604123174
0.8008628948970795
0.8047171364969221
0.8085448922114932
0.8123457278514534
0.816119211809031
0.8198649151174008
0.8235824115097413
0.8272712774778996
0.83093109233072
0.8345614382519628
0.8381619003578884
0.8417320667543531
0.8452715285936061
0.8487798801305988
0.8522567187788884
0.8557016451661059
0.8591142631890025
0.8624941800679868
0.8658410064013404
0.8691543562187826
0.8724338470346957
0.8756790999008653
0.8788897394586561
0.8820653939907988
0.8852056954726335
0.8883102796227875
0.8913787859535084
0.8944108578203283
0.8974061424712836
0.9003642910955904
0.9032849588718116
0.9061678050154643
0.9090124928260787
0.9118186897338184
0.9145860673453716
0.9173143014895098
0.9200030722619348
0.92265206406965
0.9252609656747965
0.9278294702378612
0.9303572753603854
0.9328440831270403
0.9352896001472331
0.9376935375960551
0.9400556112545977
0.9423755415498821
0.9446530535939337
0.9468878772225204
0.9490797470330533
0.9512284024221304
0.9533335876222214
0.9553950517380004
0.9574125487818355
0.9593858377088501
0.9613146824512424
0.9631988519520424
0.9650381201982767
0.9668322662533535
0.9685810742890391
0.9702843336165703
0.9719418387172644
0.9735533892724056
0.9751187901925035
0.9766378516459212
0.9781103890866983
0.9795362232818828
0.9809151803380534
0.9822470917272026
0.9835317943119244
0.9847691303698786
0.9859589476176298
0.9871010992336756
0.9881954438808221
0.9892418457278349
0.9902401744703396
0.9911903053510102
0.9920921191790046
0.9929455023486974
0.9937503468575599
0.9945065503234187
0.9952140160008369
0.9958726527967933
0.9964823752854962
0.99704310372258
0.9975547640583098
0.9980172879501251
0.9984306127743375
0.9987946816370166
0.9991094433840663
0.9993748526104663
0.9995908696687371
0.9997574606765102
0.9998745975232662
0.9999422578763107
0.9999604251858019
0.9999290886889804
0.9998482434135635
0.9997178901801965
0.9995380356041722
0.9993086920961156
0.9990298778619565
0.9987016169019282
0.9983239390087405
0.9978968797647972
0.9974204805386636
0.9968947884804807
0.9963198565166554
0.9956957433435408
0.9950225134202738
0.9943002369607792
0.9935289899247586
0.9927088540079068
0.9918399166311621
0.99092227092914
0.989956015737609
0.9889412555801
0.9878781006536559
0.9867666668137083
0.9856070755580093
0.9843994540098013
0.9831439348999967
0.9818406565485644
0.9804897628450581
0.9790914032283061
0.9776457326651659
0.9761529116285467
0.9746131060745581
0.9730264874188036
0.9713932325118777
0.9697135236140839
0.9679875483692543
0.9662154997779053
0.9643975761694962
0.9625339811738917
0.9606249236921914
0.9586706178666395
0.9566712830498857
0.9546271437734474
0.9525384297154856
0.9504053756678221
0.9482282215022502
0.9460072121361606
0.9437425974974747
0.9414346324888964
0.9390835769514966
0.9366896956275813
0.9342532581230729
0.9317745388690566
0.9292538170828293
0.9266913767283066
0.9240875064757859
0.9214424996611894
0.9187566542446398
0.9160302727685711
0.913263662315169
0.910457134463324
0.9076110052450961
0.9047255951015645
0.9018012288382318
0.8988382355799076
0.895836948725095
0.8927977058999482
0.8897208489116956
0.8866067237016673
0.883455680297849
0.8802680727669929
0.8770442591663188
0.8737846014948011
0.8704894656439864
0.867159221348511
0.8637942421361404
0.8603949052774428
0.8569615917351232
0.8534946861129334
0.8499945766042544
0.8464616549403047
0.8428963163379964
0.8392989594474173
0.8356699862989696
0.8320098022501863
0.8283188159321098
0.8245974391953892
0.8208460870560232
0.8170651776406888
0.8132551321318573
0.809416374712407
0.8055493325101369
0.8016544355417812
0.7977321166568605
0.79378281148124
0.7898069583604306
0.7858049983026514
0.7817773749216462
0.7777245343793625
0.7736469253283307
0.7695449988539216
0.7654192084163713
0.7612700097926481
0.757097861018101
0.7529032223279856
0.7486865560987949
0.7444483267894678
0.740189000882372
0.7359090468243069
0.7316089349672906
0.7272891375093247
0.722950128435053
0.7185923834564273
0.7142163799533674
0.7098225969144127
0.7054115148773916
0.7009836158701794
0.6965393833515114
0.6920793021518474
0.6876038584143852
0.6831135395361635
0.6786088341093005
0.6740902318624571
0.669558223602446
0.6650133011561351
0.660455957312631
0.6558866857658291
0.6513059810573278
0.6467143385197791
0.6421122542207484
0.6375002249070746
0.6328787479498037
0.6282483212897119
0.6236094433835161
0.6189626131508293
0.6143083299218834
0.609647093386227
0.6049794035423592
0.6003057606486072
0.5956266651752403
0.5909426177580297
0.586254119153414
0.5815616701953711
0.5768657717541994
0.5721669246973176
0.5674656298522306
0.5627623879718526
0.5580576997022939
0.5533520655532547
0.5486459858713256
0.5439399608162271
0.5392344903403974
0.5345300741720207
0.5298272118018843
0.5251264024744039
0.5204281451831267
0.5157329386711639
0.5110412814370722
0.5063536717466122
0.5016706076510439
0.49699258701263166
0.4923201075379915
0.4876536668202108
0.48299376239057146
0.4783408917810409
0.47369555259853097
0.46905824261240114
0.4644294598566551
0.4598097027484447
0.4551994702247701
0.45059926189936156
0.4460095782419689
0.4414309207823959
0.43686379234209877
0.4323086972961326
0.42776614186897244
0.4232366344679872
0.41872068605911067
0.4142188105898841
0.40973152546613006
0.4052593520892766
0.40080281646296134
0.39636244987853986
0.3919387896912033
0.38753238019997366
0.38314377364727614
0.37877353135633895
0.37442222502767053
0.37009043821967763
0.36577876804250103
0.36148782709960636
0.3572182457177355
0.3529706745134382
0.3487457873536993
0.3445442847791225
0.34036689797226183
0.33621439337011444
0.33208757804069866
0.32798730596885795
0.32391448542812173
0.3198700876544762
0.3158551570868137
0.3118708235006331
0.30791831643862877
0.303998982440607
0.30011430569905445
0.2962659329254561
0.2924557034134307
0.2886856855407594
0.2849582212776784
0.28127598068073917
0.2776420288709355
0.27405990864221663
0.2705337426411621
0.2670683600053623
0.26366945342216785
0.26034377367798794
0.25709936968346936
0.2539458822008628
0.2508948981301205
0.24796036752670653
0.24515907463316855
0.24251113262611634
0.24004043354617474
0.23777492439913145
0.23574649841401807
0.23399020665974538
0.23254246617336732
0.23143806546163367
0.230706141703718
0.2303658885271284
0.23042325037279712
0.23086981543292798
0.23168435515894623
0.23283639524744554
0.2342905460498406
0.23601039284267236
0.23796128970709363
0.24011196359545453
0.24243516446795027
0.24490768870542573
0.24751005885568647
0.2502260563965293
0.25304222497220286
0.2559474049034153
0.2589323246826354
0.2619892557157052
0.2651117269678074
0.26829429220488055
0.2715323415196654
0.27482194924264686
0.2781597513177319
0.28154284634304216
0.2849687155390996
0.28843515783293694
0.29194023701888305
0.29548223858377526
0.29905963428599613
0.30267105297488006
0.30631525645043806
0.3099911194093682
0.3136976127172334
0.3174337893987277
0.3211987728582037
0.3249917469374631
0.3288119474930325
0.33265865523494303
0.3365311896169337
0.34042890360615113
0.34435117919142344
0.34829742351392984
0.35226706552438625
0.3562595530874155
0.3602743504668839
0.3643109361372621
0.36836880087487367
0.37244744609027364
0.37654638236903515
0.3806651281931889
0.38480320881969154
0.38896015529556727
0.3931355035923752
0.39732879384492703
0.4015395696812569
0.4057673776326231
0.4100117666138052
0.41427228746527806
0.41854849254986237
0.42283993539749076
0.42714617039234665
0.43146675249729904
0.43580123701098306
0.440149179353415
0.4445101348762825
0.44888365869449154
0.4532693055362754
0.4576666296092924
0.46207518448121415
0.4664945229735367
0.4709241970679801
0.4753637578253266
0.47981275531639284
0.484270738565052
0.4887372555028511
0.493211852934604
0.4976940765140375
0.5021834707284182
0.5066795788909211
0.511181943139793
0.5156901044430519
0.5202036026080894
0.5247219762952126
0.529244763034711
0.533771499246889
0.5383017202646457
0.5428349603583381
0.5473707527625263
0.551908629704396
0.5564481224336714
0.5609887612537454
0.5655300755539981
0.5700715938432098
0.5746128437841026
0.5791533522290376
0.5836926452570396
0.5882302482121835
0.5927656857435045
0.5972984818465574
0.6018281599065892
0.6063542427433859
0.6108762526577476
0.6153937114794842
0.6199061406168486
0.624413061107306
0.6289139936694326
0.6334084587559994
0.637895976607919
0.6423760673091783
0.646848250842512
0.6513120471458373
0.655766976169364
0.6602125579332921
0.6646483125861034
0.6690737604632833
0.6734884221465784
0.6778918185236281
0.6822834708480543
0.6866629007999645
0.6910296305468734
0.6953831828051437
0.699723080901893
0.704048848837478
0.7083600113485197
0.712656093971568
0.7169366231072366
0.72120112608494
0.7254491312279359
0.729680167918647
0.7338937666640268
0.7380894591607418
0.7422667783599024
0.7464252585312146
0.7505644353262709
0.7546838458410718
0.7587830286775812
0.7628615240046392
0.7669188736183604
0.770954621002186
0.7749683113870222
0.778959491811529
0.7829277111827785
0.7868725203374112
0.7907934721030789
0.7946901213604938
0.7985620251055447
0.8024087425116398
0.8062298349920203
0.810024866261937
0.8137934024005306
0.817535011912396
0.8212492657886945
0.824935737567845
0.8285940033956504
0.8322236420852438
0.8358242351763809
0.8393953669947123
0.8429366247107154
0.8464475983985377
0.8499278810946828
0.8533770688565226
0.856794760820813
0.8601805592618091
0.8635340696491983
0.8668549007056939
0.870142664464075
0.8733969763239005
0.8766174551075319
0.8798037231156348
0.8829554061820438
0.8860721337279269
0.8891535388154197
0.8921992582004005
0.895208932384774
0.8981822056679654
0.9011187261977134
0.9040181460203366
0.906880121130148
0.9097043115183954
0.9124903812213744
0.9152379983680528
0.9179468352269379
0.9206165682523995
0.9232468781303382
0.9258374498232064
0.9283879726144669
0.9308981401523558
0.933367650493135
0.9357962061435389
0.9381835141027681
0.9405292859036686
0.94283323765338
0.9450950900731807
0.9473145685377753
0.9494914031137879
0.9516253285975854
0.9537160845524291
0.9557634153448965
0.9577670701805998
0.9597268031392563
0.9616423732090433
0.9635135443203015
0.9653400853786605
0.9671217702973315
0.9688583780290404
0.9705496925970467
0.9721955031257217
0.9737956038705119
0.9753497942471286
0.9768578788602673
0.9783196675316322
0.9797349753273713
0.9811036225848779
0.9824254349389975
0.9837002433475739
0.9849278841164708
0.9861081989238245
0.9872410348438165
0.9883262443697532
0.9893636854364801
0.9903532214421301
0.9912947212692925
0.9921880593053911
0.9930331154624432
0.9938297751960207
0.9945779295235804
0.9952774750419914
0.9959283139443857
0.9965303540361711
0.9970835087504083
0.9975876971623087
0.9980428440030757
0.9984488796729941
0.9988057402536146
0.9991133675194466
0.9993717089485977
0.9995807177328603
0.9997403527870216
0.9998505787572688
0.9999113660289777
0.9999226907336627
0.9998845347551143
0.9997968857348639
0.99965973707665
0.999473087950339
0.9992369432947728
0.9989513138199937
0.9986162160085337
0.9982316721158931
0.9977977101701897
0.9973143639709106
0.9967816730868957
0.9961996828533527
0.9955684443681243
0.994888014487034
0.994158455818375
0.9933798367165437
0.9925522312748223
0.9916757193173079
0.9907503863899152
0.9897763237506587
0.9887536283589259
0.987682402863969
0.9865627555925341
0.9853948005355951
0.9841786573342991
0.9829144512649445
0.9816023132231986
0.980242379707437
0.9788347928011587
0.977379700154677
0.9758772549658721
0.9743276159600978
0.9727309473693768
0.9710874189106409
0.9693972057632013
0.9676604885454613
0.9658774532907496
0.9640482914224456
0.9621731997282281
0.9602523803336928
0.9582860406750467
0.9562743934711663
0.954217656694781
0.9521160535430818
0.9499698124073175
0.9477791668418557
0.9455443555324227
0.9432656222633791
0.9409432158845205
0.9385773902768341
0.9361684043175826
0.9337165218445151
0.9312220116193118
0.9286851472901927
0.9261062073537067
0.9234854751157636
0.9208232386518336
0.9181197907663765
0.9153754289516038
0.9125904553454521
0.9097651766888286
0.9068999042823944
0.903994953942572
0.9010506459570795
0.8980673050400325
0.8950452602864835
0.8919848451267065
0.8888863972800265
0.8857502587084868
0.8825767755701156
0.8793662981720403
0.8761191809233118
0.8728357822875299
0.8695164647351299
0.8661615946953476
0.8627715425079343
0.8593466823744141
0.8558873923089128
0.8523940540885114
0.8488670532030927
0.8453067788045278
0.8417136236552681
0.838087984076085
0.8344302598931284
0.8307408543840362
0.8270201742231208
0.8232686294256878
0.8194866332914343
0.8156746023469353
0.8118329562874802
0.8079621179181166
0.8040625130942732
0.8001345706618347
0.7961787223970969
0.7921954029463573
0.7881850497655268
0.784148103059586
0.7800850057221196
0.7759962032747467
0.7718821438067011
0.7677432779143382
0.76358005864082
0.7593929414159875
0.7551823839965194
0.7509488464065336
0.7466927908787759
0.7424146817964588
0.7381149856359254
0.7337941709100982
0.7294527081128206
0.7250910696638515
0.7207097298546168
0.7163091647944645
0.7118898523572994
0.7074522721285277
0.7029969053520579
0.6985242348773668
0.6940347451065024
0.689528921941005
0.6850072527286992
0.6804702262104204
0.6759183324667034
0.6713520628644829
0.6667719100039506
0.6621783676655498
0.6575719307573443
0.6529530952627579
0.6483223581888035
0.6436802175149701
0.6390271721427588
0.6343637218460277
0.6296903672222792
0.6250076096448479
0.6203159512162308
0.6156158947225642
0.6109079435894044
0.6061926018388052
0.6014703740479185
0.5967417653090913
0.5920072811915942
0.5872674277050086
0.5825227112643652
0.5777736386570076
0.5730207170113331
0.568264453767361
0.5635053566491597
0.5587439336393208
0.5539806929554703
0.5492161430291265
0.5444507924870001
0.5396851501352117
0.5349197249468125
0.5301550260531721
0.525391562739839
0.5206298444477105
0.5158703807802674
0.5111136815177069
0.5063602566390063
0.5016106163527171
0.4968652711374234
0.49212473179282384
0.487389509502386
0.48266011590835256
0.4779370632003404
0.47322086421838233
0.46851203257178753
0.4638110827751377
0.4591185304030246
0.45443489226539024
0.4497606866056411
0.44509643332388815
0.4404426542283349
0.435799873317684
0.4311686170984837
0.4265494149411986
0.42194279947981866
0.41734930706005
0.41276947824225974
0.4082038583659351
0.403652998183843
0.3991174545752529
0.39459779134927875
0.39009458015158543
0.38560840148981546
0.38113984589622835
0.3766895152492562
0.3722580242799277
0.3678460022937016
0.3634540951442011
0.3590829675020083
0.3547333054701237
0.3504058196073658
0.3461012484335028
0.34182036250426884
0.3375639691630408
0.33333291809833876
0.32912810786432545
0.32495049355654987
0.3208010958788022
0.3166810118917275
0.3125914278029086
0.30853363424496194
0.30450904459840866
0.3005192170559933
0.2965658813033881
0.292650970919144
0.28877666288812365
0.2849454259952343
0.28116008034124873
0.277423870824594
0.27374055818801535
0.2701145321589189
0.2665509523237581
0.26305592363580294
0.2596367147412714
0.2563020283228871
0.2530623327683989
0.24993026243551025
0.24692108734275803
0.24405323844225016
0.24134884588523203
0.23883419745901352
0.23653994687381996
0.23450080200238066
0.23275433597968573
0.23133857409358807
0.23028824478402246
0.2296301238572701
0.2293785972060231
0.22953295046992983
0.23007747984502938
0.2309843829457821
0.2322182793808301
0.23374085082633797
0.23551451312912433
0.2375047355837438
0.2396811481192946
0.24201779427938727
0.24449288621916798
0.24708832617124163
0.2497891589179714
0.25258304359691797
0.255459784433557
0.2584109324390364
0.26142945623750075
0.26450947423565124
0.2676460385909452
0.27083496169383015
0.274072676968922
0.27735612711989116
0.2806826742145426
0.28405002711963206
0.28745618272228884
0.29089937812509586
0.2943780515991825
0.29789081055020633
0.3014364051210504
0.3050137063433473
0.30862168797551204
0.31225941134095053
0.3159260126185799
0.31962069214599087
0.3233427053814058
0.3270913552380618
0.3308659855584494
0.33466597553873906
0.3384907349480673
0.34233970001510305
0.34621232987666534
0.3501081035014887
0.35402651701712834
0.35796708138011424
0.3619293203397185
0.3659127686537105
0.36991697052143996
0.37394147820505486
0.3779858508143503
0.3820496532343649
0.38613245517809464
0.39023383034910736
0.39435335570106933
0.3984906107828273
0.4026451771593749
0.4068166379001325
0.41100457712713384
0.4152085796167399
0.4194282304492006
0.4236631147011729
0.42791281717693336
0.4321769221743021
0.4364550132821043
0.440746673205733
0.44505148361810126
0.449369025033052
0.4536988766986318
0.45804061650753164
0.4623938209222608
0.46675806491263555
0.4711329219033809
0.4755179637297564
0.4799127605997267
0.48431688106086157
0.48872989197135525
0.4931513584740304
0.4975808439731717
0.5020179101140652
0.5064621167651401
0.5109130220034201
0.515370182103322
0.5198331515294996
0.5243014829341637
0.5287747271593097
0.533252433244247
0.537734148438841
0.542219418222715
0.54670778633071
0.551198794784928
0.5556919839335094
0.5601868924965072
0.5646830576190123
0.5691800149317978
0.5736772986194613
0.5781744414962405
0.5826709750890333
0.5871664297274499
0.5916603346400143
0.5961522180556391
0.6006416073091078
0.6051280289490367
0.6096110088467155
0.6140900723039735
0.6185647441584354
0.6230345488844019
0.6274990106881336
0.6319576535963016
0.6364100015369367
0.6408555784126024
0.6452939081658016
0.6497245148370697
0.6541469226164418
0.6585606558893692
0.6629652392781508
0.6673601976801182
0.6717450563038888
0.6761193407049035
0.6804825768213404
0.684834291011384
0.689174010092539
0.6935012613836034
0.6978155727494271
0.7021164726485881
0.7064034901837779
0.7106761551545241
0.7149339981118954
0.7191765504145611
0.7234033442859066
0.7276139128716246
0.7318077902976552
0.7359845117280508
0.740143613422781
0.7442846327954363
0.7484071084708341
0.7525105803425963
0.75659458963083
0.7606586789398943
0.764702392316391
0.7687252753073652
0.7727268750186858
0.7767067401736808
0.7806644211718473
0.7845994701477321
0.7885114410298713
0.7923998895997229
0.7962643735506828
0.800104452547042
0.8039196882829592
0.8077096445415147
0.8114738872537549
0.8152119845578315
0.818923506858312
0.8226080268856041
0.8262651197555937
0.8298943630294741
0.8334953367738924
0.8370676236211599
0.840610808829808
0.8441244803451912
0.8476082288602408
0.8510616478762452
0.8544843337634817
0.8578758858217828
0.8612359063407254
0.8645640006595193
0.8678597772263111
0.8711228476569678
0.8743528267932185
0.8775493327600221
0.8807119870221828
0.8838404144402177
0.8869342433254433
0.8899931054942536
0.8930166363218137
0.8960044747948664
0.8989562635640843
0.9018716489957497
0.9047502812228322
0.9075918141956386
0.9103959057318805
0.9131622175663111
0.9158904153997943
0.9185801689479742
0.9212311519893788
0.9238430424129974
0.926415522265369
0.928948277797082
0.931440999508674
0.9338933821959886
0.9363051249948798
0.9386759314252762
0.9410055094347058
0.9432935714411064
0.9455398343749389
0.9477440197208465
0.9499058535585296
0.9520250666030177
0.9541013942443726
0.9561345765867107
0.9581243584867223
0.9600704895914488
0.9619727243755803
0.9638308221781735
0.9656445472386999
0.9674136687325703
0.9691379608060885
0.9708172026107853
0.9724511783371605
0.97403967724779
0.9755824937097715
0.9770794272265058
0.9785302824687468
0.9799348693048076
0.9812930028300274
0.9826045033952638
0.9838691966344695
0.9850869134913071
0.9862574902447486
0.9873807685336071
0.9884565953800489
0.9894848232122144
0.9904653098856171
0.9913979187039073
0.9922825184385005
0.9931189833475821
0.993907193194187
0.994647033263643
0.995338394380299
0.9959811729236304
0.996575270843664
0.997120595675907
0.9976170605555053
0.9980645842309954
0.9984630910773806
0.9988125111085612
0.9991127799892464
0.9993638390461344
0.9995656352785561
0.9997181213684153
0.9998212556893631
0.9998750023154291
0.9998793310287934
0.9998342173268987
0.9997396424287633
0.9995955932805588
0.9994020625603697
0.999159048682155
0.9988665557990338
0.9985245938055793
0.9981331783394954
0.9976923307824105
0.9972020782599259
0.9966624536408267
0.996073495535631
0.9954352482942874
0.9947477620031225
0.9940110924810793
0.993225301275172
0.9923904556551946
0.9915066286076419
0.9905738988289274
0.9895923507178165
0.9885620743669794
0.9874831655539396
0.9863557257309734
0.9851798620144332
0.9839556871729982
0.9826833196152588
0.9813628833763235
0.9799945081035748
0.9785783290415935
0.9771144870161225
0.9756031284171777
0.9740444051813396
0.9724384747731027
0.9707855001654475
0.9690856498194951
0.9673390976635179
0.9655460230710198
0.9637066108381771
0.9618210511605204
0.9598895396089272
0.9579122771050853
0.9558894698960683
0.9538213295286189
0.9517080728226245
0.9495499218440919
0.9473471038775922
0.9450998513980735
0.9428084020422316
0.9404729985791819
0.93809388888066
0.9356713258906911
0.9332055675945758
0.9306968769873917
0.9281455220418863
0.9255517756758043
0.9229159157185512
0.9202382248774229
0.9175189907031438
0.9147585055548357
0.9119570665644744
0.909114975600712
0.9062325392321559
0.9033100686901263
0.9003478798307115
0.8973462930963682
0.8943056334767959
0.8912262304693152
0.8881084180384343
0.8849525345748197
0.8817589228534667
0.8785279299910479
0.8752599074024106
0.8719552107560682
0.8686141999287661
0.8652372389588175
0.8618246959983192
0.858376943264223
0.8548943569879077
0.8513773173636023
0.8478262084953222
0.8442414183424515
0.8406233386639791
0.8369723649612741
0.8332888964196207
0.8295733358484383
0.8258260896202808
0.8220475676086905
0.8182381831250918
0.8143983528546723
0.810528496791608
0.8066290381735948
0.8027004034160989
0.7987430220463516
0.7947573266375161
0.7907437527431895
0.7867027388326716
0.7826347262271618
0.7785401590373359
0.7744194841024508
0.7702731509313709
0.766101611645446
0.7619053209235541
0.7576847359490831
0.7534403163588028
0.7491725241932098
0.7448818238480144
0.7405686820260389
0.736233567688953
0.7318769520079411
0.7274993083123662
0.7231011120357481
0.7186828406579461
0.7142449736430176
0.709787992372042
0.705312380070644
0.7008186217312078
0.6963072040298961
0.6917786152392614
0.6872333451371386
0.682671884912997
0.6780947270729992
0.6735023653451407
0.6688952945855895
0.664274010687706
0.6596390104944821
0.6549907917155292
0.6503298528490148
0.6456566931091972
0.6409718123598083
0.6362757110534721
0.6315688901772738
0.6268518512047008
0.6221250960538972
0.6173891270524655
0.6126444469088846
0.6078915586906958
0.6031309658095122
0.598363172013114
0.5935886813842823
0.5888079983466084
0.5840216276766516
0.5792300745222813
0.5744338444263772
0.5696334433551465
0.5648293777301923
0.5600221544632069
0.5552122809922655
0.5504002653187335
0.5455866160437634
0.5407718424036816
0.5359564543037114
0.531140962349666
0.5263258778778216
0.5215117129829783
0.5166989805455887
0.5118881942586438
0.5070798686555161
0.5022745191399723
0.4974726620198993
0.4926748145462783
0.48788149495904154
0.4830932225416793
0.47831051768625116
0.47353390197079714
0.46876389825111553
0.4640010307689356
0.45924582527879726
0.454498809196146
0.4497605117692595
0.4450314642782085
0.4403122002642107
0.4356032557933515
0.4309051697591149
0.42621848422878833
0.42154374483950124
0.41688150125037277
0.4122323076583533
0.4075967233860611
0.4029753135513568
0.39836864982977377
0.3937773113224783
0.3892018855446003
0.3846429695510634
0.38010117122017706
0.37557711071844024
0.3710714221747775
0.366584755597226
0.3621177790717734
0.35767118129051856
0.35324567446592803
0.3488419976995811
0.3444609208877901
0.34010324926428404
0.3357698287017845
0.3314615519213491
0.3271793657922567
0.3229242799476917
0.31869737699480916
0.314499824665531
0.3103328903403532
0.30619795848662573
0.3020965516931425
0.2980303561620811
0.2940012527510132
0.2900113549553513
0.286063055607119
0.28215908456240574
0.2783025802895769
0.2744971790880097
0.27074712670073886
0.267057418364463
0.2634339748694753
0.25988386391404306
0.25641557770989276
0.2530393788899062
0.2497677261411635
0.24661578639736434
0.24360202781340534
0.24074886038834964
0.23808323934327927
0.2356370599298342
0.23344704961221466
0.23155373341625887
0.22999900301129686
0.2288220275759675
0.22805385860372
0.22771199563482594
0.22779682078348631
0.22829143744026134
0.22916500940379048
0.230378172410706
0.23188856360144233
0.23365508589964457
0.23564047243984124
0.23781239108254254
0.2401435725087492
0.24261140801078518
0.2451973276439021
0.24788613936175663
0.25066541809025383
0.25352497905528254
0.2564564410265165
0.25945287207771983
0.26250850580935153
0.26561851543096265
0.268778834310704
0.27198601338009765
0.2752371075822751
0.27852958514916537
0.28186125482301555
0.28523020720777004
0.28863476727956294
0.2920734557435812
0.2955449574340187
0.2990480953475546
0.3025818092045638
0.3061451376671629
0.3097372035247369
0.31335720129915856
0.3170043868317278
0.3206780685004886
0.32437759978437314
0.3281023729446141
0.33185181363664235
0.33562537630001893
0.3394225402013641
0.3432428060276163
0.34708569294465935
0.35095073605091354
0.3548374841673576
0.358745497914812
0.36267434803713433
0.3666236139355909
0.3705928823845697
0.37458174640346026
0.3785898042631572
0.3826166586087327
0.38666191568268493
0.39072518463533323
0.39480607691116765
0.39890420570162155
0.4030191854562055
0.40715063144552877
0.41129815937032854
0.4154613850121259
0.4196399239213496
0.4238333911396995
0.4280414009537795
0.4322635666775783
0.43649950046133723
0.4407488131249178
0.44501111401353943
0.44928601087416115
0.45357310975053106
0.45787201489520735
0.4621823286966875
0.4665036516198132
0.47083558215761534
0.47517771679276566
0.4795296499667688
0.48389097405513903
0.4882612793467965
0.49264015402627265
0.49702718415724156
0.5014219536665466
0.5058240443278864
0.5102330357450136
0.5146485053345224
0.5190700283088918
0.5234971776605346
0.5279295241482275
0.532366636287086
0.5368080803436379
0.5412534203371612
0.5457022180485519
0.5501540330375204
0.5546084226685994
0.559064942146402
0.563523144559669
0.5679825809339903
0.5724428002924301
0.576903349723177
0.5813637744535073
0.5858236179288587
0.5902824218963499
0.5947397264917268
0.5991950703290058
0.6036479905923897
0.6080980231296121
0.6125447025467295
0.6169875623038543
0.6214261348118972
0.6258599515300599
0.6302885430643377
0.6347114392668224
0.6391281693360565
0.6435382619182807
0.6479412452095834
0.6523366470589037
0.6567239950713755
0.6611028167118761
0.6654726394082102
0.6698329906531701
0.6741833981049596
0.6785233896850325
0.6828524936726721
0.687170238795416
0.6914761543147714
0.6957697701065271
0.7000506167354111
0.7043182255236453
0.7085721286134782
0.7128118590236693
0.7170369507000662
0.7212469385605925
0.725441358534757
0.7296197475983135
0.7337816438030531
0.7379265863027318
0.7420541153754547
0.7461637724436808
0.7502551000931202
0.7543276420918268
0.7583809434115977
0.7624145502531375
0.7664280100770302
0.7704208716418951
0.7743926850507632
0.7783430018061172
0.7822713748734639
0.7861773587524354
0.7900605095541591
0.7939203850830387
0.7977565449210793
0.8015685505127107
0.805355965248464
0.8091183545461628
0.8128552859284749
0.8165663290964887
0.8202510559990618
0.8239090408980818
0.8275398604301829
0.8311430936654138
0.8347183221634145
0.8382651300278872
0.8417831039597825
0.8452718333097798
0.8487309101303504
0.8521599292278215
0.8555584882145927
0.8589261875614702
0.8622626306504458
0.8655674238277368
0.8688401764570335
0.8720805009729338
0.8752880129345849
0.8784623310791512
0.8816030773753836
0.8847098770769487
0.8877823587755672
0.8908201544539364
0.89382289953839
0.8967902329511646
0.8997217971625595
0.9026172382426351
0.9054762059126862
0.9082983535964492
0.9110833384709351
0.913830821516964
0.9165404675693729
0.9192119453668284
0.9218449276012616
0.9244390909668118
0.9269941162083363
0.9295096881693549
0.931985495839489
0.9344212324012621
0.93681659527631
0.9391712861708911
0.9414850111208337
0.9437574805356753
0.9459884092422046
0.9481775165272659
0.9503245261798625
0.9524291665325193
0.9544911705020455
0.9565102756294881
0.9584862241194345
0.9604187628786707
0.9623076435540777
0.9641526225698881
0.9659534611643215
0.9677099254253939
0.9694217863263073
0.9710888197599228
0.972710806572707
0.9742875325980171
0.9758187886886565
0.9773043707488346
0.9787440797653385
0.9801377218381664
0.9814851082104147
0.9827860552974116
0.9840403847152946
0.9852479233087946
0.9864085031783406
0.9875219617065124
0.9885881415837655
0.9896068908334653
0.9905780628362849
0.9915015163538216
0.992377115551635
0.9932047300215352
0.9939842348032036
0.9947155104050673
0.9953984428245467
0.9960329235673486
0.9966188496662013
0.9971561236985794
0.9976446538036341
0.9980843536981558
0.9984751426916044
0.9988169457002233
0.9991096932599566
0.9993533215386059
0.9995477723467965
0.9996929931481892
0.9997889370685316
0.9998355629041972
0.9998328351296543
0.9997807239043722
0.9996792050790708
0.9995282602013205
0.9993278765205965
0.9990780469927345
0.9987787702838739
0.9984300507737377
0.9980318985583656
0.9975843294520971
0.9970873649890091
0.9965410324235178
0.9959453647302913
0.9953004006034794
0.9946061844551181
0.9938627664128371
0.9930702023168201
0.9922285537159927
0.9913378878634376
0.990398277711132
0.9894098019037453
0.9883725447717892
0.9872865963239047
0.9861520522382167
0.9849690138530383
0.9837375881565465
0.9824578877756103
0.9811300309637895
0.9797541415883596
0.9783303491164377
0.976858788600195
0.975339600661099
0.973772931473289
0.9721589327458863
0.9704977617045362
0.9687895810718897
0.9670345590472481
0.9652328692853598
0.9633846908743161
0.9614902083125905
0.9595496114854994
0.9575630956407203
0.9555308613633401
0.9534531145501292
0.9513300663834122
0.9491619333043145
0.9469489369856686
0.9446913043044268
0.942389267313768
0.9400430632149092
0.9376529343285296
0.9352191280660143
0.9327418969003729
0.9302214983369879
0.9276581948839685
0.9250522540223998
0.9224039481761686
0.9197135546816145
0.9169813557568214
0.9142076384704804
0.9113926947105374
0.9085368211523208
0.9056403192262947
0.9027034950852941
0.8997266595713689
0.8967101281819815
0.8936542210357632
0.8905592628376621
0.887425582843448
0.884253514823722
0.8810433970272042
0.8777955721433934
0.8745103872646608
0.8711881938476309
0.8678293476738852
0.8644342088100532
0.8610031415672721
0.857536514459896
0.8540347001636356
0.8504980754729645
0.8469270212578881
0.8433219224200021
0.8396831678478395
0.8360111503714076
0.8323062667160491
0.8285689174552987
0.8247995069628089
0.8209984433633642
0.8171661384824824
0.8133030077948835
0.8094094703713919
0.8054859488241034
0.801532869249839
0.7975506611713478
0.793539757476435
0.7895005943544545
0.7854336112304103
0.7813392506961532
0.7772179584389903
0.7730701831674324
0.7688963765343225
0.7646969930573823
0.7604724900375278
0.7562233274751421
0.7519499679847415
0.7476528767083656
0.743332521228187
0.7389893714786488
0.7346238996585948
0.7302365801438391
0.7258278894001884
0.721398305897527
0.7169483100248185
0.7124783840063351
0.7079890118189017
0.7034806791104684
0.6989538731193643
0.694409082594537
0.6898467977160051
0.685267510015462
0.6806717122964583
0.6760598985536694
0.6714325638907985
0.6667902044367477
0.6621333172596399
0.6574624002785123
0.6527779521727066
0.648080472288948
0.6433704605465213
0.6386484173409163
0.6339148434465917
0.629170239919585
0.6244151080008832
0.6196499490213885
0.6148752643097322
0.6100915551041576
0.6052993224696499
0.6004990672217958
0.595691289858989
0.5908764905042283
0.5860551688583909
0.5812278241662019
0.5763949551964777
0.5715570602379337
0.566714637111542
0.5618681832004034
0.557018195497668
0.5521651706726917
0.547309605155473
0.5424519952387525
0.5375928371970176
0.5327326274211643
0.5278718625673245
0.5230110397179777
0.5181506565532973
0.5132912115304478
0.5084332040686151
0.5035771347373829
0.49872350544627975
0.4938728196336745
0.4890255824533713
0.4841823009577374
0.47934348427701473
0.4745096437946987
0.46968129332
0.4648589492589659
0.4600431307867613
0.45523436002449075
0.4504331622247011
0.4456400659706066
0.44085560339509566
0.4360803104257948
0.43131472706410745
0.4265593977059424
0.42181487151334923
0.41708170284652174
0.4123604517669053
0.407651684622742
0.40295597472985994
0.3982739031617676
0.39360605966506385
0.3889530437182566
0.3843154657551232
0.3796939485769761
0.3750891289827018
0.3705016596507192
0.3659322113133107
0.3613814752716694
0.3568501663098253
0.35233902607690243
0.3478488270215402
0.34338037698018586
0.3389345245418583
0.33451216533942785
0.33011424945031254
0.3257417901311397
0.3213958741633318
0.3170776741522378
0.3127884632061374
0.3085296325268504
0.3043027125798647
0.30010939868424297
0.29595158208555467
0.2918313878609414
0.2877512213745318
0.28371382547597745
0.27972235124559097
0.275780445868314
0.27189236220363655
0.2680630958383234
0.2642985568723344
0.2606057853419085
0.25699322084261866
0.25347103812045446
0.25005156017255337
0.24674975682453235
0.24358382634703643
0.2405758346425456
0.23775234236325635
0.2351448751990949
0.23334870289912452
0.23275277472284206
0.23214551978003942
0.23152548432558728
0.2308914955509202
0.2302425876014806
0.2295779454891238
0.22889686266017142
0.22819870907152326
0.22843234751263422
0.22986879636199092
0.2315726102030751
0.2335035422598321
0.23562679536010492
0.23791321310685637
0.24033881350271263
0.24288406086975053
0.24553310033699532
0.24827306030628588
0.2510934599764757
0.25398572492617405
0.25694279932409597
0.25995883895416205
0.2630289694537386
0.26614909614785004
0.2693157542792876
0.2725259907128795
0.27577727013123765
0.27906740030797367
0.28239447227916725
0.28575681219005417
0.2891529423291867
0.29258154942507697
0.2960414587109426
0.2995316125928875
0.3030510530102948
0.3065989067721537
0.3101743733038386
0.31377671435628585
0.3174052453203341
0.3210593278609193
0.32473836364159586
0.32844178895435633
0.33216907010454194
0.33591969942868655
0.3396931918449408
0.34348908185395255
0.3473069209218196
0.3511462751890146
0.35500672345798484
0.3588878554205005
0.3627892700919255
0.36671057442521715
0.3706513820818529
0.37461131234033423
0.3785899891263153
0.3825870401504337
0.38660209614212665
0.39063479016897323
0.3946847570324558
0.3987516327318931
0.4028350539890766
0.4069346578266787
0.41105008119440345
0.4151809606370642
0.4193269319996924
0.42348763016518653
0.42766268882073655
0.4318517402497456
0.436054415146675
0.4402703424526752
0.44449914921020567
0.44874046043548754
0.45299389900763637
0.45725908557369654
0.46153563846884943
0.46582317365113035
0.4701213046501004
0.4744296425287066
0.4787477958576996
0.4830753707017374
0.48741197061640823
0.4917571966551067
0.49611064738491945
0.5004719189103111
0.5048406049036045
0.509216296641137
0.5135985830439315
0.5179870507219286
0.5223812840206475
0.526780865069386
0.5311853738301358
0.5355943881464943
0.5400074837919018
0.5444242345168707
0.5488442120948148
0.5532669863663343
0.5576921252819904
0.5621191949436366
0.5665477596446113
0.5709773819090265
0.5754076225307388
0.5798380406122977
0.5842681936045522
0.5886976373472901
0.5931259261114844
0.5975526126435237
0.6019772482117873
0.6063993826559905
0.6108185644392774
0.6152343407034307
0.6196462573269826
0.6240538589864268
0.6284566892202113
0.6328542904954793
0.6372462042773661
0.641631971100526
0.6460111306428266
0.6503832218008355
0.654747782766998
0.6591043511082647
0.6634524638458995
0.6677916575364348
0.6721214683533527
0.6764414321695867
0.6807510846403145
0.6850499612860719
0.6893375975757257
0.6936135290092507
0.6978772911998926
0.7021284199554527
0.7063664513585277
0.7105909218453088
0.7148013682830033
0.7189973280454325
0.7231783390870569
0.7273439400152516
0.7314936701610679
0.7356270696486021
0.7397436794632759
0.7438430415193243
0.7479246987267186
0.751988195057932
0.7560330756147368
0.7600588866951757
0.764065175860914
0.7680514920047294
0.7720173854183382
0.7759624078602048
0.7798861126230546
0.7837880546010677
0.7876677903561803
0.7915248781835726
0.7953588781758969
0.7991693522862141
0.8029558643894908
0.8067179803427054
0.8104552680435351
0.8141672974876462
0.8178536408248479
0.8215138724141157
0.8251475688777381
0.8287543091547437
0.8323336745537532
0.8358852488054302
0.839408618114816
0.842903371213309
0.8463690994108896
0.8498053966481682
0.8532118595487126
0.8565880874712974
0.8599336825624097
0.863248249808742
0.8665313970897325
0.8697827352301201
0.8730018780523959
0.8761884424292201
0.879342048335446
0.8824623189001138
0.8855488804579458
0.888601362600584
0.891619398227318
0.894602623595358
0.8975506783696637
0.9004632056721724
0.9033398521305803
0.9061802679265419
0.9089841068434046
0.9117510263134433
0.9144806874647241
0.9171727551673974
0.9198268980798143
0.9224427886942431
0.9250201033822907
0.9275585224401595
0.9300577301336717
0.9325174147432173
0.9349372686085388
0.9373169881734477
0.9396562740304832
0.9419548309655433
0.9442123680024093
0.9464285984472383
0.9486032399329539
0.950736014463513
0.9528266484579441
0.9548748727942222
0.9568804228528307
0.9588430385598815
0.9607624644298699
0.962638449607884
0.9644707479112099
0.9662591178702643
0.9680033227688838
0.9697031306836601
0.9713583145226614
0.9729686520631018
0.9745339259882302
0.9760539239233347
0.9775284384707422
0.9789572672440413
0.9803402129013179
0.9816770831777081
0.982967690916877
0.9842118541019294
0.9854093958853727
0.9865601446184483
0.9876639338795992
0.9887206025023889
0.9897299946024571
0.9906919596040452
0.9916063522656003
0.9924730327046946
0.9932918664222926
0.994062724326234
0.9947854827537723
0.9954600234937018
0.9960862338073017
0.9966640064486749
0.9971932396842961
0.9976738373114756
0.998105708676288
0.9984887686903978
0.9988229378471275
0.9991081422365615
0.9993443135598592
0.9995313891425489
0.9996693119469502
0.9997580305836811
0.9997974993221185
0.9997876781000732
0.999728532532287
0.9996200339181597
0.9994621592483695
0.9992548912106584
0.9989982181946454
0.9986921342957323
0.9983366393181565
0.9979317387772146
0.9974774439007013
0.9969737716295631
0.9964207446178946
0.9958183912321884
0.9951667455499915
0.9944658473579272
0.9937157421491438
0.9929164811201318
0.9920681211670677
0.9911707248815599
0.9902243605457662
0.9892291021270524
0.9881850292720112
0.987092227299809
0.9859507871950439
0.9847608055997573
0.9835223848048305
0.9822356327405967
0.9809006629665776
0.97951759466051
0.9780865526062658
0.9766076671809617
0.9750810743410192
0.9735069156072114
0.9718853380486375
0.9702164942656334
0.9685005423716325
0.9667376459739816
0.9649279741536199
0.9630717014438727
0.9611690078081451
0.9592200786167838
0.9572251046229983
0.9551842819380145
0.9530978120053828
0.9509659015747202
0.9487887626747716
0.9465666125858284
0.9442996738118611
0.9419881740520885
0.9396323461722977
0.9372324281758955
0.9347886631747186
0.9323012993598644
0.9297705899723715
0.9271967932739015
0.9245801725175932
0.9219209959189288
0.9192195366267646
0.9164760726944886
0.9136908870513325
0.9108642674737282
0.9079965065567714
0.9050879016855785
0.902138755006603
0.8991493733986735
0.8961200684437237
0.8930511563970255
0.8899429581568591
0.886795799233416
0.8836100097169299
0.8803859242447822
0.8771238819676146
0.8738242265142939
0.8704873059556584
0.8671134727670925
0.8637030837897055
0.8602565001902983
0.8567740874198593
0.8532562151708357
0.8497032573329051
0.8461155919473685
0.8424936011601476
0.8388376711733118
0.8351481921951267
0.8314255583885316
0.8276701678183127
0.8238824223964148
0.8200627278259777
0.8162114935436006
0.8123291326601236
0.8084160618997911
0.8044727015378632
0.8004994753367516
0.7964968104805835
0.7924651375085433
0.7884048902469365
0.7843165057401024
0.780200424180548
0.7760570888383972
0.7718869459903595
0.7676904448486425
0.7634680374897949
0.7592201787839346
0.754947326324276
0.7506499403571429
0.7463284837123211
0.7419834217337197
0.7376152222098762
0.7332243553041268
0.7288112934838239
0.7243765114481775
0.7199204860542442
0.7154436962403342
0.7109466229468322
0.7064297490336918
0.7018935591947265
0.6973385398685168
0.6927651791461141
0.6881739666756916
0.6835653935644521
0.6789399522783053
0.674298136539491
0.6696404412226543
0.6649673622497868
0.6602793964840238
0.6555770416227645
0.650860796090077
0.6461311589285467
0.6413886296904575
0.6366337083285789
0.6318668950862962
0.6270886903876087
0.6222995947268972
0.617500108559001
0.6126907321899911
0.6078719656693276
0.6030443086840126
0.5982082604555423
0.5933643196407401
0.5885129842369132
0.5836547514928723
0.5787901178261866
0.5739195787478892
0.5690436287953533
0.564162761474148
0.5592774692095593
0.5543882433084266
0.5494955739317917
0.5445999500787008
0.5397018595815886
0.5348017891130948
0.5299002242044792
0.5249976492752083
0.5200945476733272
0.5151914017257565
0.5102886927978402
0.5053869013606226
0.5004865070647186
0.49558798881903016
0.49069182487251206
0.4857984928972658
0.48090847007068094
0.47602223315497977
0.4711402585720089
0.46626302247187856
0.46139100079362566
0.456524669317314
0.45166450370654493
0.4468109795417057
0.4419645723444131
0.4371257575947047
0.432295010743187
0.4274728072212247
0.4226596224533032
0.4178559318765314
0.4130622109732333
0.4082789353234884
0.4035065806857469
0.3987456231142714
0.39399653912378374
0.38925980591284876
0.3845359016593898
0.37982530590384594
0.3751285000386459
0.37044596792605217
0.36577819667195466
0.36112567758912445
0.3564889073926419
0.35186838968077516
0.3472646367696002
0.3426781719683591
0.3381095324078384
0.33355927256667645
0.3290279686841732
0.326336760884898
0.32617512372680546
0.32598438273794744
0.3257651289685682
0.3255179298948744
0.325243325774651
0.32494182689080087
0.3246139117446537
0.32426002624237027
0.3238805838975878
0.32347596705382176
0.32304652910833936
0.32259259769662696
0.32211447877178656
0.3216124614857622
0.32108682374915093
0.32053783831249993
0.3199657791757279
0.31937092809368195
0.3187535809071416
0.318114053392715
0.3174526862953044
0.3167698491892928
0.31606594281331996
0.3153413995453059
0.31459668173285926
0.31383227767331445
0.3130486951467961
0.31224645254305716
0.31142606778084436
0.3105880453878608
0.30973286227600183
0.30886095289425336
0.30797269455400206
0.30706839377997336
0.30614827453233273
0.30521246906204
0.3042610120039119
0.3032938380897358
0.30231078360087543
0.3013115914043301
0.3002959191633292
0.29926335011386723
0.2982134056740693
0.29714555911372476
0.29605924955289104
0.29495389566401287
0.29382890860046673
0.29268370383814135
0.29151771177584673
0.2903303870756746
0.28912121682785724
0.28788972769156607
0.28663549219629336
0.28535813439244817
0.2852479589646274
0.2886469528958449
0.2920780297982126
0.2955400537028504
0.2990319832018586
0.30255286005622045
0.306101799315285
0.30967798071175834
0.3132806411402724
0.3169090680623144
0.32056259370686835
0.32424058995798577
0.32794246383784237
0.33166765350769034
0.3354156247208065
0.33918586767107683
0.3429778941885318
0.346791235240136
0.35062543869928353
0.3544800673525395
0.3583546971160479
0.3622489154373929
0.36616231986189274
0.3700945167448618
0.3740451200935527
0.3780137505246103
0.38200003432459384
0.3860036026027166
0.3900240905262406
0.3940611366302193
0.39811438219436845
0.4021834706805834
0.40626804722557086
0.41036775818353866
0.41448225071456224
0.41861117241456786
0.4227541709833374
0.426910893927243
0.4310809882935313
0.4352641004334475
0.4394598757914899
0.44366795871828635
0.44788799230492515
0.4521196182365826
0.4563624766634446
0.46061620608729065
0.4648804432621215
0.46915482310733947
0.4734389786323278
0.4777325408713417
0.4820351388276735
0.48634639942635666
0.4906659474745655
0.49499340562916827
0.4993283943707203
0.5036705319834679
0.508019434540661
0.5123747158947163
0.5167359876717852
0.52110285927003
0.5254749378611772
0.5298518283948248
0.5342331336049558
0.5386184540183411
0.543007387964273
0.5473995315855016
0.5517944788499796
0.5561918215634927
0.560591149383031
0.5649920498311034
0.5693941083110932
0.5737969081241858
0.5782000304879638
0.5826030545573907
0.5870055574484021
0.5914071142647548
0.5958072981285142
0.6002056802144394
0.6046018297888147
0.6089953142528058
0.6133856991903907
0.6177725484211721
0.6221554240576738
0.626533886567246
0.6309074948380959
0.6352758062494018
0.6396383767449492
0.6439947609100565
0.6483445120514044
0.6526871822792842
0.6570223225920886
0.6613494829624804
0.6656682124251383
0.6699780591655458
0.6742785706097033
0.6785692935144322
0.6828497740579952
0.6871195579307264
0.6913781904254301
0.6956252165271922
0.699860181002251
0.704082628485546
0.7082921035666369
0.7124881508733617
0.716670315153128
0.7208381413511095
0.7249911746854647
0.7291289607189617
0.7332510454273374
0.7373569752643274
0.7414462972238356
0.7455185588996974
0.7495733085440787
0.7536100951250838
0.7576284683849165
0.7616279788995176
0.7656081781406278
0.7695686185410591
0.7735088535638555
0.7774284377753392
0.781326926922198
0.7852038780119908
0.789058849396709
0.7928914008582075
0.7967010936949639
0.8004874908088775
0.8042501567915651
0.8079886580090709
0.8117025626847287
0.8153914409794093
0.8190548650691483
0.8226924092198675
0.8263036498592417
0.8298881656457268
0.833445537535033
0.8369753488441337
0.8404771853130277
0.8439506351646441
0.8473952891629122
0.8508107406694939
0.8541965856992052
0.8575524229743927
0.860877853978597
0.8641724830093669
0.8674359172307535
0.8706677667252128
0.8738676445452722
0.8770351667649376
0.8801699525308218
0.8832716241130563
0.8863398069561477
0.8893741297293768
0.8923742243772744
0.8953397261696199
0.8982702737513529
0.901165509192166
0.9040250780357805
0.9068486293490055
0.9096358157704215
0.9123862935587816
0.9150997226410449
0.9177757666601181
0.9204140930222301
0.9230143729439925
0.9255762814990659
0.9280994976645186
0.9305837043668276
0.9330285885275554
0.9354338411086006
0.9377991571572116
0.940124235850493
0.942408780539656
0.9446524987937458
0.9468551024431145
0.9490163076223349
0.9511358348126846
0.9532134088842197
0.9552487591372645
0.9572416193434199
0.9591917277860679
0.961098827300197
0.9629626653117831
0.9647829938764833
0.9665595697177212
0.9682921542642242
0.9699805136867463
0.9716244189344073
0.9732236457701067
0.9747779748054601
0.976287191534964
0.9777510863695456
0.9791694546693736
0.9805420967760976
0.9818688180443328
0.9831494288725119
0.9843837447331528
0.9855715862024229
0.9867127789891706
0.9878071539633805
0.9888545471840138
0.9898547999264784
0.9908077587094419
0.9917132753212867
0.9925712068460614
0.9933814156889538
0.9941437696014279
0.9948581417056434
0.9955244105186335
0.9961424599757274
0.9967121794535279
0.9972334637920768
0.9977062133164653
0.9981303338575157
0.9985057367717917
0.9988323389605194
0.9991100628877404
0.9993388365973528
0.9995185937292124
0.9996492735341446
0.9997308208879336
0.9997631863042499
0.9997463259465037
0.9996802016386768
0.9995647808750718
0.9994000368291331
0.9991859483610793
0.9989225000247592
0.9986096820733704
0.9982474904643559
0.9978359268632911
0.9973749986469593
0.996864718905487
0.9963051064438193
0.9956961857821699
0.9950379871559033
0.9943305465145883
0.9935739055202982
0.9927681115452949
0.991913217668894
0.9910092826737515
0.9900563710412947
0.9890545529466226
0.9880039042524369
0.9869045065024512
0.9857564469138401
0.9845598183689449
0.9833147194061467
0.982021254209786
0.9806795325992658
0.9792896700170771
0.9778517875159288
0.9763660117447921
0.9748324749338971
0.9732513148786157
0.9716226749222224
0.9699467039375248
0.9682235563073152
0.9664533919036323
0.9646363760660014
0.9627726795784106
0.9608624786453797
0.9589059548668721
0.9569032952125307
0.9548546919949019
0.9527603428421535
0.9506204506701491
0.9484352236541441
0.9462048752002409
0.9439296239166837
0.9416096935852526
0.9392453131325796
0.936836716601949
0.9343841431253114
0.9318878368956173
0.9293480471398008
0.9267650280919957
0.9241390389673994
0.9214703439365057
0.9187592120997014
0.9160059174622108
0.9132107389092411
0.9103739601812023
0.9074958698489094
0.904576761288445
0.9016169326558674
0.8986166868611218
0.8955763315413898
0.8924961790334466
0.8893765463451051
0.8862177551252206
0.8830201316327565
0.8797840067042044
0.8765097157196762
0.8731975985675661
0.8698479996077747
0.8664612676333652
0.8630377558309698
0.8595778217397015
0.8560818272087554
0.8525501383538157
0.8489831255119153
0.8453811631954207
0.8417446300446011
0.8380739087788988
0.8343693861471949
0.8306314528766852
0.8268605036206303
0.8230569369047148
0.8192211550722224
0.8153535642278229
0.8114545741799746
0.8075245983821032
0.8035640538721499
0.7995733612109762
0.7955529444191518
0.7915032309124514
0.7874246514360165
0.7833176399969436
0.7791826337957946
0.7750200731564796
0.7708304014549573
0.7666140650464746
0.7623715131914289
0.7581031979797533
0.7538095742537361
0.7494910995292183
0.7451482339149162
0.7407814400299402
0.7363911829190379
0.731977929965587
0.7275421508019285
0.723084317216901
0.7186049030602988
0.7141043841438103
0.7095832381383984
0.7050419444675227
0.7004809841962376
0.6959008399155988
0.691301995622294
0.6866849365932617
0.682050149254986
0.6773981210474398
0.6727293402824558
0.6680442959964403
0.6633434777972852
0.6586273757055575
0.6538964799896934
0.6491512809953652
0.6443922689687684
0.6396199338739887
0.634834765204381
0.6300372517878678
0.6252278815865174
0.6204071414902053
0.6155755171046912
0.6107334925342951
0.60588155015923
0.601020170407709
0.5961498315227568
0.591271009323512
0.5863841769602309
0.5814898046622095
0.5765883594769227
0.5716803049985466
0.5667661010833124
0.5618462035485134
0.5569210638517138
0.5519911287460338
0.547056839906942
0.5421186335257391
0.537176939864073
0.5322321827638307
0.5272847791054434
0.5223351382075462
0.5173836611592638
0.5124307400756684
0.507476757264706
0.5025220842926934
0.49756708093206836
0.4926120939731797
0.4876574558773474
0.48270348324498885
0.4777504750667119
0.4727987107197322
0.46784844766376243
0.4628999187816848
0.4579533292987505
0.4530088531998694
0.44806662904701755
0.443126755076597
0.438189283428636
0.4332542133239015
0.4283214829592364
0.42339095983234404
0.41846242912986265
0.41353557971144467
0.40860998708825386
0.4036850926149728
0.398760177872461
0.396758191820995
0.3964951017332167
0.39620514459175277
